[INFO ] Training: ...earch/ssh/epinion/train0.5_folder_1, Testing:: ...search/ssh/epinion/test0.5_folder_1.
[DEBUG] User amount: 34688, item amount: 93469
[DEBUG] Rate amount: 332412, scales: {1.0}
[DEBUG] User amount: 34688, item amount: 93469
[DEBUG] Rate amount: 268867, scales: {1.0}
[INFO ] WRMF: 0.0,30,0.01,0.01,0.4,600
[INFO ] 1	Whole:0.015262,0.012447,0.008625,0.013919,0.551112,0.007514,0.013404,0.041989,-1
[INFO ] 1	Cold:0.005522,0.004442,0.008579,0.013993,0.521089,0.005456,0.010231,0.017338,-1
[INFO ] 2	Whole:0.022307,0.019566,0.012186,0.020657,0.573710,0.010937,0.019190,0.056482,-1
[INFO ] 2	Cold:0.007279,0.006317,0.011724,0.019580,0.529419,0.006987,0.013477,0.020888,-1
[INFO ] 3	Whole:0.025637,0.022503,0.014098,0.024198,0.581803,0.013098,0.022438,0.064205,-1
[INFO ] 3	Cold:0.008451,0.007328,0.013549,0.023226,0.533532,0.008714,0.016178,0.024488,-1
[INFO ] 4	Whole:0.028049,0.024256,0.015668,0.026478,0.586937,0.014551,0.024651,0.069995,-1
[INFO ] 4	Cold:0.009580,0.008130,0.015397,0.025764,0.536739,0.009752,0.018078,0.027773,-1
[INFO ] 5	Whole:0.029395,0.024852,0.016255,0.027296,0.588496,0.015340,0.025636,0.073122,-1
[INFO ] 5	Cold:0.009943,0.008444,0.015909,0.027073,0.537994,0.010288,0.018962,0.029109,-1
[INFO ] 6	Whole:0.029640,0.025111,0.016337,0.027390,0.589004,0.015814,0.026121,0.075149,-1
[INFO ] 6	Cold:0.009971,0.008409,0.015865,0.026809,0.537890,0.010515,0.019117,0.029678,-1
[INFO ] 7	Whole:0.030068,0.025388,0.016632,0.027609,0.589635,0.016098,0.026505,0.076189,-1
[INFO ] 7	Cold:0.010180,0.008548,0.016150,0.026989,0.538204,0.010805,0.019486,0.030417,-1
[INFO ] 8	Whole:0.030383,0.025644,0.016863,0.027747,0.590020,0.016189,0.026665,0.076674,-1
[INFO ] 8	Cold:0.010166,0.008555,0.016307,0.026859,0.538308,0.010706,0.019409,0.030431,-1
[INFO ] 9	Whole:0.030650,0.025903,0.017109,0.027874,0.590563,0.016301,0.026835,0.077216,-1
[INFO ] 9	Cold:0.010459,0.008632,0.016766,0.026975,0.538622,0.010697,0.019491,0.030616,-1
[INFO ] 10	Whole:0.030818,0.026145,0.017209,0.028197,0.590879,0.016514,0.027083,0.077548,-1
[INFO ] 10	Cold:0.010487,0.008653,0.016794,0.027286,0.538831,0.010850,0.019666,0.030817,-1
[INFO ] 11	Whole:0.030958,0.026289,0.017196,0.028480,0.591474,0.016575,0.027257,0.078153,-1
[INFO ] 11	Cold:0.010361,0.008764,0.016629,0.027615,0.539040,0.010836,0.019732,0.030646,-1
[INFO ] 12	Whole:0.030748,0.026152,0.016931,0.028453,0.591492,0.016248,0.026915,0.077071,-1
[INFO ] 12	Cold:0.010278,0.008757,0.016385,0.027761,0.539110,0.010552,0.019499,0.030050,-1
[INFO ] 13	Whole:0.029486,0.025353,0.015867,0.026965,0.588811,0.015191,0.025395,0.073052,-1
[INFO ] 13	Cold:0.009608,0.008242,0.015210,0.025708,0.537018,0.009443,0.017853,0.027451,-1
[INFO ] 14	Whole:0.004382,0.003228,0.002513,0.003654,0.515273,0.002032,0.003615,0.011757,-1
[INFO ] 14	Cold:0.001604,0.001116,0.002567,0.003684,0.505507,0.001718,0.002871,0.004740,-1


[INFO ] Training: ...earch/ssh/epinion/train0.5_folder_1, Testing:: ...search/ssh/epinion/test0.5_folder_1.
[DEBUG] User amount: 34688, item amount: 93469
[DEBUG] Rate amount: 332412, scales: {1.0}
[DEBUG] User amount: 34688, item amount: 93469
[DEBUG] Rate amount: 268867, scales: {1.0}
[INFO ] WRMF: 0.0,30,0.01,0.01,0.4,600
[INFO ] 1	Whole:0.015262,0.012447,0.008625,0.013919,0.551112,0.007514,0.013404,0.041989,-1
[INFO ] 1	Cold:0.005522,0.004442,0.008579,0.013993,0.521089,0.005456,0.010231,0.017338,-1
[INFO ] 2	Whole:0.022307,0.019566,0.012186,0.020657,0.573710,0.010937,0.019190,0.056482,-1
[INFO ] 2	Cold:0.007279,0.006317,0.011724,0.019580,0.529419,0.006987,0.013477,0.020888,-1
[INFO ] 3	Whole:0.025637,0.022503,0.014098,0.024198,0.581803,0.013098,0.022438,0.064205,-1
[INFO ] 3	Cold:0.008451,0.007328,0.013549,0.023226,0.533532,0.008714,0.016178,0.024488,-1
[INFO ] 4	Whole:0.028049,0.024256,0.015668,0.026478,0.586937,0.014551,0.024651,0.069995,-1
[INFO ] 4	Cold:0.009580,0.008130,0.015397,0.025764,0.536739,0.009752,0.018078,0.027773,-1
[INFO ] 5	Whole:0.029395,0.024852,0.016255,0.027296,0.588496,0.015340,0.025636,0.073122,-1
[INFO ] 5	Cold:0.009943,0.008444,0.015909,0.027073,0.537994,0.010288,0.018962,0.029109,-1
[INFO ] 6	Whole:0.029640,0.025111,0.016337,0.027390,0.589004,0.015814,0.026121,0.075149,-1
[INFO ] 6	Cold:0.009971,0.008409,0.015865,0.026809,0.537890,0.010515,0.019117,0.029678,-1
[INFO ] 7	Whole:0.030068,0.025388,0.016632,0.027609,0.589635,0.016098,0.026505,0.076189,-1
[INFO ] 7	Cold:0.010180,0.008548,0.016150,0.026989,0.538204,0.010805,0.019486,0.030417,-1
[INFO ] 8	Whole:0.030383,0.025644,0.016863,0.027747,0.590020,0.016189,0.026665,0.076674,-1
[INFO ] 8	Cold:0.010166,0.008555,0.016307,0.026859,0.538308,0.010706,0.019409,0.030431,-1
[INFO ] 9	Whole:0.030650,0.025903,0.017109,0.027874,0.590563,0.016301,0.026835,0.077216,-1
[INFO ] 9	Cold:0.010459,0.008632,0.016766,0.026975,0.538622,0.010697,0.019491,0.030616,-1
[INFO ] 10	Whole:0.030818,0.026145,0.017209,0.028197,0.590879,0.016514,0.027083,0.077548,-1
[INFO ] 10	Cold:0.010487,0.008653,0.016794,0.027286,0.538831,0.010850,0.019666,0.030817,-1
[INFO ] 11	Whole:0.030958,0.026289,0.017196,0.028480,0.591474,0.016575,0.027257,0.078153,-1
[INFO ] 11	Cold:0.010361,0.008764,0.016629,0.027615,0.539040,0.010836,0.019732,0.030646,-1
[INFO ] 12	Whole:0.030748,0.026152,0.016931,0.028453,0.591492,0.016248,0.026915,0.077071,-1
[INFO ] 12	Cold:0.010278,0.008757,0.016385,0.027761,0.539110,0.010552,0.019499,0.030050,-1
[INFO ] 13	Whole:0.029486,0.025353,0.015867,0.026965,0.588811,0.015191,0.025395,0.073052,-1
[INFO ] 13	Cold:0.009608,0.008242,0.015210,0.025708,0.537018,0.009443,0.017853,0.027451,-1
[INFO ] 14	Whole:0.004382,0.003228,0.002513,0.003654,0.515273,0.002032,0.003615,0.011757,-1
[INFO ] 14	Cold:0.001604,0.001116,0.002567,0.003684,0.505507,0.001718,0.002871,0.004740,-1
[INFO ] 15	Whole:0.030727,0.026233,0.016342,0.027693,0.591701,0.016092,0.026749,0.077391,-1
[INFO ] 15	Cold:0.009873,0.008472,0.015282,0.026409,0.538064,0.010234,0.018860,0.029672,-1
[INFO ] 16	Whole:0.030979,0.026219,0.016715,0.027789,0.591736,0.016268,0.026869,0.077529,-1
[INFO ] 16	Cold:0.010180,0.008437,0.016018,0.026163,0.537820,0.010570,0.019039,0.029885,-1



