[INFO ] Training: ...research/ssh/yelp/train0.5_folder_1, Testing:: .../research/ssh/yelp/test0.5_folder_1.
[DEBUG] User amount: 16477, item amount: 13179
[DEBUG] Rate amount: 122555, scales: {1.0}
[DEBUG] User amount: 16477, item amount: 13179
[DEBUG] Rate amount: 117731, scales: {1.0}
[INFO ] WRMF: 0.0,30,0.05,0.05,0.4,600
[INFO ] 1	Whole:0.014729,0.012596,0.010546,0.017688,0.551126,0.008117,0.015018,0.038616,-1
[INFO ] 1	Cold:0.007100,0.005724,0.010581,0.017092,0.527216,0.006412,0.012558,0.020895,-1
[INFO ] 2	Whole:0.019382,0.017149,0.013736,0.023747,0.565706,0.011365,0.020162,0.051240,-1
[INFO ] 2	Cold:0.008862,0.007495,0.013439,0.022690,0.535692,0.008360,0.016346,0.026304,-1
[INFO ] 3	Whole:0.022380,0.019705,0.016186,0.027996,0.574238,0.013296,0.023534,0.058735,-1
[INFO ] 3	Cold:0.010476,0.009173,0.016156,0.027909,0.542839,0.009820,0.019528,0.030597,-1
[INFO ] 4	Whole:0.023773,0.020856,0.017066,0.029465,0.578054,0.014145,0.025000,0.062697,-1
[INFO ] 4	Cold:0.011008,0.009458,0.016961,0.028840,0.544535,0.010270,0.020398,0.032437,-1
[INFO ] 5	Whole:0.025104,0.021565,0.018226,0.030460,0.580069,0.014753,0.025924,0.065194,-1
[INFO ] 5	Cold:0.011650,0.009669,0.018158,0.029673,0.545452,0.010670,0.021047,0.033443,-1
[INFO ] 6	Whole:0.025627,0.021982,0.018079,0.030857,0.580905,0.014976,0.026206,0.065948,-1
[INFO ] 6	Cold:0.011632,0.009650,0.017648,0.029741,0.545040,0.010639,0.020994,0.033253,-1
[INFO ] 7	Whole:0.025726,0.022529,0.018181,0.031660,0.582241,0.015339,0.026794,0.067121,-1
[INFO ] 7	Cold:0.011614,0.009788,0.017771,0.030285,0.545955,0.010806,0.021306,0.033674,-1
[INFO ] 8	Whole:0.025863,0.022759,0.018612,0.031497,0.582953,0.015509,0.026986,0.068056,-1
[INFO ] 8	Cold:0.011834,0.009797,0.018413,0.029947,0.545635,0.010923,0.021361,0.033894,-1
[INFO ] 9	Whole:0.026062,0.022853,0.018724,0.031626,0.582956,0.015714,0.027228,0.068614,-1
[INFO ] 9	Cold:0.011926,0.009843,0.018323,0.030204,0.545636,0.011163,0.021664,0.034416,-1
[INFO ] 10	Whole:0.026162,0.023076,0.018550,0.031991,0.583730,0.015830,0.027431,0.068840,-1
[INFO ] 10	Cold:0.011815,0.009834,0.018118,0.030273,0.545361,0.011201,0.021699,0.034401,-1
[INFO ] 11	Whole:0.026174,0.023170,0.018449,0.031921,0.583853,0.015897,0.027464,0.068542,-1
[INFO ] 11	Cold:0.011815,0.009871,0.017974,0.030274,0.545590,0.011319,0.021816,0.034646,-1
[INFO ] 12	Whole:0.025925,0.023251,0.018130,0.031840,0.583946,0.015856,0.027438,0.068397,-1
[INFO ] 12	Cold:0.011540,0.009861,0.017671,0.030163,0.545681,0.011314,0.021796,0.034710,-1
[INFO ] 13	Whole:0.026037,0.023220,0.018289,0.031944,0.583791,0.015856,0.027459,0.068314,-1
[INFO ] 13	Cold:0.011779,0.009962,0.017995,0.030544,0.546002,0.011424,0.022003,0.034906,-1
[INFO ] 14	Whole:0.025801,0.023020,0.018228,0.031672,0.583357,0.015710,0.027274,0.068088,-1
[INFO ] 14	Cold:0.011797,0.009889,0.017991,0.030251,0.545727,0.011364,0.021898,0.034997,-1
[INFO ] 15	Whole:0.026025,0.022971,0.018462,0.031864,0.583110,0.015709,0.027289,0.068007,-1
[INFO ] 15	Cold:0.011907,0.009926,0.018145,0.030548,0.546185,0.011312,0.021930,0.034975,-1
[INFO ] 16	Whole:0.026075,0.022940,0.018393,0.031894,0.582739,0.015726,0.027289,0.068033,-1
[INFO ] 16	Cold:0.011815,0.009962,0.017894,0.030676,0.546322,0.011314,0.021976,0.035077,-1
[INFO ] 17	Whole:0.026012,0.023170,0.018320,0.032333,0.583638,0.015720,0.027456,0.068006,-1
[INFO ] 17	Cold:0.011724,0.010054,0.017746,0.031058,0.546689,0.011299,0.022069,0.035124,-1
[INFO ] 18	Whole:0.026112,0.023182,0.018501,0.032212,0.583390,0.015737,0.027424,0.067929,-1
[INFO ] 18	Cold:0.011742,0.010091,0.017977,0.031102,0.546826,0.011258,0.022036,0.034888,-1
[INFO ] 19	Whole:0.026137,0.023176,0.018515,0.032179,0.583423,0.015852,0.027540,0.068352,-1
[INFO ] 19	Cold:0.011815,0.010100,0.017989,0.031025,0.546826,0.011385,0.022159,0.035141,-1
[INFO ] 20	Whole:0.025963,0.023251,0.018600,0.032386,0.583733,0.015805,0.027537,0.068364,-1
[INFO ] 20	Cold:0.011834,0.010091,0.018269,0.031209,0.546781,0.011395,0.022203,0.035120,-1
[INFO ] 21	Whole:0.026087,0.023176,0.018671,0.032379,0.583701,0.015686,0.027418,0.067936,-1
[INFO ] 21	Cold:0.011779,0.010072,0.018209,0.031357,0.546689,0.011334,0.022154,0.034890,-1
[INFO ] 22	Whole:0.025863,0.023064,0.018548,0.032275,0.583360,0.015521,0.027188,0.067315,-1
[INFO ] 22	Cold:0.011742,0.010008,0.018228,0.031167,0.546322,0.011166,0.021910,0.034357,-1
[INFO ] 23	Whole:0.026174,0.023076,0.018992,0.032362,0.583051,0.015595,0.027265,0.067322,-1
[INFO ] 23	Cold:0.011834,0.010036,0.018637,0.031320,0.546323,0.011180,0.021952,0.034274,-1
[INFO ] 24	Whole:0.026448,0.023058,0.019291,0.032366,0.583207,0.015610,0.027288,0.067255,-1
[INFO ] 24	Cold:0.012072,0.010036,0.018874,0.031278,0.546414,0.011148,0.021906,0.034110,-1
[INFO ] 25	Whole:0.026709,0.023182,0.019331,0.032366,0.583609,0.015741,0.027415,0.067704,-1
[INFO ] 25	Cold:0.011962,0.010118,0.018690,0.031302,0.546735,0.011233,0.022021,0.034303,-1
[INFO ] 26	Whole:0.026597,0.023275,0.019381,0.032641,0.583640,0.015832,0.027551,0.067805,-1
[INFO ] 26	Cold:0.012036,0.010137,0.018859,0.031545,0.546781,0.011336,0.022166,0.034439,-1
[INFO ] 27	Whole:0.026609,0.023095,0.019352,0.032226,0.583236,0.015672,0.027295,0.067456,-1
[INFO ] 27	Cold:0.011981,0.010063,0.018817,0.031113,0.546643,0.011159,0.021913,0.034177,-1
[INFO ] 28	Whole:0.026634,0.023045,0.019336,0.032307,0.583051,0.015740,0.027351,0.067563,-1
[INFO ] 28	Cold:0.012109,0.010017,0.018886,0.031236,0.546415,0.011264,0.022009,0.034398,-1
[INFO ] 29	Whole:0.026634,0.022989,0.019265,0.032208,0.582834,0.015713,0.027307,0.067557,-1
[INFO ] 29	Cold:0.012109,0.009972,0.018841,0.031053,0.546323,0.011226,0.021942,0.034433,-1
[INFO ] 30	Whole:0.026348,0.023089,0.019010,0.032348,0.583144,0.015690,0.027321,0.067366,-1
[INFO ] 30	Cold:0.011944,0.010008,0.018576,0.031216,0.546460,0.011194,0.021953,0.034368,-1
[INFO ] 31	Whole:0.026435,0.023170,0.019185,0.032337,0.583484,0.015753,0.027414,0.067787,-1
[INFO ] 31	Cold:0.012072,0.010027,0.018811,0.031135,0.546598,0.011258,0.022027,0.034638,-1
[INFO ] 32	Whole:0.026522,0.023120,0.019292,0.032271,0.583421,0.015781,0.027430,0.068009,-1
[INFO ] 32	Cold:0.012182,0.009962,0.018937,0.030985,0.546369,0.011253,0.021980,0.034685,-1
[INFO ] 33	Whole:0.026311,0.023151,0.019113,0.032304,0.583700,0.015806,0.027458,0.068151,-1
[INFO ] 33	Cold:0.012036,0.009981,0.018803,0.031080,0.546644,0.011273,0.022037,0.034835,-1
[INFO ] 34	Whole:0.026547,0.023288,0.019335,0.032546,0.584290,0.015838,0.027571,0.068252,-1
[INFO ] 34	Cold:0.012036,0.010054,0.018905,0.031275,0.547010,0.011269,0.022093,0.034830,-1
[INFO ] 35	Whole:0.026435,0.023356,0.019309,0.032559,0.584444,0.015843,0.027559,0.068227,-1
[INFO ] 35	Cold:0.012017,0.010100,0.018928,0.031351,0.547193,0.011267,0.022112,0.034740,-1
[INFO ] 36	Whole:0.026336,0.023269,0.019139,0.032488,0.584165,0.015862,0.027543,0.068363,-1
[INFO ] 36	Cold:0.011852,0.010063,0.018636,0.031328,0.547010,0.011277,0.022100,0.034768,-1
[INFO ] 37	Whole:0.026361,0.023275,0.019214,0.032527,0.584103,0.015884,0.027565,0.068526,-1
[INFO ] 37	Cold:0.011944,0.010091,0.018758,0.031470,0.547239,0.011292,0.022157,0.034834,-1
[INFO ] 38	Whole:0.026410,0.023213,0.019249,0.032332,0.583669,0.015855,0.027470,0.068353,-1
[INFO ] 38	Cold:0.011981,0.010054,0.018799,0.031252,0.547010,0.011268,0.022077,0.034746,-1
[INFO ] 39	Whole:0.026386,0.023145,0.019146,0.032278,0.583577,0.015816,0.027425,0.068310,-1
[INFO ] 39	Cold:0.011926,0.010045,0.018684,0.031145,0.546964,0.011235,0.022027,0.034658,-1
[INFO ] 40	Whole:0.026386,0.023195,0.019125,0.032298,0.583855,0.015807,0.027425,0.068269,-1
[INFO ] 40	Cold:0.011944,0.010063,0.018677,0.031135,0.547010,0.011233,0.022031,0.034662,-1
[INFO ] 41	Whole:0.026473,0.023188,0.019086,0.032257,0.583917,0.015815,0.027427,0.068383,-1
[INFO ] 41	Cold:0.011962,0.010017,0.018639,0.030995,0.546781,0.011230,0.021982,0.034644,-1
[INFO ] 42	Whole:0.026448,0.023108,0.019045,0.032116,0.583545,0.015798,0.027352,0.068291,-1
[INFO ] 42	Cold:0.011926,0.009944,0.018537,0.030822,0.546415,0.011229,0.021928,0.034682,-1
[INFO ] 43	Whole:0.026510,0.023045,0.019119,0.032070,0.583358,0.015837,0.027369,0.068500,-1
[INFO ] 43	Cold:0.011962,0.009926,0.018574,0.030846,0.546323,0.011293,0.021987,0.034828,-1
[INFO ] 44	Whole:0.026535,0.023052,0.019144,0.032042,0.583420,0.015804,0.027328,0.068358,-1
[INFO ] 44	Cold:0.011962,0.009917,0.018608,0.030812,0.546278,0.011259,0.021938,0.034695,-1
[INFO ] 45	Whole:0.026547,0.023101,0.019139,0.032120,0.583513,0.015806,0.027353,0.068300,-1
[INFO ] 45	Cold:0.011999,0.009917,0.018662,0.030842,0.546186,0.011252,0.021929,0.034627,-1
[INFO ] 46	Whole:0.026448,0.023108,0.019059,0.032130,0.583482,0.015798,0.027353,0.068291,-1
[INFO ] 46	Cold:0.011981,0.009935,0.018582,0.030846,0.546277,0.011240,0.021926,0.034610,-1
[INFO ] 47	Whole:0.026485,0.023083,0.019108,0.032111,0.583358,0.015788,0.027327,0.068295,-1
[INFO ] 47	Cold:0.011999,0.009935,0.018654,0.030904,0.546278,0.011219,0.021912,0.034535,-1

[INFO ] Training: ...research/ssh/yelp/train0.5_folder_1, Testing:: .../research/ssh/yelp/test0.5_folder_1.
[DEBUG] User amount: 16477, item amount: 13179
[DEBUG] Rate amount: 122555, scales: {1.0}
[DEBUG] User amount: 16477, item amount: 13179
[DEBUG] Rate amount: 117731, scales: {1.0}
[INFO ] WRMF: 0.0,30,0.01,0.01,0.4,600
[INFO ] 1	Whole:0.014381,0.012322,0.010102,0.016727,0.549479,0.008189,0.014520,0.038846,-1
[INFO ] 1	Cold:0.006366,0.005201,0.009920,0.016173,0.525201,0.006095,0.011792,0.019241,-1
[INFO ] 2	Whole:0.019407,0.017099,0.013904,0.023896,0.566261,0.011425,0.020162,0.050163,-1
[INFO ] 2	Cold:0.008641,0.007504,0.013808,0.023185,0.535601,0.008559,0.016581,0.025904,-1
[INFO ] 3	Whole:0.022678,0.019550,0.016521,0.027621,0.574204,0.013570,0.023558,0.058672,-1
[INFO ] 3	Cold:0.010513,0.008522,0.016197,0.026453,0.539680,0.010056,0.019165,0.030399,-1
[INFO ] 4	Whole:0.024047,0.020800,0.017458,0.029498,0.578239,0.014475,0.025143,0.062456,-1
[INFO ] 4	Cold:0.010990,0.009375,0.016957,0.028815,0.543619,0.010633,0.020564,0.032433,-1
[INFO ] 5	Whole:0.025216,0.021714,0.018497,0.030756,0.580812,0.015251,0.026316,0.065624,-1
[INFO ] 5	Cold:0.011669,0.009880,0.018219,0.030212,0.546001,0.011172,0.021634,0.034188,-1
[INFO ] 6	Whole:0.025987,0.022255,0.019251,0.032054,0.582304,0.015864,0.027362,0.067887,-1
[INFO ] 6	Cold:0.012274,0.010238,0.019252,0.031790,0.547239,0.011806,0.022703,0.035931,-1
[INFO ] 7	Whole:0.026099,0.022834,0.019049,0.033062,0.583979,0.016150,0.027973,0.068615,-1
[INFO ] 7	Cold:0.012274,0.010504,0.018919,0.032815,0.548339,0.012079,0.023296,0.036706,-1
[INFO ] 8	Whole:0.026274,0.023145,0.019261,0.033138,0.584040,0.016311,0.028071,0.068800,-1
[INFO ] 8	Cold:0.012311,0.010357,0.019151,0.032587,0.547835,0.012218,0.023308,0.036889,-1
[INFO ] 9	Whole:0.026286,0.023145,0.019374,0.033223,0.584444,0.016361,0.028182,0.069054,-1
[INFO ] 9	Cold:0.012403,0.010403,0.019405,0.032783,0.548202,0.012310,0.023480,0.037232,-1
[INFO ] 10	Whole:0.026560,0.023201,0.019619,0.033293,0.584631,0.016485,0.028327,0.069261,-1
[INFO ] 10	Cold:0.012439,0.010348,0.019570,0.032701,0.547836,0.012449,0.023560,0.037297,-1
[INFO ] 11	Whole:0.026597,0.023132,0.019603,0.033099,0.584444,0.016343,0.028114,0.068958,-1
[INFO ] 11	Cold:0.012458,0.010293,0.019673,0.032621,0.547836,0.012249,0.023339,0.036820,-1
[INFO ] 12	Whole:0.026647,0.023282,0.019674,0.033233,0.584475,0.016368,0.028130,0.068717,-1
[INFO ] 12	Cold:0.012513,0.010339,0.019765,0.032795,0.547927,0.012266,0.023394,0.036739,-1
[INFO ] 13	Whole:0.026572,0.023344,0.019671,0.033568,0.584848,0.016310,0.028177,0.068394,-1
[INFO ] 13	Cold:0.012439,0.010375,0.019710,0.033009,0.547973,0.012216,0.023382,0.036515,-1
[INFO ] 14	Whole:0.026460,0.023083,0.019273,0.033033,0.583917,0.016094,0.027798,0.067706,-1
[INFO ] 14	Cold:0.012237,0.010238,0.019288,0.032396,0.547240,0.011960,0.022961,0.035783,-1
[INFO ] 15	Whole:0.026746,0.023002,0.019634,0.032932,0.583112,0.016076,0.027711,0.067362,-1
[INFO ] 15	Cold:0.012421,0.010128,0.019771,0.032243,0.546599,0.011934,0.022853,0.035616,-1
[INFO ] 16	Whole:0.026323,0.023045,0.019237,0.032887,0.583359,0.016062,0.027699,0.067425,-1
[INFO ] 16	Cold:0.011981,0.010091,0.019250,0.032072,0.546782,0.011850,0.022740,0.035552,-1
[INFO ] 17	Whole:0.026323,0.022977,0.019257,0.032917,0.583203,0.015978,0.027637,0.067347,-1
[INFO ] 17	Cold:0.012017,0.010118,0.019217,0.032204,0.547056,0.011751,0.022675,0.035368,-1
[INFO ] 18	Whole:0.026286,0.023070,0.019403,0.032981,0.583201,0.016003,0.027664,0.067074,-1
[INFO ] 18	Cold:0.012146,0.010082,0.019449,0.032105,0.546690,0.011787,0.022657,0.035262,-1
[INFO ] 19	Whole:0.026274,0.023052,0.019205,0.032944,0.583294,0.015991,0.027643,0.067040,-1
[INFO ] 19	Cold:0.012127,0.010017,0.019263,0.031957,0.546599,0.011778,0.022612,0.035330,-1
[INFO ] 20	Whole:0.026261,0.022971,0.019096,0.032599,0.583046,0.015871,0.027424,0.066699,-1
[INFO ] 20	Cold:0.011870,0.009972,0.018989,0.031662,0.546461,0.011607,0.022373,0.034794,-1
[INFO ] 21	Whole:0.026124,0.022859,0.019047,0.032471,0.582488,0.015824,0.027331,0.066587,-1
[INFO ] 21	Cold:0.011889,0.009990,0.018882,0.031696,0.546552,0.011528,0.022326,0.034744,-1
[INFO ] 22	Whole:0.026012,0.022797,0.018848,0.032131,0.582271,0.015802,0.027221,0.066295,-1
[INFO ] 22	Cold:0.011687,0.009926,0.018638,0.031220,0.546140,0.011532,0.022196,0.034638,-1
[INFO ] 23	Whole:0.026199,0.022753,0.018927,0.031944,0.582053,0.015697,0.027103,0.066306,-1
[INFO ] 23	Cold:0.011834,0.009898,0.018727,0.030931,0.545911,0.011403,0.022041,0.034611,-1
[INFO ] 24	Whole:0.026572,0.022871,0.019082,0.031996,0.582208,0.015701,0.027139,0.066670,-1
[INFO ] 24	Cold:0.012219,0.009898,0.018933,0.030868,0.545957,0.011316,0.021970,0.034574,-1
[INFO ] 25	Whole:0.026796,0.022877,0.019322,0.031861,0.581992,0.015706,0.027113,0.066805,-1
[INFO ] 25	Cold:0.012274,0.009917,0.019072,0.030780,0.545865,0.011265,0.021924,0.034521,-1
[INFO ] 26	Whole:0.026734,0.022803,0.019350,0.031739,0.581620,0.015661,0.027038,0.066738,-1
[INFO ] 26	Cold:0.012256,0.009889,0.019040,0.030726,0.545774,0.011219,0.021861,0.034437,-1
[INFO ] 27	Whole:0.026659,0.022909,0.019213,0.031827,0.582117,0.015720,0.027156,0.067239,-1
[INFO ] 27	Cold:0.012274,0.009926,0.018886,0.030739,0.546049,0.011241,0.021926,0.034710,-1
[INFO ] 28	Whole:0.026697,0.022915,0.019247,0.031867,0.582179,0.015661,0.027090,0.067024,-1
[INFO ] 28	Cold:0.012237,0.009953,0.018938,0.030789,0.546232,0.011161,0.021860,0.034493,-1
[INFO ] 29	Whole:0.026672,0.022971,0.019298,0.032084,0.582613,0.015787,0.027291,0.067497,-1
[INFO ] 29	Cold:0.012311,0.010008,0.018999,0.030959,0.546461,0.011269,0.022018,0.034756,-1