Training: ...ranking/data/yelp/train0.2_folder_1, Testing:: .../ranking/data/yelp/test0.2_folder_1.
WRMF: 0.0,30,0.05,0.05,2.0,30
1	Whole:0.007762,0.006579,0.010369,0.018009,0.528748,0.007207,0.012452,0.022438,-1
1	Cold:0.003548,0.003092,0.010407,0.017861,0.514857,0.006686,0.010575,0.011150,-1
2	Whole:0.012461,0.010816,0.016929,0.029245,0.546307,0.011363,0.020104,0.034678,-1
2	Cold:0.005001,0.004224,0.014346,0.024678,0.520766,0.009340,0.014742,0.015803,-1
3	Whole:0.015326,0.013249,0.022005,0.037081,0.555805,0.014415,0.025293,0.042084,-1
3	Cold:0.006589,0.005710,0.019223,0.034220,0.527857,0.012212,0.019706,0.020646,-1
4	Whole:0.016751,0.014114,0.023765,0.039325,0.559288,0.015578,0.027085,0.045291,-1
4	Cold:0.007197,0.005896,0.021321,0.035121,0.528618,0.012999,0.020617,0.021461,-1
5	Whole:0.017070,0.014546,0.025064,0.040629,0.560348,0.016220,0.028019,0.047285,-1
5	Cold:0.007603,0.005981,0.023123,0.036473,0.529041,0.013192,0.021021,0.021238,-1
6	Whole:0.017934,0.014606,0.025672,0.040846,0.560953,0.016523,0.028379,0.048270,-1
6	Cold:0.007603,0.005964,0.023151,0.036583,0.528956,0.013560,0.021317,0.021664,-1
7	Whole:0.018176,0.014962,0.025305,0.042070,0.561862,0.016708,0.028893,0.049097,-1
7	Cold:0.007535,0.006015,0.022847,0.037140,0.529040,0.013399,0.021283,0.021426,-1
8	Whole:0.018434,0.015220,0.025868,0.042848,0.562543,0.016922,0.029296,0.049677,-1
8	Cold:0.007467,0.006099,0.023405,0.038084,0.529546,0.013551,0.021568,0.021464,-1
9	Whole:0.018449,0.015395,0.025713,0.043303,0.563073,0.016902,0.029394,0.049668,-1
9	Cold:0.007231,0.006234,0.022490,0.038971,0.530221,0.013273,0.021565,0.021077,-1
10	Whole:0.018116,0.015569,0.025273,0.043644,0.563526,0.017026,0.029605,0.049787,-1
10	Cold:0.007163,0.006234,0.021960,0.039238,0.530221,0.013534,0.021809,0.021403,-1
11	Whole:0.018222,0.015478,0.025518,0.043134,0.563261,0.016915,0.029408,0.049855,-1
11	Cold:0.007366,0.006150,0.022735,0.038534,0.529800,0.013351,0.021522,0.021224,-1
12	Whole:0.018176,0.015417,0.025459,0.042855,0.563185,0.016817,0.029270,0.049786,-1
12	Cold:0.007467,0.006133,0.023115,0.038041,0.529800,0.013112,0.021252,0.020979,-1
13	Whole:0.018237,0.015470,0.025535,0.043408,0.563753,0.016863,0.029462,0.049864,-1
13	Cold:0.007569,0.006352,0.023453,0.039351,0.530812,0.013380,0.021801,0.021369,-1
14	Whole:0.018116,0.015410,0.025388,0.042969,0.563640,0.016750,0.029320,0.049969,-1
14	Cold:0.007636,0.006352,0.023622,0.039511,0.530812,0.013478,0.021904,0.021449,-1
15	Whole:0.018101,0.015440,0.025245,0.043237,0.564056,0.016889,0.029504,0.050305,-1
15	Cold:0.007535,0.006319,0.023025,0.039430,0.530812,0.013526,0.021918,0.021533,-1
16	Whole:0.018389,0.015463,0.025652,0.043165,0.563943,0.017035,0.029640,0.050619,-1
16	Cold:0.007772,0.006217,0.023729,0.038683,0.530222,0.013622,0.021835,0.021673,-1
17	Whole:0.018328,0.015463,0.025978,0.043291,0.563829,0.017140,0.029733,0.050557,-1
17	Cold:0.007941,0.006352,0.024461,0.039449,0.530728,0.013717,0.022098,0.021755,-1
18	Whole:0.018404,0.015508,0.026245,0.043301,0.563904,0.017191,0.029783,0.050716,-1
18	Cold:0.008042,0.006302,0.024742,0.039111,0.530475,0.013728,0.022028,0.021747,-1
19	Whole:0.018449,0.015455,0.026345,0.043100,0.563867,0.017180,0.029717,0.050678,-1
19	Cold:0.007974,0.006251,0.024517,0.039055,0.530306,0.013776,0.022040,0.021793,-1



20	Whole:0.018510,0.015341,0.026113,0.042742,0.563300,0.017239,0.029655,0.050748,-1
20	Cold:0.008042,0.006251,0.024658,0.038942,0.530306,0.013864,0.022091,0.021916,-1
21	Whole:0.018434,0.015251,0.025846,0.042516,0.563073,0.017196,0.029532,0.050520,-1
21	Cold:0.007974,0.006200,0.024320,0.038534,0.530053,0.013881,0.022001,0.021909,-1
22	Whole:0.018328,0.015190,0.025731,0.042304,0.562846,0.017200,0.029472,0.050554,-1
22	Cold:0.007839,0.006183,0.024010,0.038281,0.529969,0.013878,0.021939,0.021912,-1
23	Whole:0.018404,0.015144,0.025702,0.042036,0.562657,0.017168,0.029389,0.050495,-1
23	Cold:0.007772,0.006116,0.023715,0.037571,0.529462,0.013787,0.021715,0.021826,-1
24	Whole:0.018419,0.015061,0.025704,0.041877,0.562392,0.017121,0.029296,0.050428,-1
24	Cold:0.007839,0.006150,0.023968,0.037909,0.529631,0.013746,0.021766,0.021824,-1
25	Whole:0.018449,0.015061,0.025922,0.041747,0.562430,0.017129,0.029290,0.050470,-1
25	Cold:0.007839,0.006133,0.024179,0.037430,0.529462,0.013797,0.021724,0.021897,-1
26	Whole:0.018419,0.015023,0.026001,0.041591,0.562278,0.017144,0.029257,0.050442,-1
26	Cold:0.007772,0.006133,0.024165,0.037430,0.529547,0.013781,0.021713,0.021903,-1
27	Whole:0.018404,0.014978,0.025848,0.041681,0.562241,0.017168,0.029289,0.050457,-1
27	Cold:0.007670,0.006183,0.023771,0.037782,0.529800,0.013852,0.021850,0.021979,-1
28	Whole:0.018510,0.015023,0.026005,0.042000,0.562392,0.017178,0.029387,0.050547,-1
28	Cold:0.007704,0.006285,0.023805,0.038106,0.530306,0.013814,0.021932,0.021997,-1
29	Whole:0.018389,0.015076,0.025920,0.042137,0.562543,0.017201,0.029451,0.050591,-1
29	Cold:0.007704,0.006302,0.023762,0.038402,0.530390,0.013868,0.022037,0.022099,-1
30	Whole:0.018389,0.015091,0.025949,0.042313,0.562657,0.017247,0.029536,0.050641,-1
30	Cold:0.007805,0.006336,0.024157,0.038655,0.530559,0.013922,0.022152,0.022235,-1
0.018389,0.015091,0.025949,0.042313,0.562657,0.017247,0.029536,0.050641,-1
