[INFO ] Training: ...earch/ssh/epinion/train0.2_folder_1, Testing:: ...search/ssh/epinion/test0.2_folder_1.
[DEBUG] User amount: 38451, item amount: 123271
[DEBUG] Rate amount: 531860, scales: {1.0}
[DEBUG] User amount: 38451, item amount: 123271
[DEBUG] Rate amount: 113693, scales: {1.0}
[INFO ] WRMF: 0.0,30,0.01,0.01,0.4,600
[INFO ] 1	Whole:0.008374,0.007000,0.009064,0.014763,0.530584,0.006647,0.011815,0.024598,-1
[INFO ] 1	Cold:0.002357,0.002006,0.007549,0.012939,0.509821,0.004938,0.007512,0.007433,-1
[INFO ] 2	Whole:0.015361,0.013200,0.016585,0.028161,0.554138,0.011596,0.021219,0.041434,-1
[INFO ] 2	Cold:0.004490,0.003662,0.014686,0.024212,0.517958,0.008285,0.013242,0.012504,-1
[INFO ] 3	Whole:0.018445,0.015468,0.020011,0.033527,0.562133,0.014396,0.025645,0.049640,-1
[INFO ] 3	Cold:0.005388,0.004560,0.017511,0.030093,0.522167,0.011054,0.017047,0.016564,-1
[INFO ] 4	Whole:0.019339,0.016263,0.021387,0.035076,0.564880,0.015378,0.027111,0.052810,-1
[INFO ] 4	Cold:0.005837,0.004827,0.019040,0.031819,0.523571,0.011805,0.018154,0.017743,-1
[INFO ] 5	Whole:0.019626,0.016345,0.021338,0.035184,0.565105,0.015574,0.027322,0.053641,-1
[INFO ] 5	Cold:0.005949,0.004757,0.018570,0.031298,0.523220,0.011901,0.018175,0.018264,-1
[INFO ] 6	Whole:0.019757,0.016436,0.021573,0.035101,0.565208,0.015652,0.027430,0.054050,-1
[INFO ] 6	Cold:0.006061,0.004897,0.019361,0.032265,0.523991,0.012014,0.018555,0.018666,-1
[INFO ] 7	Whole:0.019913,0.016628,0.022098,0.035940,0.565720,0.015839,0.027799,0.054264,-1
[INFO ] 7	Cold:0.006426,0.005065,0.021021,0.033917,0.524833,0.012290,0.019164,0.019004,-1
[INFO ] 8	Whole:0.019938,0.016764,0.022024,0.036083,0.566253,0.015793,0.027831,0.054290,-1
[INFO ] 8	Cold:0.006342,0.005135,0.020647,0.034127,0.525114,0.012504,0.019393,0.019237,-1
[INFO ] 9	Whole:0.019954,0.016825,0.021964,0.036649,0.566356,0.015792,0.027948,0.054098,-1
[INFO ] 9	Cold:0.006286,0.005276,0.020509,0.035355,0.525815,0.012673,0.019793,0.019446,-1
[INFO ] 10	Whole:0.020176,0.016883,0.022096,0.036755,0.566663,0.015729,0.027927,0.053939,-1
[INFO ] 10	Cold:0.006174,0.005276,0.020076,0.035215,0.525885,0.012574,0.019684,0.019226,-1