[INFO ] 299	Whole:0.143059,0.122946,0.059776,0.100491,0.743238,0.092515,0.097062,0.271413,-1
[INFO ] 299	Cold:0.039628,0.032353,0.068148,0.118599,0.626653,0.046366,0.079625,0.107108,-1
[INFO ] 304	Whole:0.142918,0.123654,0.060696,0.099208,0.744279,0.092935,0.096910,0.272430,-1
[INFO ] 304	Cold:0.040867,0.032198,0.071246,0.116424,0.626649,0.046537,0.079050,0.105763,-1
[INFO ] 309	Whole:0.143059,0.123867,0.059410,0.100561,0.744284,0.093003,0.097486,0.274763,-1
[INFO ] 309	Cold:0.040248,0.032817,0.068961,0.120357,0.628966,0.046830,0.080590,0.108717,-1
[INFO ] 314	Whole:0.140368,0.123796,0.056716,0.098018,0.743208,0.091592,0.095531,0.271108,-1
[INFO ] 314	Cold:0.038080,0.032043,0.063919,0.115107,0.624331,0.044922,0.077206,0.102766,-1
[INFO ] 319	Whole:0.141643,0.123654,0.058853,0.099465,0.743218,0.092009,0.096290,0.271804,-1
[INFO ] 319	Cold:0.040248,0.032043,0.068731,0.117130,0.624340,0.045344,0.078152,0.103975,-1
[INFO ] 324	Whole:0.142068,0.123017,0.059608,0.099063,0.742505,0.091865,0.096287,0.271088,-1
[INFO ] 324	Cold:0.040248,0.032043,0.069825,0.116378,0.625112,0.045618,0.078090,0.103057,-1
[INFO ] 329	Whole:0.142635,0.122734,0.058220,0.098029,0.742880,0.091327,0.095640,0.266809,-1
[INFO ] 329	Cold:0.039319,0.032353,0.066486,0.115024,0.625108,0.045947,0.078472,0.105508,-1
[INFO ] 334	Whole:0.142635,0.124929,0.060233,0.099810,0.744991,0.093043,0.097189,0.274346,-1
[INFO ] 334	Cold:0.041176,0.032663,0.071121,0.116811,0.628191,0.046450,0.079242,0.105982,-1
[INFO ] 339	Whole:0.141926,0.124363,0.057895,0.100546,0.745321,0.093108,0.097433,0.272708,-1
[INFO ] 339	Cold:0.039938,0.032663,0.067196,0.117674,0.627423,0.046779,0.079786,0.107209,-1
[INFO ] 344	Whole:0.141785,0.125496,0.058362,0.102753,0.746758,0.093162,0.098275,0.272891,-1
[INFO ] 344	Cold:0.039319,0.033591,0.066090,0.121415,0.630507,0.046524,0.080369,0.105208,-1
[INFO ] 349	Whole:0.142635,0.124929,0.057905,0.101074,0.746750,0.092928,0.097589,0.275362,-1
[INFO ] 349	Cold:0.039628,0.032972,0.065690,0.120589,0.629737,0.045759,0.079676,0.106104,-1
[INFO ] 354	Whole:0.143059,0.124858,0.058666,0.101353,0.746051,0.092471,0.097436,0.272934,-1
[INFO ] 354	Cold:0.039009,0.032972,0.067149,0.119557,0.629735,0.045456,0.079229,0.105534,-1
[INFO ] 359	Whole:0.144476,0.125921,0.058591,0.101055,0.746734,0.093849,0.097559,0.273305,-1
[INFO ] 359	Cold:0.039628,0.032817,0.065804,0.118977,0.628196,0.046234,0.079646,0.106088,-1
[INFO ] 364	Whole:0.143343,0.124504,0.061788,0.100170,0.746733,0.093409,0.097475,0.273782,-1
[INFO ] 364	Cold:0.041486,0.032972,0.073767,0.119493,0.629739,0.047315,0.080895,0.108838,-1
[INFO ] 369	Whole:0.144051,0.125425,0.059972,0.100330,0.744993,0.093416,0.097442,0.269769,-1
[INFO ] 369	Cold:0.041796,0.032353,0.069926,0.117248,0.625889,0.046564,0.079531,0.106097,-1
[INFO ] 374	Whole:0.143768,0.125000,0.058487,0.100300,0.747103,0.094150,0.097995,0.273962,-1
[INFO ] 374	Cold:0.040248,0.032663,0.066961,0.118461,0.629742,0.047306,0.080599,0.109040,-1
[INFO ] 379	Whole:0.144618,0.124929,0.059813,0.100464,0.747420,0.092524,0.097054,0.272248,-1
[INFO ] 379	Cold:0.040867,0.032663,0.068867,0.118125,0.628196,0.045491,0.079044,0.106535,-1
[INFO ] 384	Whole:0.144618,0.125496,0.060092,0.100396,0.746379,0.095115,0.098817,0.275113,-1
[INFO ] 384	Cold:0.039628,0.032817,0.068273,0.118061,0.626657,0.048839,0.081705,0.110576,-1
[INFO ] 389	Whole:0.144901,0.125992,0.059741,0.101519,0.745698,0.094996,0.099068,0.276221,-1
[INFO ] 389	Cold:0.040248,0.033437,0.067764,0.119388,0.626653,0.048046,0.081638,0.110620,-1
[INFO ] 394	Whole:0.145609,0.126346,0.061172,0.100176,0.744633,0.095197,0.098626,0.275041,-1
[INFO ] 394	Cold:0.041796,0.032043,0.070786,0.116474,0.625120,0.048104,0.080604,0.109988,-1
[INFO ] 399	Whole:0.143343,0.125992,0.058683,0.101795,0.745329,0.093231,0.097831,0.273517,-1
[INFO ] 399	Cold:0.040248,0.033746,0.066526,0.121002,0.628964,0.046087,0.080222,0.106654,-1
[INFO ] 404	Whole:0.144334,0.126416,0.060802,0.102164,0.746737,0.093879,0.098560,0.273770,-1
[INFO ] 404	Cold:0.041796,0.033282,0.071511,0.120055,0.629740,0.046694,0.080467,0.107820,-1
[INFO ] 409	Whole:0.145751,0.125637,0.060367,0.101000,0.746744,0.093821,0.098020,0.274716,-1
[INFO ] 409	Cold:0.041176,0.032663,0.068929,0.119247,0.628970,0.045815,0.079571,0.107381,-1
[INFO ] 414	Whole:0.147167,0.124858,0.062170,0.100361,0.743938,0.093712,0.098173,0.273431,-1
[INFO ] 414	Cold:0.043034,0.032198,0.072207,0.117235,0.626664,0.046624,0.079645,0.107471,-1
[INFO ] 419	Whole:0.145751,0.126416,0.061292,0.100835,0.745699,0.094848,0.098858,0.273226,-1
[INFO ] 419	Cold:0.041486,0.032663,0.071072,0.117379,0.628971,0.047261,0.080564,0.110234,-1
[INFO ] 424	Whole:0.146742,0.127195,0.062149,0.103057,0.747108,0.095257,0.099804,0.273606,-1
[INFO ] 424	Cold:0.041796,0.034056,0.071640,0.121737,0.630515,0.048065,0.082252,0.109211,-1
[INFO ] 429	Whole:0.147734,0.127337,0.061769,0.101920,0.746394,0.094440,0.098378,0.270750,-1
[INFO ] 429	Cold:0.041796,0.033282,0.071147,0.118932,0.625886,0.046303,0.079796,0.106008,-1
[INFO ] 434	Whole:0.147592,0.126346,0.060702,0.101583,0.745340,0.094314,0.098482,0.273075,-1
[INFO ] 434	Cold:0.041486,0.033282,0.069189,0.119299,0.626656,0.046033,0.079442,0.104544,-1
[INFO ] 439	Whole:0.146742,0.126700,0.060803,0.102238,0.747800,0.094664,0.099168,0.273094,-1
[INFO ] 439	Cold:0.040557,0.033437,0.069034,0.119867,0.629742,0.047442,0.081287,0.110063,-1
[INFO ] 444	Whole:0.146601,0.127620,0.060581,0.101661,0.748171,0.095310,0.099288,0.275363,-1
[INFO ] 444	Cold:0.041176,0.032508,0.068702,0.116778,0.625889,0.046858,0.079794,0.108046,-1
[INFO ] 449	Whole:0.148442,0.126771,0.062416,0.102231,0.747472,0.095398,0.100092,0.276636,-1
[INFO ] 449	Cold:0.041486,0.033437,0.071490,0.119209,0.629745,0.048662,0.082443,0.113039,-1
[INFO ] 454	Whole:0.148017,0.128258,0.063037,0.101951,0.747804,0.096179,0.100535,0.277551,-1
[INFO ] 454	Cold:0.042415,0.033127,0.074028,0.117530,0.627434,0.049409,0.082395,0.112043,-1
[INFO ] 459	Whole:0.149717,0.126841,0.063315,0.101989,0.747820,0.095944,0.100034,0.278336,-1
[INFO ] 459	Cold:0.043034,0.033282,0.074170,0.119797,0.628975,0.049054,0.082731,0.112713,-1
[INFO ] 464	Whole:0.148442,0.127550,0.063531,0.102057,0.747105,0.095321,0.099720,0.277511,-1
[INFO ] 464	Cold:0.042105,0.033437,0.074656,0.119802,0.629745,0.047345,0.081298,0.109703,-1
[INFO ] 469	Whole:0.148300,0.126841,0.062221,0.101190,0.745347,0.095426,0.099422,0.278784,-1
[INFO ] 469	Cold:0.040867,0.033127,0.071625,0.118370,0.628971,0.048046,0.081505,0.110784,-1
[INFO ] 474	Whole:0.148584,0.128116,0.063599,0.103083,0.748153,0.096216,0.100588,0.279179,-1
[INFO ] 474	Cold:0.043344,0.033127,0.075832,0.119041,0.626667,0.048048,0.081654,0.110170,-1
[INFO ] 479	Whole:0.148300,0.126983,0.065485,0.102580,0.748508,0.095556,0.099690,0.276075,-1
[INFO ] 479	Cold:0.043344,0.033437,0.080227,0.119706,0.628205,0.048731,0.082097,0.109397,-1
[INFO ] 484	Whole:0.147734,0.127904,0.062366,0.104052,0.750960,0.095495,0.100060,0.277031,-1
[INFO ] 484	Cold:0.041796,0.034365,0.072584,0.122587,0.631289,0.047796,0.082529,0.109871,-1
[INFO ] 489	Whole:0.148725,0.127125,0.062792,0.102585,0.747802,0.095795,0.100089,0.279135,-1
[INFO ] 489	Cold:0.043034,0.033591,0.073304,0.120178,0.628976,0.048908,0.082955,0.114154,-1
[INFO ] 494	Whole:0.149433,0.127408,0.066699,0.101846,0.746392,0.095992,0.099905,0.276305,-1
[INFO ] 494	Cold:0.045201,0.033282,0.082334,0.118382,0.627434,0.048841,0.082284,0.112092,-1
[INFO ] 499	Whole:0.147875,0.128399,0.063601,0.101489,0.744635,0.095765,0.099502,0.277022,-1
[INFO ] 499	Cold:0.043344,0.033282,0.076397,0.117324,0.626661,0.047727,0.081149,0.110893,-1
[INFO ] 504	Whole:0.149008,0.128329,0.064523,0.102479,0.748851,0.096052,0.100212,0.277912,-1
[INFO ] 504	Cold:0.043963,0.033901,0.077037,0.118575,0.628971,0.047938,0.081678,0.110392,-1
[INFO ] 509	Whole:0.147450,0.128895,0.064745,0.104664,0.749920,0.097047,0.101855,0.280135,-1
[INFO ] 509	Cold:0.043963,0.034675,0.077290,0.122768,0.631290,0.049927,0.084347,0.112244,-1
[INFO ] 514	Whole:0.148867,0.129462,0.063500,0.104242,0.748516,0.097708,0.101827,0.278563,-1
[INFO ] 514	Cold:0.042415,0.034211,0.074631,0.122216,0.632062,0.050935,0.085000,0.115128,-1
[INFO ] 519	Whole:0.147025,0.127620,0.063581,0.102966,0.750256,0.096305,0.100907,0.279979,-1
[INFO ] 519	Cold:0.042724,0.033127,0.075526,0.118859,0.629751,0.049858,0.083222,0.113833,-1
[INFO ] 524	Whole:0.149858,0.128470,0.066010,0.103835,0.749929,0.095845,0.100720,0.277517,-1
[INFO ] 524	Cold:0.045201,0.033901,0.081358,0.120278,0.632831,0.048451,0.082493,0.111317,-1
[INFO ] 529	Whole:0.146176,0.127408,0.061529,0.102905,0.749223,0.095867,0.100674,0.278688,-1
[INFO ] 529	Cold:0.041796,0.033746,0.072349,0.120115,0.631287,0.049356,0.083358,0.114118,-1
[INFO ] 534	Whole:0.149292,0.128541,0.062664,0.104733,0.750268,0.096567,0.100928,0.277926,-1
[INFO ] 534	Cold:0.042724,0.034365,0.073602,0.124059,0.631290,0.048684,0.083475,0.110698,-1
[INFO ] 539	Whole:0.150992,0.128045,0.065939,0.102663,0.750261,0.096632,0.100836,0.277554,-1
[INFO ] 539	Cold:0.044272,0.033282,0.079434,0.118706,0.628978,0.049338,0.082830,0.112916,-1
[INFO ] 544	Whole:0.150000,0.129674,0.064586,0.104425,0.750967,0.096429,0.101333,0.277869,-1
[INFO ] 544	Cold:0.044892,0.034365,0.077435,0.121125,0.628977,0.048304,0.082691,0.111913,-1
[INFO ] 549	Whole:0.149008,0.128187,0.064805,0.103917,0.750625,0.096406,0.101136,0.278366,-1
[INFO ] 549	Cold:0.043963,0.034365,0.077849,0.122060,0.631293,0.049698,0.084017,0.112993,-1
[INFO ] 554	Whole:0.149858,0.128966,0.064625,0.104685,0.750971,0.095807,0.100646,0.274760,-1
[INFO ] 554	Cold:0.043963,0.034520,0.076877,0.122858,0.632061,0.047944,0.082653,0.109014,-1
[INFO ] 559	Whole:0.149292,0.129037,0.064703,0.103791,0.750960,0.096174,0.100451,0.275262,-1
[INFO ] 559	Cold:0.044582,0.033591,0.078243,0.120620,0.629755,0.048337,0.082244,0.109453,-1
[INFO ] 564	Whole:0.148442,0.128966,0.064971,0.102998,0.749907,0.096109,0.100167,0.277202,-1
[INFO ] 564	Cold:0.043034,0.034056,0.078486,0.119843,0.630517,0.047951,0.082011,0.110083,-1
[INFO ] 569	Whole:0.150425,0.128612,0.066385,0.102896,0.747105,0.096604,0.100558,0.275562,-1
[INFO ] 569	Cold:0.043963,0.033591,0.079898,0.120125,0.628983,0.049343,0.083272,0.113273,-1
[INFO ] 574	Whole:0.151558,0.128116,0.066495,0.101759,0.746743,0.096208,0.100332,0.275592,-1
[INFO ] 574	Cold:0.043963,0.033746,0.078823,0.118341,0.628976,0.049726,0.082907,0.111936,-1
[INFO ] 579	Whole:0.148300,0.128683,0.063755,0.102959,0.752376,0.095478,0.100204,0.276652,-1
[INFO ] 579	Cold:0.042724,0.034211,0.075611,0.118521,0.628967,0.048219,0.081660,0.108734,-1
[INFO ] 584	Whole:0.149008,0.128045,0.065501,0.101408,0.749213,0.096919,0.100911,0.280200,-1
[INFO ] 584	Cold:0.043653,0.032972,0.079394,0.117054,0.626664,0.049844,0.082593,0.112765,-1
[INFO ] 589	Whole:0.149433,0.128824,0.065279,0.103525,0.753780,0.097158,0.101603,0.280780,-1
[INFO ] 589	Cold:0.043034,0.034211,0.078531,0.121348,0.631290,0.050029,0.084023,0.113133,-1
[INFO ] 594	Whole:0.150283,0.128824,0.065832,0.104127,0.751683,0.097434,0.101838,0.278938,-1
[INFO ] 594	Cold:0.043963,0.034365,0.079821,0.122603,0.632065,0.050575,0.084937,0.114517,-1
[INFO ] 599	Whole:0.150000,0.128470,0.063927,0.103948,0.748864,0.096819,0.101151,0.276244,-1
[INFO ] 599	Cold:0.042415,0.034830,0.075652,0.123333,0.632058,0.049405,0.083827,0.110659,-1
[INFO ] 604	Whole:0.150142,0.129108,0.065224,0.103838,0.749224,0.096746,0.101321,0.278260,-1
[INFO ] 604	Cold:0.043653,0.034365,0.078283,0.121534,0.632062,0.049162,0.083399,0.111513,-1
[INFO ] 609	Whole:0.148584,0.127904,0.067484,0.104216,0.748868,0.097069,0.102111,0.279546,-1
[INFO ] 609	Cold:0.046440,0.033901,0.085715,0.122715,0.631304,0.051586,0.085820,0.116844,-1
[INFO ] 614	Whole:0.149008,0.127833,0.064734,0.104061,0.749918,0.095739,0.100905,0.276598,-1
[INFO ] 614	Cold:0.043963,0.035139,0.077849,0.124618,0.635917,0.049250,0.084372,0.111904,-1
[INFO ] 619	Whole:0.149858,0.128824,0.066825,0.103964,0.749224,0.097279,0.101960,0.278861,-1
[INFO ] 619	Cold:0.045820,0.034520,0.082116,0.123060,0.632072,0.050730,0.085330,0.115208,-1
[INFO ] 624	Whole:0.151275,0.129037,0.066964,0.105477,0.750636,0.096679,0.101871,0.276160,-1
[INFO ] 624	Cold:0.045201,0.035604,0.081369,0.126158,0.635926,0.050857,0.086518,0.116721,-1
[INFO ] 629	Whole:0.151133,0.129391,0.065755,0.103849,0.747823,0.098214,0.102278,0.277792,-1
[INFO ] 629	Cold:0.044272,0.034675,0.079187,0.122756,0.630530,0.050978,0.085249,0.113792,-1
[INFO ] 634	Whole:0.152691,0.130241,0.067453,0.105087,0.751689,0.097823,0.102300,0.276410,-1
[INFO ] 634	Cold:0.045511,0.035449,0.081302,0.124496,0.635149,0.050011,0.084938,0.111598,-1
[INFO ] 639	Whole:0.149858,0.130170,0.066118,0.103999,0.750271,0.097268,0.101253,0.275990,-1
[INFO ] 639	Cold:0.044582,0.034365,0.080245,0.120567,0.631297,0.049138,0.083197,0.111623,-1
[INFO ] 644	Whole:0.152408,0.129320,0.066516,0.103717,0.748874,0.097689,0.101554,0.276110,-1
[INFO ] 644	Cold:0.045201,0.034056,0.080264,0.121230,0.632068,0.050064,0.084113,0.113617,-1
[INFO ] 649	Whole:0.150708,0.129320,0.066543,0.102904,0.748503,0.097887,0.101458,0.277932,-1
[INFO ] 649	Cold:0.046130,0.034211,0.081121,0.120088,0.630524,0.050439,0.084287,0.114111,-1
[INFO ] 654	Whole:0.151416,0.128399,0.066000,0.104442,0.749229,0.096349,0.100494,0.275433,-1
[INFO ] 654	Cold:0.045201,0.034211,0.080399,0.123858,0.632068,0.048023,0.082776,0.109122,-1
[INFO ] 659	Whole:0.146742,0.129249,0.062985,0.103359,0.747805,0.096413,0.100557,0.275861,-1
[INFO ] 659	Cold:0.043034,0.033901,0.075550,0.121455,0.630518,0.048831,0.082949,0.112064,-1
[INFO ] 664	Whole:0.149292,0.128683,0.066091,0.102113,0.746747,0.095366,0.099770,0.274374,-1
[INFO ] 664	Cold:0.043963,0.033901,0.080384,0.118573,0.627438,0.047265,0.081001,0.108588,-1
[INFO ] 669	Whole:0.149292,0.127904,0.065499,0.102856,0.745344,0.096016,0.100376,0.274327,-1
[INFO ] 669	Cold:0.044892,0.034056,0.079702,0.120659,0.628980,0.048992,0.082880,0.110665,-1
[INFO ] 674	Whole:0.150000,0.128116,0.066773,0.103443,0.746412,0.096680,0.101052,0.276487,-1
[INFO ] 674	Cold:0.044582,0.033901,0.082540,0.121510,0.629756,0.050400,0.084383,0.113883,-1
[INFO ] 679	Whole:0.150000,0.128895,0.066455,0.103610,0.747823,0.096218,0.100540,0.274602,-1
[INFO ] 679	Cold:0.044272,0.033901,0.080928,0.121719,0.632066,0.048742,0.082855,0.109875,-1
[INFO ] 684	Whole:0.152266,0.128895,0.068580,0.102966,0.748523,0.097139,0.101212,0.278300,-1
[INFO ] 684	Cold:0.046749,0.033591,0.086241,0.120003,0.630530,0.049179,0.083174,0.113313,-1
[INFO ] 689	Whole:0.149150,0.128116,0.066082,0.102909,0.747456,0.096517,0.100927,0.277096,-1
[INFO ] 689	Cold:0.043963,0.033282,0.081412,0.120777,0.628215,0.049587,0.083258,0.112521,-1
[INFO ] 694	Whole:0.151133,0.129958,0.065297,0.104854,0.750276,0.095947,0.100787,0.273609,-1
[INFO ] 694	Cold:0.045201,0.034056,0.078752,0.122189,0.632070,0.048358,0.082862,0.111388,-1
[INFO ] 699	Whole:0.148725,0.129249,0.064654,0.104647,0.749222,0.096213,0.100843,0.274144,-1
[INFO ] 699	Cold:0.044272,0.035139,0.078538,0.124164,0.633608,0.048549,0.083673,0.110791,-1
[INFO ] 704	Whole:0.151700,0.128045,0.067332,0.103290,0.748171,0.095396,0.099894,0.273341,-1
[INFO ] 704	Cold:0.045201,0.034365,0.082463,0.121892,0.631298,0.047569,0.082257,0.110035,-1
[INFO ] 709	Whole:0.149717,0.129462,0.066904,0.104505,0.750286,0.096694,0.101368,0.276404,-1
[INFO ] 709	Cold:0.047059,0.034830,0.083319,0.123276,0.632845,0.049696,0.084527,0.113276,-1