[INFO ] Training: ...research/ssh/yelp/train0.5_folder_1, Testing:: .../research/ssh/yelp/test0.5_folder_1.
[DEBUG] User amount: 16477, item amount: 13179
[DEBUG] Rate amount: 122555, scales: {1.0}
[DEBUG] User amount: 16477, item amount: 13179
[DEBUG] Rate amount: 117731, scales: {1.0}
[INFO ] AdaBPR: 0.0,30,0.005,0.05,0.05,1500,3294
[INFO ] 204	Whole:0.028861,0.025975,0.020056,0.035829,0.590801,0.017518,0.029817,0.071813,-1
[INFO ] 204	Cold:0.011577,0.010880,0.018702,0.034101,0.550215,0.011748,0.023166,0.034145,-1
[INFO ] 209	Whole:0.029284,0.026099,0.020523,0.036045,0.590771,0.017504,0.029884,0.071866,-1
[INFO ] 209	Cold:0.011815,0.010971,0.019221,0.034418,0.550398,0.011646,0.023181,0.034161,-1
[INFO ] 214	Whole:0.029508,0.026280,0.020738,0.036852,0.591577,0.017784,0.030387,0.072917,-1
[INFO ] 214	Cold:0.012164,0.011265,0.019519,0.035625,0.551773,0.011982,0.023860,0.034886,-1
[INFO ] 219	Whole:0.029458,0.026336,0.020662,0.036696,0.591082,0.017874,0.030395,0.073264,-1
[INFO ] 219	Cold:0.012127,0.011127,0.019545,0.035272,0.551086,0.011942,0.023691,0.034704,-1
[INFO ] 224	Whole:0.029620,0.026242,0.020745,0.037009,0.591456,0.017734,0.030376,0.072512,-1
[INFO ] 224	Cold:0.012164,0.011173,0.019604,0.035764,0.551590,0.011882,0.023720,0.034376,-1
[INFO ] 229	Whole:0.029869,0.026435,0.021072,0.037328,0.591891,0.018110,0.030920,0.073805,-1
[INFO ] 229	Cold:0.012366,0.011320,0.019881,0.035902,0.551728,0.012373,0.024307,0.035901,-1
[INFO ] 234	Whole:0.030080,0.026504,0.021446,0.036924,0.592198,0.017808,0.030512,0.073273,-1
[INFO ] 234	Cold:0.012733,0.011182,0.020590,0.035397,0.551407,0.011877,0.023705,0.034660,-1
[INFO ] 239	Whole:0.030055,0.026709,0.021389,0.037712,0.592759,0.018171,0.031003,0.073711,-1
[INFO ] 239	Cold:0.012531,0.011320,0.020329,0.035965,0.551866,0.012273,0.024229,0.035560,-1
[INFO ] 244	Whole:0.030528,0.026659,0.021816,0.037308,0.592450,0.018250,0.031038,0.074349,-1
[INFO ] 244	Cold:0.012880,0.011403,0.020775,0.036039,0.552324,0.012247,0.024277,0.035487,-1
[INFO ] 249	Whole:0.030217,0.026585,0.021597,0.037627,0.592542,0.018298,0.031097,0.074390,-1
[INFO ] 249	Cold:0.012714,0.011467,0.020687,0.036482,0.552598,0.012455,0.024519,0.035697,-1
[INFO ] 254	Whole:0.030565,0.026684,0.021850,0.037975,0.593258,0.018281,0.031289,0.074372,-1
[INFO ] 254	Cold:0.012916,0.011513,0.020902,0.036633,0.552690,0.012449,0.024631,0.036040,-1
[INFO ] 259	Whole:0.030677,0.026852,0.021744,0.037723,0.593691,0.018467,0.031389,0.075114,-1
[INFO ] 259	Cold:0.012935,0.011494,0.020698,0.036227,0.552599,0.012502,0.024558,0.035921,-1
[INFO ] 264	Whole:0.030578,0.026896,0.021753,0.038140,0.593816,0.018571,0.031607,0.075314,-1
[INFO ] 264	Cold:0.012916,0.011632,0.020772,0.036914,0.553286,0.012750,0.024988,0.036562,-1
[INFO ] 269	Whole:0.031026,0.027070,0.022207,0.038031,0.594001,0.018543,0.031587,0.075287,-1
[INFO ] 269	Cold:0.012916,0.011531,0.021098,0.036409,0.552691,0.012552,0.024702,0.036212,-1
[INFO ] 274	Whole:0.030541,0.026896,0.021859,0.037786,0.593380,0.018596,0.031502,0.075346,-1
[INFO ] 274	Cold:0.012898,0.011467,0.020833,0.036169,0.552141,0.012752,0.024779,0.036516,-1
[INFO ] 279	Whole:0.030901,0.026976,0.022208,0.038108,0.594343,0.018631,0.031720,0.076045,-1
[INFO ] 279	Cold:0.013338,0.011531,0.021513,0.036515,0.552874,0.012671,0.024859,0.036737,-1
[INFO ] 284	Whole:0.031374,0.027144,0.022591,0.038271,0.594157,0.018729,0.031839,0.076179,-1
[INFO ] 284	Cold:0.013357,0.011595,0.021530,0.036682,0.552828,0.012680,0.024889,0.036583,-1
[INFO ] 289	Whole:0.031088,0.027430,0.022410,0.038571,0.594932,0.018810,0.032039,0.075920,-1
[INFO ] 289	Cold:0.013118,0.011641,0.021433,0.036798,0.553057,0.012794,0.025035,0.036834,-1
[INFO ] 294	Whole:0.031349,0.027455,0.022628,0.038865,0.595522,0.018932,0.032262,0.076819,-1
[INFO ] 294	Cold:0.013302,0.011715,0.021736,0.037206,0.553653,0.012961,0.025329,0.037337,-1
[INFO ] 299	Whole:0.031536,0.027505,0.022889,0.039104,0.595585,0.018953,0.032366,0.076647,-1
[INFO ] 299	Cold:0.013375,0.011751,0.021973,0.037379,0.553516,0.012974,0.025388,0.037318,-1
[INFO ] 304	Whole:0.031735,0.027356,0.022791,0.038580,0.594780,0.019314,0.032523,0.077452,-1
[INFO ] 304	Cold:0.013393,0.011678,0.021651,0.036984,0.553242,0.013368,0.025691,0.038412,-1
[INFO ] 309	Whole:0.031710,0.027449,0.022847,0.038680,0.595554,0.019053,0.032399,0.077989,-1
[INFO ] 309	Cold:0.013412,0.011696,0.021641,0.036961,0.553333,0.013001,0.025345,0.037697,-1
[INFO ] 314	Whole:0.031486,0.027518,0.022666,0.039050,0.595896,0.018931,0.032349,0.076804,-1
[INFO ] 314	Cold:0.013393,0.011742,0.021618,0.037377,0.553699,0.012956,0.025382,0.037435,-1
[INFO ] 319	Whole:0.031896,0.027692,0.022966,0.039351,0.595896,0.019291,0.032788,0.077811,-1
[INFO ] 319	Cold:0.013595,0.011870,0.021997,0.037589,0.553837,0.013301,0.025822,0.038483,-1
[INFO ] 324	Whole:0.031585,0.027536,0.022969,0.038545,0.595521,0.019133,0.032479,0.078203,-1
[INFO ] 324	Cold:0.013650,0.011659,0.022229,0.036593,0.552921,0.013062,0.025333,0.037777,-1
[INFO ] 329	Whole:0.031486,0.027499,0.022636,0.039450,0.595742,0.019206,0.032692,0.077487,-1
[INFO ] 329	Cold:0.013558,0.011971,0.021816,0.038116,0.554066,0.013362,0.025980,0.038328,-1
[INFO ] 334	Whole:0.031648,0.027704,0.022756,0.039552,0.596579,0.019272,0.032853,0.078094,-1
[INFO ] 334	Cold:0.013540,0.011944,0.021679,0.037899,0.554249,0.013252,0.025809,0.037821,-1
[INFO ] 339	Whole:0.032033,0.027841,0.023114,0.039611,0.597231,0.019367,0.033040,0.078510,-1
[INFO ] 339	Cold:0.013724,0.011962,0.022244,0.037832,0.554661,0.013278,0.025887,0.038248,-1
[INFO ] 344	Whole:0.031984,0.027822,0.023011,0.039787,0.596548,0.019354,0.032943,0.078077,-1
[INFO ] 344	Cold:0.013779,0.011999,0.022156,0.038019,0.554203,0.013293,0.025942,0.038316,-1
[INFO ] 349	Whole:0.032369,0.027866,0.023373,0.039102,0.595865,0.019406,0.032844,0.078348,-1
[INFO ] 349	Cold:0.013834,0.011779,0.022328,0.037178,0.553333,0.013264,0.025646,0.038041,-1
[INFO ] 354	Whole:0.032008,0.027972,0.023541,0.039792,0.596952,0.019576,0.033230,0.078906,-1
[INFO ] 354	Cold:0.014035,0.012081,0.022927,0.038082,0.554479,0.013498,0.026183,0.038551,-1
[INFO ] 359	Whole:0.032133,0.028077,0.023296,0.039711,0.597167,0.019573,0.033163,0.078969,-1
[INFO ] 359	Cold:0.013760,0.012091,0.022450,0.038044,0.554523,0.013464,0.026062,0.038153,-1
[INFO ] 364	Whole:0.032058,0.027947,0.023147,0.039480,0.596735,0.019775,0.033341,0.079697,-1
[INFO ] 364	Cold:0.013815,0.011999,0.022352,0.037736,0.554432,0.013651,0.026232,0.039076,-1
[INFO ] 369	Whole:0.032668,0.028127,0.023883,0.040125,0.597697,0.019759,0.033464,0.079351,-1
[INFO ] 369	Cold:0.014219,0.012100,0.023254,0.038279,0.554754,0.013748,0.026455,0.039188,-1
[INFO ] 374	Whole:0.032145,0.028214,0.023194,0.040059,0.597076,0.019697,0.033446,0.079565,-1
[INFO ] 374	Cold:0.013797,0.012173,0.022250,0.038599,0.554937,0.013620,0.026444,0.039050,-1
[INFO ] 379	Whole:0.032419,0.028059,0.023550,0.039688,0.596766,0.019784,0.033356,0.079813,-1
[INFO ] 379	Cold:0.014090,0.011935,0.022721,0.037685,0.554158,0.013641,0.026193,0.038962,-1
[INFO ] 384	Whole:0.032344,0.028264,0.023392,0.040370,0.598069,0.019764,0.033633,0.079655,-1
[INFO ] 384	Cold:0.013999,0.012146,0.022331,0.038526,0.554891,0.013747,0.026503,0.039082,-1
[INFO ] 389	Whole:0.032394,0.027972,0.023459,0.039863,0.597170,0.019597,0.033324,0.079290,-1
[INFO ] 389	Cold:0.013999,0.012045,0.022512,0.038234,0.554891,0.013574,0.026298,0.039038,-1
[INFO ] 394	Whole:0.032220,0.028351,0.023130,0.040521,0.598441,0.019863,0.033757,0.079847,-1
[INFO ] 394	Cold:0.013870,0.012247,0.022106,0.038818,0.555578,0.013716,0.026595,0.039262,-1
[INFO ] 399	Whole:0.032630,0.028376,0.023623,0.040462,0.597975,0.019980,0.033893,0.080010,-1
[INFO ] 399	Cold:0.014145,0.012201,0.022628,0.038687,0.555349,0.014098,0.026926,0.040218,-1
[INFO ] 404	Whole:0.032630,0.028438,0.023351,0.040506,0.598564,0.020016,0.033895,0.080122,-1
[INFO ] 404	Cold:0.013944,0.012201,0.022304,0.038745,0.555487,0.013944,0.026806,0.039923,-1
[INFO ] 409	Whole:0.032506,0.028326,0.023568,0.040483,0.598163,0.020061,0.033954,0.080435,-1
[INFO ] 409	Cold:0.014054,0.012192,0.022701,0.038643,0.555166,0.014171,0.026980,0.040337,-1
[INFO ] 414	Whole:0.032120,0.028208,0.023501,0.040391,0.597697,0.019902,0.033749,0.079532,-1
[INFO ] 414	Cold:0.013907,0.012127,0.022559,0.038670,0.554983,0.013977,0.026773,0.039811,-1
[INFO ] 419	Whole:0.032581,0.028488,0.023729,0.040965,0.598288,0.020170,0.034123,0.080691,-1
[INFO ] 419	Cold:0.014127,0.012274,0.022928,0.039017,0.555487,0.014016,0.026932,0.039861,-1
[INFO ] 424	Whole:0.032817,0.028550,0.023840,0.040829,0.599125,0.019980,0.034033,0.080488,-1
[INFO ] 424	Cold:0.014402,0.012338,0.023070,0.039172,0.555853,0.013919,0.026946,0.039978,-1
[INFO ] 429	Whole:0.032941,0.028451,0.023912,0.040657,0.598720,0.020139,0.034122,0.081126,-1
[INFO ] 429	Cold:0.014127,0.012228,0.022976,0.038781,0.555303,0.013975,0.026851,0.039927,-1
[INFO ] 434	Whole:0.032755,0.028637,0.023631,0.040972,0.598784,0.020262,0.034249,0.080501,-1
[INFO ] 434	Cold:0.014017,0.012283,0.022585,0.039052,0.555395,0.014267,0.027159,0.040329,-1
[INFO ] 439	Whole:0.032319,0.028743,0.023503,0.041187,0.599032,0.020276,0.034290,0.080840,-1
[INFO ] 439	Cold:0.013980,0.012421,0.022604,0.039504,0.556128,0.014246,0.027285,0.040339,-1
[INFO ] 444	Whole:0.033016,0.028780,0.023993,0.040794,0.598938,0.020315,0.034298,0.081304,-1
[INFO ] 444	Cold:0.014366,0.012412,0.023213,0.039032,0.555991,0.014264,0.027245,0.040560,-1
[INFO ] 449	Whole:0.032954,0.028525,0.023907,0.040892,0.598785,0.020501,0.034538,0.082184,-1
[INFO ] 449	Cold:0.014201,0.012302,0.022924,0.039002,0.555808,0.014447,0.027429,0.041435,-1
[INFO ] 454	Whole:0.032419,0.028643,0.023660,0.041121,0.599372,0.020227,0.034357,0.080981,-1
[INFO ] 454	Cold:0.014201,0.012311,0.022735,0.039084,0.555578,0.014286,0.027212,0.040432,-1
[INFO ] 459	Whole:0.032618,0.028631,0.023793,0.041274,0.599434,0.020370,0.034478,0.081481,-1
[INFO ] 459	Cold:0.014127,0.012384,0.022811,0.039408,0.556082,0.014286,0.027269,0.040426,-1
[INFO ] 464	Whole:0.032718,0.028818,0.023876,0.041360,0.599652,0.020526,0.034714,0.082301,-1
[INFO ] 464	Cold:0.014494,0.012485,0.023097,0.039587,0.556541,0.014396,0.027530,0.040963,-1
[INFO ] 469	Whole:0.032929,0.029116,0.023698,0.041866,0.600364,0.020671,0.034977,0.082262,-1
[INFO ] 469	Cold:0.014182,0.012531,0.022748,0.039823,0.556357,0.014550,0.027672,0.041014,-1
[INFO ] 474	Whole:0.032830,0.028867,0.023674,0.040860,0.599650,0.020332,0.034379,0.082013,-1
[INFO ] 474	Cold:0.014017,0.012320,0.022481,0.038772,0.555486,0.014078,0.026936,0.040041,-1
[INFO ] 479	Whole:0.033153,0.028917,0.024126,0.041226,0.599838,0.020586,0.034708,0.082049,-1
[INFO ] 479	Cold:0.014329,0.012430,0.023254,0.039322,0.556128,0.014469,0.027483,0.040971,-1
[INFO ] 484	Whole:0.032780,0.028656,0.024072,0.041107,0.599125,0.020363,0.034493,0.081509,-1
[INFO ] 484	Cold:0.014604,0.012320,0.023390,0.039211,0.555533,0.014316,0.027301,0.040741,-1
[INFO ] 489	Whole:0.033377,0.029066,0.024408,0.041641,0.600458,0.020806,0.035043,0.082401,-1
[INFO ] 489	Cold:0.014549,0.012558,0.023612,0.039843,0.556678,0.014856,0.027972,0.041556,-1
[INFO ] 494	Whole:0.032792,0.028948,0.023766,0.041295,0.600210,0.020707,0.034857,0.082232,-1
[INFO ] 494	Cold:0.014219,0.012467,0.022871,0.039200,0.556037,0.014638,0.027629,0.041205,-1
[INFO ] 499	Whole:0.032892,0.029054,0.024044,0.041389,0.599993,0.020618,0.034752,0.082231,-1
[INFO ] 499	Cold:0.014494,0.012430,0.023347,0.039455,0.555854,0.014482,0.027516,0.041025,-1
[INFO ] 504	Whole:0.032830,0.029004,0.023989,0.041399,0.600984,0.020602,0.034806,0.082621,-1
[INFO ] 504	Cold:0.014439,0.012430,0.023312,0.039302,0.556266,0.014477,0.027510,0.041068,-1
[INFO ] 509	Whole:0.032879,0.029160,0.023944,0.041340,0.600147,0.020631,0.034774,0.082176,-1
[INFO ] 509	Cold:0.014402,0.012412,0.023132,0.039209,0.555762,0.014463,0.027441,0.040960,-1
[INFO ] 514	Whole:0.033302,0.029284,0.024256,0.041992,0.601265,0.020749,0.035195,0.082885,-1
[INFO ] 514	Cold:0.014549,0.012586,0.023411,0.040150,0.556907,0.014667,0.027940,0.041834,-1
[INFO ] 519	Whole:0.033663,0.029191,0.024553,0.041620,0.600521,0.021031,0.035280,0.083751,-1
[INFO ] 519	Cold:0.014788,0.012540,0.023903,0.039536,0.556404,0.014894,0.027979,0.041951,-1
[INFO ] 524	Whole:0.033576,0.029446,0.024330,0.042161,0.600801,0.020979,0.035353,0.083143,-1
[INFO ] 524	Cold:0.014769,0.012586,0.023567,0.039949,0.556312,0.014638,0.027815,0.041252,-1
[INFO ] 529	Whole:0.033228,0.029377,0.024576,0.041663,0.601110,0.020928,0.035260,0.083213,-1
[INFO ] 529	Cold:0.014604,0.012586,0.023798,0.039592,0.556587,0.014822,0.027965,0.041958,-1
[INFO ] 534	Whole:0.033601,0.029297,0.024626,0.041659,0.600770,0.021018,0.035332,0.083742,-1
[INFO ] 534	Cold:0.014806,0.012540,0.023821,0.039330,0.556266,0.014812,0.027906,0.042061,-1
[INFO ] 539	Whole:0.033190,0.029234,0.024364,0.041707,0.600553,0.020991,0.035256,0.083067,-1
[INFO ] 539	Cold:0.014512,0.012558,0.023747,0.039432,0.556357,0.014897,0.027949,0.041911,-1
[INFO ] 544	Whole:0.032854,0.029197,0.024020,0.042114,0.601141,0.020875,0.035286,0.082765,-1
[INFO ] 544	Cold:0.014567,0.012531,0.023220,0.039864,0.556495,0.014841,0.027969,0.041721,-1
[INFO ] 549	Whole:0.033364,0.029371,0.024769,0.041763,0.601110,0.021111,0.035417,0.083512,-1
[INFO ] 549	Cold:0.014861,0.012503,0.024146,0.039346,0.556220,0.014983,0.027972,0.041930,-1
[INFO ] 554	Whole:0.033402,0.029384,0.024634,0.041734,0.601048,0.020927,0.035247,0.082986,-1
[INFO ] 554	Cold:0.014751,0.012522,0.024021,0.039539,0.556403,0.014813,0.027890,0.041688,-1
[INFO ] 559	Whole:0.033626,0.029576,0.024715,0.042290,0.602072,0.021012,0.035514,0.083772,-1
[INFO ] 559	Cold:0.014769,0.012586,0.023974,0.039886,0.556907,0.014786,0.027983,0.041941,-1
[INFO ] 564	Whole:0.033663,0.029408,0.024688,0.041760,0.601234,0.020910,0.035240,0.082990,-1
[INFO ] 564	Cold:0.014971,0.012549,0.024245,0.039524,0.556587,0.014785,0.027880,0.041604,-1
[INFO ] 569	Whole:0.033240,0.029433,0.024327,0.042235,0.601577,0.021083,0.035588,0.083360,-1
[INFO ] 569	Cold:0.014549,0.012769,0.023495,0.040168,0.557320,0.015147,0.028437,0.042729,-1
[INFO ] 574	Whole:0.033489,0.029589,0.024891,0.042233,0.601793,0.021314,0.035739,0.084075,-1
[INFO ] 574	Cold:0.014824,0.012696,0.024199,0.040053,0.557228,0.015190,0.028440,0.042655,-1