[INFO ] Training: ...zon/clothes_shoes/train0.2_folder_1, Testing:: ...azon/clothes_shoes/test0.2_folder_1.
[DEBUG] User amount: 39380, item amount: 23032
[DEBUG] Rate amount: 222942, scales: {1.0}
[DEBUG] User amount: 39380, item amount: 23032
[DEBUG] Rate amount: 55695, scales: {1.0}
[INFO ] AdaBPR: 0.0,30,0.005,0.05,0.05,1000,6909
[INFO ] 804     Whole:0.008352,0.006601,0.023353,0.036859,0.530496,0.015007,0.022908,0.024778,-1
[INFO ] 804     Cold:0.007739,0.006114,0.022854,0.036223,0.528445,0.014774,0.022308,0.023511,-1
[INFO ] 809     Whole:0.008500,0.006524,0.023878,0.036482,0.530162,0.014976,0.022796,0.024748,-1
[INFO ] 809     Cold:0.007890,0.006064,0.023466,0.035969,0.528269,0.014761,0.022241,0.023499,-1
[INFO ] 814     Whole:0.008279,0.006514,0.023235,0.036541,0.530195,0.015057,0.022862,0.024879,-1
[INFO ] 814     Cold:0.007669,0.006079,0.022883,0.036210,0.528419,0.014916,0.022428,0.023825,-1
[INFO ] 819     Whole:0.008426,0.006474,0.023602,0.036148,0.529927,0.015054,0.022762,0.024810,-1
[INFO ] 819     Cold:0.007729,0.005958,0.022914,0.035443,0.527816,0.014722,0.022052,0.023382,-1
[INFO ] 824     Whole:0.008346,0.006490,0.023521,0.036195,0.529961,0.015035,0.022794,0.024949,-1
[INFO ] 824     Cold:0.007699,0.005993,0.022887,0.035376,0.527891,0.014693,0.022071,0.023587,-1
[INFO ] 829     Whole:0.008346,0.006537,0.023440,0.036671,0.530195,0.015031,0.022873,0.024803,-1
[INFO ] 829     Cold:0.007810,0.006069,0.023076,0.036038,0.528269,0.014819,0.022311,0.023624,-1
[INFO ] 834     Whole:0.008486,0.006480,0.023940,0.036056,0.529961,0.014892,0.022635,0.024618,-1
[INFO ] 834     Cold:0.007830,0.005998,0.023286,0.035451,0.527992,0.014548,0.021952,0.023216,-1
[INFO ] 839     Whole:0.008446,0.006537,0.023868,0.036559,0.530178,0.015115,0.022914,0.024845,-1
[INFO ] 839     Cold:0.007860,0.006069,0.023531,0.035939,0.528294,0.014870,0.022319,0.023614,-1
[INFO ] 844     Whole:0.008406,0.006608,0.023687,0.036980,0.530580,0.014978,0.022919,0.024744,-1
[INFO ] 844     Cold:0.007870,0.006119,0.023381,0.036300,0.528595,0.014701,0.022277,0.023440,-1
[INFO ] 849     Whole:0.008466,0.006577,0.023793,0.036689,0.530480,0.015015,0.022905,0.024905,-1
[INFO ] 849     Cold:0.007810,0.006043,0.023152,0.035879,0.528218,0.014761,0.022240,0.023634,-1
[INFO ] 854     Whole:0.008466,0.006527,0.023874,0.036396,0.530061,0.015016,0.022807,0.024732,-1
[INFO ] 854     Cold:0.007900,0.005998,0.023376,0.035661,0.527892,0.014673,0.022089,0.023331,-1
[INFO ] 859     Whole:0.008238,0.006571,0.023136,0.036627,0.530279,0.015109,0.022942,0.024935,-1
[INFO ] 859     Cold:0.007649,0.006094,0.022599,0.036024,0.528369,0.014810,0.022308,0.023638,-1
[INFO ] 864     Whole:0.008526,0.006500,0.024087,0.036228,0.529978,0.014982,0.022741,0.024727,-1
[INFO ] 864     Cold:0.008051,0.006013,0.023939,0.035636,0.528043,0.014832,0.022227,0.023592,-1
[INFO ] 869     Whole:0.008587,0.006574,0.024097,0.036574,0.530245,0.015118,0.022954,0.024955,-1
[INFO ] 869     Cold:0.007890,0.006114,0.023460,0.036126,0.528369,0.014956,0.022451,0.023770,-1
[INFO ] 874     Whole:0.008553,0.006584,0.024033,0.036789,0.530413,0.015158,0.023016,0.024995,-1
[INFO ] 874     Cold:0.007961,0.006119,0.023671,0.036451,0.528596,0.014881,0.022461,0.023735,-1
[INFO ] 879     Whole:0.008533,0.006507,0.023942,0.036416,0.530095,0.015075,0.022871,0.024910,-1
[INFO ] 879     Cold:0.007890,0.005998,0.023475,0.035573,0.527867,0.014770,0.022146,0.023404,-1
[INFO ] 884     Whole:0.008506,0.006514,0.023955,0.036373,0.530095,0.015029,0.022830,0.024936,-1
[INFO ] 884     Cold:0.007840,0.006053,0.023332,0.035967,0.528218,0.014645,0.022156,0.023422,-1
[INFO ] 889     Whole:0.008500,0.006544,0.024075,0.036452,0.530229,0.014982,0.022814,0.024773,-1
[INFO ] 889     Cold:0.007810,0.006038,0.023367,0.035585,0.528118,0.014504,0.021948,0.023102,-1
[INFO ] 894     Whole:0.008533,0.006567,0.024002,0.036528,0.530262,0.014997,0.022859,0.024865,-1
[INFO ] 894     Cold:0.007880,0.006084,0.023431,0.035906,0.528294,0.014786,0.022282,0.023629,-1
[INFO ] 899     Whole:0.008500,0.006520,0.023846,0.036200,0.530128,0.015175,0.022916,0.025079,-1
[INFO ] 899     Cold:0.007870,0.006043,0.023358,0.035678,0.528143,0.015063,0.022435,0.023926,-1
[INFO ] 904     Whole:0.008587,0.006594,0.023972,0.036801,0.530497,0.015200,0.023089,0.025189,-1
[INFO ] 904     Cold:0.007940,0.006104,0.023413,0.036125,0.528394,0.014967,0.022473,0.023908,-1
[INFO ] 909     Whole:0.008567,0.006561,0.024071,0.036289,0.530179,0.015045,0.022849,0.024940,-1
[INFO ] 909     Cold:0.007920,0.006033,0.023525,0.035626,0.528017,0.014748,0.022178,0.023565,-1
[INFO ] 914     Whole:0.008493,0.006604,0.023939,0.036749,0.530496,0.015151,0.023025,0.025085,-1
[INFO ] 914     Cold:0.007880,0.006104,0.023603,0.036051,0.528445,0.014888,0.022397,0.023787,-1
[INFO ] 919     Whole:0.008627,0.006574,0.024183,0.036743,0.530329,0.015093,0.022956,0.024888,-1
[INFO ] 919     Cold:0.007981,0.006089,0.023582,0.036160,0.528369,0.014805,0.022319,0.023512,-1
[INFO ] 924     Whole:0.008607,0.006664,0.024279,0.037178,0.530647,0.015243,0.023206,0.025191,-1
[INFO ] 924     Cold:0.008021,0.006184,0.023890,0.036600,0.528721,0.015047,0.022650,0.023918,-1
[INFO ] 929     Whole:0.008480,0.006664,0.023796,0.037104,0.530831,0.015048,0.023034,0.024901,-1
[INFO ] 929     Cold:0.007950,0.006194,0.023524,0.036533,0.528897,0.014830,0.022468,0.023633,-1
[INFO ] 934     Whole:0.008493,0.006624,0.023783,0.036864,0.530496,0.014926,0.022884,0.024834,-1
[INFO ] 934     Cold:0.007880,0.006124,0.023351,0.036088,0.528369,0.014555,0.022135,0.023296,-1
[INFO ] 939     Whole:0.008506,0.006674,0.023871,0.036923,0.530781,0.015185,0.023134,0.025193,-1
[INFO ] 939     Cold:0.007870,0.006179,0.023311,0.036281,0.528797,0.014933,0.022524,0.023933,-1
[INFO ] 944     Whole:0.008627,0.006591,0.024292,0.036739,0.530363,0.015143,0.023007,0.024991,-1
[INFO ] 944     Cold:0.008021,0.006064,0.023715,0.035776,0.528193,0.014869,0.022299,0.023673,-1
[INFO ] 949     Whole:0.008426,0.006611,0.023721,0.036769,0.530446,0.015204,0.023071,0.025080,-1
[INFO ] 949     Cold:0.007900,0.006124,0.023636,0.036171,0.528420,0.014970,0.022495,0.023885,-1
[INFO ] 954     Whole:0.008526,0.006557,0.024108,0.036477,0.530312,0.015095,0.022926,0.025006,-1
[INFO ] 954     Cold:0.008011,0.006048,0.023933,0.035742,0.528193,0.014844,0.022291,0.023736,-1
[INFO ] 959     Whole:0.008493,0.006611,0.023878,0.036936,0.530547,0.015137,0.023063,0.025045,-1
[INFO ] 959     Cold:0.007961,0.006119,0.023637,0.036211,0.528545,0.014789,0.022364,0.023686,-1
[INFO ] 964     Whole:0.008634,0.006658,0.024277,0.037125,0.530865,0.015327,0.023304,0.025454,-1
[INFO ] 964     Cold:0.008011,0.006184,0.023706,0.036644,0.528872,0.015073,0.022712,0.024110,-1
[INFO ] 969     Whole:0.008620,0.006567,0.024157,0.036626,0.530329,0.015236,0.023058,0.025067,-1
[INFO ] 969     Cold:0.008091,0.006089,0.023933,0.035992,0.528319,0.014979,0.022449,0.023787,-1
[INFO ] 974     Whole:0.008526,0.006664,0.023942,0.037072,0.530714,0.015090,0.023055,0.024900,-1
[INFO ] 974     Cold:0.007900,0.006194,0.023291,0.036558,0.528847,0.014798,0.022443,0.023573,-1
[INFO ] 979     Whole:0.008540,0.006604,0.024076,0.036817,0.530530,0.015111,0.023015,0.025005,-1
[INFO ] 979     Cold:0.007950,0.006089,0.023701,0.036088,0.528294,0.014879,0.022385,0.023704,-1
[INFO ] 984     Whole:0.008480,0.006614,0.023764,0.036884,0.530563,0.015154,0.023049,0.024986,-1
[INFO ] 984     Cold:0.007920,0.006149,0.023444,0.036384,0.528596,0.014853,0.022411,0.023520,-1
[INFO ] 989     Whole:0.008540,0.006641,0.024033,0.036812,0.530647,0.015275,0.023162,0.025233,-1
[INFO ] 989     Cold:0.007971,0.006154,0.023723,0.036139,0.528621,0.014959,0.022499,0.023873,-1
[INFO ] 994     Whole:0.008580,0.006661,0.023986,0.037160,0.530647,0.015315,0.023267,0.025329,-1
[INFO ] 994     Cold:0.007991,0.006154,0.023694,0.036457,0.528571,0.015018,0.022597,0.023899,-1
[INFO ] 999     Whole:0.008540,0.006651,0.024109,0.037093,0.530814,0.015208,0.023154,0.025065,-1
[INFO ] 999     Cold:0.008031,0.006149,0.024052,0.036396,0.528746,0.014862,0.022463,0.023680,-1
[INFO ] 0.008607,0.006681,0.024463,0.037279,0.530948,0.015351,0.023335,0.025344,-1
