Training: ...ranking/data/yelp/train0.2_folder_1, Testing:: .../ranking/data/yelp/test0.2_folder_1.
AdaBPR: 0.0,30,0.005,0.05,0.05,2000,4342
1209	Whole:0.024801,0.021110,0.036238,0.061581,0.583629,0.024651,0.041745,0.064808,-1
1209	Cold:0.011522,0.009850,0.034968,0.059561,0.547020,0.022033,0.034541,0.034536,-1
1219	Whole:0.024725,0.020897,0.035989,0.061184,0.582722,0.024860,0.041804,0.065578,-1
1219	Cold:0.011590,0.009867,0.034692,0.059843,0.546936,0.022126,0.034698,0.034699,-1
1229	Whole:0.024468,0.020791,0.035783,0.060115,0.581776,0.024623,0.041341,0.064981,-1
1229	Cold:0.011793,0.009799,0.034861,0.059088,0.546683,0.021972,0.034454,0.034697,-1
1239	Whole:0.024589,0.020928,0.036192,0.060807,0.582647,0.024568,0.041496,0.064739,-1
1239	Cold:0.012097,0.009934,0.036106,0.059488,0.547359,0.022151,0.034733,0.034728,-1
1249	Whole:0.024816,0.020951,0.036128,0.060723,0.582721,0.024449,0.041370,0.064256,-1
1249	Cold:0.011691,0.009850,0.034523,0.059313,0.546852,0.021700,0.034294,0.034317,-1
1259	Whole:0.024589,0.020973,0.036358,0.061405,0.583251,0.025140,0.042098,0.065688,-1
1259	Cold:0.011657,0.009917,0.035072,0.060172,0.547190,0.022790,0.035333,0.035717,-1
1269	Whole:0.025089,0.021140,0.037297,0.061926,0.583253,0.025150,0.042253,0.065738,-1
1269	Cold:0.012097,0.009985,0.036742,0.060229,0.547358,0.022475,0.035120,0.035107,-1
1279	Whole:0.024073,0.020814,0.035398,0.060578,0.583024,0.024903,0.041738,0.065819,-1
1279	Cold:0.011421,0.009765,0.033861,0.058998,0.546767,0.022324,0.034705,0.035406,-1
1289	Whole:0.024589,0.020708,0.035970,0.060263,0.582192,0.024648,0.041422,0.065316,-1
1289	Cold:0.011455,0.009833,0.034306,0.058702,0.546936,0.022157,0.034574,0.035174,-1
1299	Whole:0.024831,0.021102,0.035885,0.061353,0.583365,0.025020,0.042019,0.065867,-1
1299	Cold:0.011319,0.010002,0.033814,0.059789,0.547442,0.022514,0.035031,0.035294,-1
1309	Whole:0.024801,0.020814,0.036046,0.059975,0.582495,0.024627,0.041324,0.064758,-1
1309	Cold:0.011522,0.009714,0.034326,0.058291,0.546599,0.022125,0.034378,0.034682,-1
1319	Whole:0.024756,0.020708,0.036127,0.060505,0.581965,0.024468,0.041267,0.064710,-1
1319	Cold:0.011387,0.009630,0.033881,0.057801,0.546008,0.021661,0.033932,0.034576,-1
1329	Whole:0.024801,0.020905,0.035851,0.060824,0.582533,0.024625,0.041509,0.065007,-1
1329	Cold:0.011286,0.009816,0.033983,0.058961,0.547020,0.022004,0.034417,0.034689,-1
1339	Whole:0.024574,0.020928,0.036214,0.061464,0.583025,0.024821,0.041825,0.065077,-1
1339	Cold:0.011556,0.010069,0.034931,0.060561,0.547780,0.022362,0.035120,0.035017,-1
1349	Whole:0.024634,0.020693,0.036019,0.059809,0.582153,0.024429,0.041075,0.064438,-1
1349	Cold:0.011286,0.009562,0.033805,0.057616,0.545586,0.021850,0.033950,0.034367,-1
1359	Whole:0.024634,0.020958,0.036267,0.060485,0.582608,0.024472,0.041339,0.064539,-1
1359	Cold:0.011657,0.009867,0.034875,0.058646,0.546851,0.021854,0.034289,0.034564,-1
1369	Whole:0.024816,0.020829,0.036242,0.060528,0.582382,0.024919,0.041685,0.065683,-1
1369	Cold:0.011455,0.009698,0.034298,0.058483,0.546599,0.022101,0.034412,0.034967,-1
1379	Whole:0.024316,0.020844,0.035885,0.060803,0.582683,0.024805,0.041642,0.065245,-1
1379	Cold:0.011488,0.009748,0.034444,0.058984,0.546598,0.022354,0.034638,0.034871,-1
1389	Whole:0.024619,0.020526,0.035955,0.059970,0.581549,0.024601,0.041157,0.064584,-1
1389	Cold:0.011286,0.009630,0.033876,0.058097,0.545923,0.022088,0.034208,0.034507,-1
1399	Whole:0.024452,0.020617,0.035700,0.060873,0.582344,0.024365,0.041252,0.064602,-1
1399	Cold:0.011455,0.009731,0.033954,0.058590,0.546430,0.022006,0.034318,0.034680,-1
1409	Whole:0.025180,0.020776,0.037249,0.060976,0.582155,0.024783,0.041555,0.064452,-1
1409	Cold:0.011691,0.009833,0.035405,0.058840,0.547021,0.021924,0.034383,0.034533,-1
1419	Whole:0.024498,0.020769,0.035674,0.060184,0.582455,0.024339,0.041049,0.064343,-1
1419	Cold:0.011759,0.009833,0.034881,0.058736,0.546851,0.022021,0.034394,0.034567,-1
1429	Whole:0.024725,0.021004,0.036262,0.061308,0.583554,0.024678,0.041728,0.065155,-1
1429	Cold:0.011421,0.009917,0.034222,0.059544,0.547273,0.021836,0.034431,0.034424,-1
1439	Whole:0.024301,0.020935,0.035216,0.061131,0.583478,0.024708,0.041739,0.065824,-1
1439	Cold:0.011556,0.009850,0.034819,0.059240,0.547189,0.022164,0.034674,0.035077,-1
1449	Whole:0.024634,0.020822,0.036007,0.060784,0.582382,0.024500,0.041412,0.065237,-1
1449	Cold:0.011151,0.009833,0.033670,0.059074,0.547189,0.021672,0.034230,0.034554,-1
1459	Whole:0.024710,0.020905,0.036196,0.060989,0.583062,0.024985,0.041929,0.065993,-1
1459	Cold:0.011860,0.009714,0.035438,0.058252,0.546430,0.022421,0.034643,0.035346,-1
1469	Whole:0.024331,0.020973,0.035178,0.061168,0.583024,0.024440,0.041423,0.064754,-1
1469	Cold:0.011151,0.009883,0.033222,0.060220,0.547273,0.021437,0.034173,0.033689,-1
1479	Whole:0.024771,0.021087,0.035994,0.062209,0.583403,0.024773,0.041984,0.065588,-1
1479	Cold:0.011590,0.010019,0.034658,0.060679,0.547695,0.022182,0.034983,0.034907,-1
1489	Whole:0.024619,0.020632,0.036289,0.060429,0.581890,0.024471,0.041244,0.065005,-1
1489	Cold:0.011657,0.009799,0.034569,0.059209,0.547021,0.021730,0.034308,0.034464,-1
1499	Whole:0.024877,0.021125,0.036846,0.062417,0.583252,0.024904,0.042100,0.065377,-1
1499	Cold:0.011928,0.010289,0.035931,0.062219,0.549214,0.022520,0.035707,0.035707,-1
1509	Whole:0.024498,0.021155,0.035902,0.061667,0.583478,0.024911,0.041979,0.065261,-1
1509	Cold:0.011319,0.010052,0.034437,0.060195,0.547864,0.022287,0.034955,0.034867,-1
1519	Whole:0.024756,0.020988,0.036932,0.061893,0.583442,0.025107,0.042229,0.065731,-1
1519	Cold:0.011894,0.010238,0.035841,0.061459,0.548962,0.022771,0.035728,0.035647,-1
1529	Whole:0.024649,0.021004,0.036089,0.061834,0.583479,0.024729,0.041844,0.064696,-1
1529	Cold:0.011421,0.010120,0.034091,0.060941,0.548455,0.022225,0.035110,0.035036,-1
1539	Whole:0.025195,0.020897,0.037503,0.060943,0.583177,0.024630,0.041622,0.065180,-1
1539	Cold:0.012063,0.009833,0.036132,0.058700,0.547106,0.022446,0.034819,0.035383,-1
1549	Whole:0.024468,0.020996,0.036054,0.061341,0.583101,0.025018,0.042001,0.065850,-1
1549	Cold:0.011488,0.009968,0.034541,0.060046,0.547696,0.022632,0.035240,0.035636,-1
1559	Whole:0.024680,0.021034,0.035565,0.060879,0.583176,0.024878,0.041811,0.065998,-1
1559	Cold:0.011522,0.009816,0.034078,0.058911,0.547104,0.022280,0.034661,0.035251,-1
1569	Whole:0.024801,0.020822,0.036624,0.060636,0.582873,0.024445,0.041343,0.065036,-1
1569	Cold:0.011793,0.009698,0.035593,0.058435,0.546683,0.021781,0.034149,0.034520,-1
1579	Whole:0.024862,0.021117,0.036554,0.061344,0.583403,0.025150,0.042062,0.065610,-1
1579	Cold:0.011759,0.009934,0.035889,0.059519,0.547527,0.022672,0.035149,0.035480,-1
1589	Whole:0.024589,0.020844,0.035582,0.060899,0.583214,0.024875,0.041767,0.065775,-1
1589	Cold:0.011556,0.009664,0.034434,0.058219,0.546261,0.022501,0.034684,0.035437,-1
1599	Whole:0.024816,0.021011,0.036923,0.061600,0.583366,0.025438,0.042458,0.066803,-1
1599	Cold:0.011725,0.010035,0.035724,0.059981,0.547949,0.022793,0.035366,0.035665,-1
1609	Whole:0.024877,0.021049,0.036339,0.060570,0.583478,0.024740,0.041663,0.065643,-1
1609	Cold:0.011522,0.009867,0.034433,0.058854,0.547105,0.021666,0.034194,0.034372,-1
1619	Whole:0.025074,0.021201,0.036613,0.062147,0.583782,0.024984,0.042210,0.065838,-1
1619	Cold:0.011894,0.010019,0.035697,0.060265,0.547527,0.022164,0.034911,0.034875,-1
1629	Whole:0.024543,0.021163,0.035952,0.061475,0.583668,0.024828,0.041885,0.065166,-1
1629	Cold:0.011252,0.009951,0.033654,0.059319,0.547442,0.022655,0.035098,0.035787,-1
1639	Whole:0.024937,0.021019,0.037008,0.061792,0.583706,0.025060,0.042102,0.065734,-1
1639	Cold:0.011691,0.010103,0.035606,0.060947,0.548455,0.022477,0.035335,0.035469,-1
1649	Whole:0.024498,0.020988,0.036261,0.060494,0.582948,0.024592,0.041429,0.064701,-1
1649	Cold:0.011488,0.009596,0.034401,0.057428,0.545755,0.021859,0.033954,0.034448,-1
1659	Whole:0.024589,0.021095,0.036277,0.061892,0.583744,0.024967,0.042113,0.065788,-1
1659	Cold:0.011657,0.010120,0.034853,0.060972,0.548455,0.022438,0.035356,0.035679,-1
1669	Whole:0.024756,0.021148,0.035842,0.061390,0.583705,0.025359,0.042358,0.066733,-1
1669	Cold:0.011657,0.009917,0.034730,0.059192,0.547443,0.022779,0.035241,0.036064,-1
1679	Whole:0.025059,0.021019,0.036791,0.060931,0.583365,0.024655,0.041633,0.065245,-1
1679	Cold:0.011556,0.010103,0.035175,0.060020,0.548370,0.021969,0.034731,0.034703,-1
1689	Whole:0.024695,0.021034,0.035634,0.061815,0.583592,0.024853,0.041942,0.065625,-1
1689	Cold:0.011319,0.009985,0.033823,0.060031,0.547780,0.022045,0.034767,0.034935,-1
1699	Whole:0.024528,0.020905,0.036708,0.060619,0.582987,0.024776,0.041730,0.066112,-1
1699	Cold:0.011894,0.010069,0.036070,0.060037,0.548202,0.022320,0.035091,0.035557,-1
1709	Whole:0.024922,0.021095,0.036828,0.061567,0.583365,0.025044,0.042108,0.065890,-1
1709	Cold:0.012130,0.010120,0.036639,0.060375,0.548287,0.022781,0.035573,0.036126,-1
1719	Whole:0.025044,0.020973,0.036383,0.060788,0.583214,0.024671,0.041608,0.065059,-1
1719	Cold:0.011353,0.009833,0.033775,0.058507,0.547105,0.022010,0.034416,0.034945,-1
1729	Whole:0.024847,0.021026,0.036385,0.062176,0.583706,0.024823,0.042005,0.065559,-1
1729	Cold:0.011488,0.010052,0.034893,0.060285,0.548201,0.022137,0.034869,0.034803,-1
1739	Whole:0.025165,0.020746,0.037080,0.060539,0.582420,0.025095,0.041852,0.065731,-1
1739	Cold:0.011759,0.009850,0.035394,0.058833,0.547105,0.022876,0.035181,0.035977,-1
1749	Whole:0.024574,0.020822,0.036451,0.060801,0.582571,0.024759,0.041640,0.065575,-1
1749	Cold:0.011691,0.009934,0.035051,0.058911,0.547443,0.022280,0.034764,0.035273,-1
1759	Whole:0.024816,0.020890,0.036781,0.061278,0.583176,0.025101,0.042024,0.065804,-1
1759	Cold:0.011826,0.010103,0.036084,0.060496,0.548455,0.022780,0.035496,0.035601,-1
1769	Whole:0.025059,0.020981,0.036653,0.061200,0.583176,0.024887,0.041906,0.065598,-1
1769	Cold:0.011928,0.009917,0.035654,0.059408,0.547527,0.022342,0.034872,0.034975,-1
1779	Whole:0.024862,0.020958,0.037044,0.060808,0.583593,0.024760,0.041823,0.065625,-1
1779	Cold:0.011995,0.010103,0.035630,0.059823,0.548033,0.022089,0.034822,0.034782,-1
1789	Whole:0.025256,0.021102,0.037585,0.061789,0.583745,0.025197,0.042329,0.066062,-1
1789	Cold:0.012299,0.010154,0.037076,0.061079,0.548624,0.022903,0.035729,0.035749,-1
1799	Whole:0.024725,0.020753,0.036831,0.060709,0.582458,0.024986,0.041836,0.065687,-1
1799	Cold:0.011624,0.010052,0.035685,0.060033,0.547865,0.022353,0.035030,0.034937,-1
1809	Whole:0.024937,0.020981,0.036392,0.061538,0.583290,0.025108,0.042157,0.066212,-1
1809	Cold:0.011624,0.010052,0.034606,0.060423,0.548286,0.022607,0.035335,0.035808,-1
1819	Whole:0.025438,0.020928,0.037242,0.060952,0.582686,0.025032,0.041917,0.065528,-1
1819	Cold:0.011759,0.009985,0.035400,0.059886,0.547696,0.022610,0.035202,0.035532,-1
1829	Whole:0.024710,0.021102,0.036629,0.062011,0.584122,0.025115,0.042294,0.066335,-1
1829	Cold:0.012097,0.010086,0.036259,0.060509,0.548540,0.022690,0.035417,0.035593,-1
1839	Whole:0.024528,0.020799,0.036423,0.061074,0.582950,0.025243,0.042224,0.066881,-1
1839	Cold:0.011826,0.010120,0.035873,0.060449,0.548118,0.022571,0.035328,0.035484,-1
1849	Whole:0.025089,0.020814,0.037138,0.060556,0.582534,0.024918,0.041754,0.065847,-1
1849	Cold:0.011995,0.009833,0.036346,0.058788,0.546684,0.022451,0.034783,0.035038,-1
1859	Whole:0.025225,0.021079,0.036790,0.062074,0.584047,0.025267,0.042446,0.066614,-1
1859	Cold:0.011691,0.010086,0.035085,0.060449,0.548455,0.022806,0.035526,0.035852,-1
1869	Whole:0.024922,0.021102,0.036716,0.061845,0.583706,0.025099,0.042245,0.066154,-1
1869	Cold:0.011725,0.010120,0.035592,0.059976,0.548371,0.022839,0.035568,0.036291,-1
1879	Whole:0.025271,0.021064,0.037225,0.061625,0.583821,0.025264,0.042422,0.066519,-1
1879	Cold:0.012266,0.010019,0.036633,0.059757,0.547865,0.022905,0.035484,0.036214,-1
1889	Whole:0.025089,0.021057,0.036583,0.061444,0.583593,0.025351,0.042417,0.067099,-1
1889	Cold:0.011826,0.010052,0.035625,0.060033,0.548287,0.023006,0.035620,0.036243,-1
1899	Whole:0.024953,0.020996,0.036834,0.061034,0.583365,0.024998,0.041917,0.065379,-1
1899	Cold:0.011860,0.009934,0.035685,0.059619,0.547612,0.022831,0.035320,0.035778,-1
1909	Whole:0.024740,0.020966,0.035980,0.061442,0.583215,0.025319,0.042308,0.066488,-1
1909	Cold:0.011387,0.010103,0.034085,0.060500,0.548371,0.023060,0.035759,0.036384,-1
1919	Whole:0.024998,0.021155,0.036716,0.061511,0.583631,0.025228,0.042209,0.065919,-1
1919	Cold:0.011759,0.010204,0.035527,0.061252,0.548877,0.022888,0.035694,0.035451,-1
1929	Whole:0.024998,0.021026,0.037318,0.061823,0.583594,0.025163,0.042328,0.065989,-1
1929	Cold:0.012130,0.010052,0.037070,0.060266,0.548287,0.022543,0.035307,0.035446,-1
1939	Whole:0.025286,0.021117,0.037294,0.061555,0.583405,0.025228,0.042335,0.066388,-1
1939	Cold:0.011928,0.010120,0.035541,0.059644,0.548203,0.022623,0.035340,0.036103,-1
1949	Whole:0.024619,0.021170,0.035980,0.061890,0.583970,0.024784,0.041972,0.065359,-1
1949	Cold:0.011455,0.010019,0.034367,0.060005,0.547695,0.021998,0.034658,0.034270,-1
1959	Whole:0.025286,0.020988,0.037298,0.062059,0.583745,0.025020,0.042253,0.066199,-1
1959	Cold:0.012266,0.010019,0.036526,0.060906,0.548203,0.022492,0.035299,0.035138,-1
1969	Whole:0.025241,0.020776,0.037570,0.061433,0.582951,0.025318,0.042341,0.066857,-1
1969	Cold:0.012130,0.010019,0.036408,0.060891,0.547950,0.022609,0.035418,0.035515,-1
1979	Whole:0.024771,0.021057,0.036564,0.061625,0.583933,0.024961,0.042096,0.065818,-1
1979	Cold:0.011826,0.010103,0.035372,0.060807,0.548371,0.022507,0.035345,0.035488,-1
1989	Whole:0.025195,0.021254,0.037174,0.063036,0.584124,0.025359,0.042747,0.066549,-1
1989	Cold:0.011556,0.010424,0.035428,0.062640,0.549299,0.022799,0.035998,0.035501,-1
1999	Whole:0.025241,0.021125,0.036944,0.062621,0.584011,0.025216,0.042607,0.066836,-1
1999	Cold:0.012029,0.010238,0.036352,0.061457,0.548962,0.023007,0.035991,0.036281,-1
0.025059,0.020837,0.036436,0.061703,0.582800,0.025037,0.042150,0.066363,-1
