[INFO ] Training: ...research/ssh/yelp/train0.5_folder_1, Testing:: .../research/ssh/yelp/test0.5_folder_1.
[DEBUG] User amount: 16477, item amount: 13179
[DEBUG] Rate amount: 122555, scales: {1.0}
[DEBUG] User amount: 16477, item amount: 13179
[DEBUG] Rate amount: 117731, scales: {1.0}
[INFO ] AdaBPR: 0.0,30,0.005,0.05,0.05,1500,3953
[INFO ] 604	Whole:0.033526,0.029825,0.024658,0.042561,0.602042,0.021007,0.035325,0.080501,-1
[INFO ] 604	Cold:0.014659,0.012898,0.024108,0.041401,0.559060,0.015167,0.028681,0.041983,-1
[INFO ] 609	Whole:0.033526,0.029925,0.024232,0.043101,0.602258,0.020989,0.035395,0.080229,-1
[INFO ] 609	Cold:0.014384,0.013072,0.023288,0.042032,0.559655,0.015102,0.028782,0.041881,-1
[INFO ] 614	Whole:0.033775,0.030111,0.024935,0.043233,0.602228,0.021164,0.035692,0.080949,-1
[INFO ] 614	Cold:0.014879,0.013118,0.024293,0.042035,0.559472,0.015219,0.028974,0.042505,-1
[INFO ] 619	Whole:0.033800,0.030043,0.024960,0.043160,0.602507,0.020978,0.035470,0.080802,-1
[INFO ] 619	Cold:0.014879,0.012999,0.024431,0.041853,0.559244,0.014916,0.028627,0.041819,-1
[INFO ] 624	Whole:0.033738,0.030086,0.024677,0.043023,0.602290,0.021123,0.035541,0.080885,-1
[INFO ] 624	Cold:0.014879,0.013054,0.024215,0.041939,0.559473,0.015201,0.028911,0.042310,-1
[INFO ] 629	Whole:0.033489,0.029950,0.024565,0.043024,0.602415,0.020908,0.035422,0.080496,-1
[INFO ] 629	Cold:0.014604,0.013036,0.024040,0.041758,0.559564,0.014903,0.028616,0.041731,-1
[INFO ] 634	Whole:0.033576,0.029906,0.024635,0.042713,0.601947,0.020822,0.035157,0.080395,-1
[INFO ] 634	Cold:0.014769,0.012861,0.023976,0.041595,0.558831,0.014775,0.028371,0.041334,-1
[INFO ] 639	Whole:0.034086,0.030062,0.024777,0.043210,0.602662,0.021141,0.035636,0.080872,-1
[INFO ] 639	Cold:0.014879,0.013045,0.024113,0.041835,0.559289,0.015209,0.028859,0.042068,-1
[INFO ] 644	Whole:0.033651,0.030068,0.024460,0.043462,0.602663,0.021159,0.035713,0.080816,-1
[INFO ] 644	Cold:0.014751,0.013136,0.023896,0.042396,0.559656,0.015250,0.029049,0.042241,-1
[INFO ] 649	Whole:0.033750,0.030055,0.024763,0.043262,0.603097,0.020892,0.035500,0.080584,-1
[INFO ] 649	Cold:0.014659,0.013091,0.024127,0.041930,0.559930,0.014916,0.028675,0.041837,-1
[INFO ] 654	Whole:0.033899,0.030198,0.024941,0.043500,0.603129,0.021232,0.035856,0.081457,-1
[INFO ] 654	Cold:0.014824,0.013182,0.024322,0.042360,0.560571,0.015205,0.029068,0.042551,-1
[INFO ] 659	Whole:0.033850,0.030230,0.025334,0.043475,0.602911,0.021162,0.035775,0.081439,-1
[INFO ] 659	Cold:0.015100,0.013182,0.024826,0.042333,0.559931,0.015170,0.029045,0.042511,-1
[INFO ] 664	Whole:0.033501,0.030192,0.024344,0.043191,0.602320,0.021088,0.035554,0.080794,-1
[INFO ] 664	Cold:0.014531,0.013072,0.023796,0.042033,0.559381,0.015053,0.028797,0.041957,-1
[INFO ] 669	Whole:0.033837,0.030142,0.025148,0.043241,0.603096,0.021134,0.035616,0.081193,-1
[INFO ] 669	Cold:0.014879,0.013036,0.024775,0.041992,0.559427,0.015091,0.028823,0.042065,-1
[INFO ] 674	Whole:0.033912,0.030118,0.024929,0.042964,0.602382,0.021048,0.035522,0.080693,-1
[INFO ] 674	Cold:0.014861,0.012944,0.024293,0.041510,0.559106,0.015043,0.028658,0.041982,-1
[INFO ] 679	Whole:0.034049,0.029943,0.025089,0.043150,0.601918,0.021210,0.035648,0.080869,-1
[INFO ] 679	Cold:0.015026,0.013036,0.024676,0.042175,0.559290,0.015345,0.029114,0.042658,-1
[INFO ] 684	Whole:0.033937,0.030049,0.025177,0.043118,0.602632,0.021265,0.035755,0.081687,-1
[INFO ] 684	Cold:0.014989,0.012999,0.024802,0.041794,0.559565,0.015324,0.029036,0.042875,-1
[INFO ] 689	Whole:0.034235,0.030248,0.025007,0.043650,0.603624,0.021232,0.035923,0.081343,-1
[INFO ] 689	Cold:0.014971,0.013219,0.024510,0.042412,0.560114,0.015322,0.029193,0.042677,-1
[INFO ] 694	Whole:0.034136,0.030130,0.025366,0.043334,0.602943,0.021221,0.035791,0.081727,-1
[INFO ] 694	Cold:0.015063,0.013146,0.024904,0.042215,0.560160,0.015166,0.028997,0.042462,-1
[INFO ] 699	Whole:0.034123,0.030254,0.025164,0.043633,0.603469,0.021210,0.035895,0.081426,-1
[INFO ] 699	Cold:0.015008,0.013201,0.024725,0.042318,0.559839,0.015302,0.029148,0.042538,-1
[INFO ] 704	Whole:0.034098,0.030161,0.025253,0.043196,0.602910,0.021183,0.035723,0.081685,-1
[INFO ] 704	Cold:0.015008,0.013118,0.024738,0.041977,0.559656,0.015116,0.028906,0.042400,-1
[INFO ] 709	Whole:0.033912,0.030124,0.025059,0.043395,0.602941,0.021133,0.035763,0.081603,-1
[INFO ] 709	Cold:0.015081,0.013146,0.024690,0.042138,0.559656,0.015104,0.028938,0.042278,-1
[INFO ] 714	Whole:0.034360,0.030553,0.025160,0.043940,0.603935,0.021479,0.036197,0.081883,-1
[INFO ] 714	Cold:0.014934,0.013191,0.024601,0.042479,0.560022,0.015371,0.029206,0.042428,-1
[INFO ] 719	Whole:0.033974,0.030192,0.024978,0.043130,0.602569,0.021271,0.035709,0.081509,-1
[INFO ] 719	Cold:0.014714,0.013081,0.024335,0.041954,0.559793,0.015134,0.028867,0.042227,-1
[INFO ] 724	Whole:0.034061,0.030391,0.024889,0.043541,0.603283,0.021273,0.035958,0.082314,-1
[INFO ] 724	Cold:0.014953,0.013228,0.024396,0.042447,0.560160,0.015172,0.029098,0.042516,-1
[INFO ] 729	Whole:0.034832,0.030155,0.025282,0.043495,0.602849,0.021446,0.035942,0.081862,-1
[INFO ] 729	Cold:0.015301,0.013164,0.024666,0.042505,0.560068,0.015314,0.029172,0.042537,-1
[INFO ] 734	Whole:0.034646,0.030366,0.025300,0.044068,0.603875,0.021350,0.036133,0.081827,-1
[INFO ] 734	Cold:0.015136,0.013357,0.024607,0.043049,0.560710,0.015229,0.029298,0.042505,-1
[INFO ] 739	Whole:0.034472,0.030155,0.025409,0.043499,0.602974,0.021155,0.035765,0.082012,-1
[INFO ] 739	Cold:0.015228,0.013246,0.025005,0.042499,0.560251,0.014995,0.028936,0.042232,-1
[INFO ] 744	Whole:0.034297,0.030230,0.024812,0.043497,0.602820,0.021187,0.035820,0.081795,-1
[INFO ] 744	Cold:0.015026,0.013164,0.024086,0.042306,0.559839,0.015080,0.028920,0.042169,-1
[INFO ] 749	Whole:0.034148,0.030167,0.024985,0.043205,0.603035,0.021123,0.035651,0.082119,-1
[INFO ] 749	Cold:0.014879,0.013146,0.024483,0.042046,0.560114,0.014861,0.028759,0.042326,-1
[INFO ] 754	Whole:0.034285,0.030310,0.025255,0.043580,0.603469,0.021309,0.035919,0.082061,-1
[INFO ] 754	Cold:0.015246,0.013136,0.024850,0.042347,0.560114,0.015292,0.029132,0.042746,-1
[INFO ] 759	Whole:0.034484,0.030578,0.024902,0.044354,0.604091,0.021325,0.036114,0.081473,-1
[INFO ] 759	Cold:0.014769,0.013430,0.023887,0.043245,0.560938,0.015177,0.029214,0.041973,-1
[INFO ] 764	Whole:0.034285,0.030541,0.025048,0.043857,0.603965,0.021526,0.036168,0.082180,-1
[INFO ] 764	Cold:0.014879,0.013357,0.024376,0.042737,0.560709,0.015367,0.029316,0.042608,-1
[INFO ] 769	Whole:0.034459,0.030379,0.025123,0.043810,0.604151,0.021279,0.036029,0.082477,-1
[INFO ] 769	Cold:0.015136,0.013384,0.024523,0.042970,0.561076,0.015178,0.029252,0.042605,-1
[INFO ] 774	Whole:0.034496,0.030541,0.025144,0.043842,0.603873,0.021410,0.036110,0.082409,-1
[INFO ] 774	Cold:0.015026,0.013265,0.024533,0.042530,0.560663,0.015324,0.029243,0.042776,-1
[INFO ] 779	Whole:0.034024,0.030366,0.024545,0.043932,0.603841,0.021210,0.035959,0.081685,-1
[INFO ] 779	Cold:0.014788,0.013246,0.023735,0.042731,0.560526,0.015072,0.029059,0.042424,-1
[INFO ] 784	Whole:0.034546,0.030603,0.025155,0.044245,0.604370,0.021688,0.036449,0.082641,-1
[INFO ] 784	Cold:0.014879,0.013384,0.024420,0.043064,0.561030,0.015525,0.029542,0.042842,-1
[INFO ] 789	Whole:0.034534,0.030441,0.025142,0.043907,0.604059,0.021350,0.036104,0.082098,-1
[INFO ] 789	Cold:0.015063,0.013283,0.024481,0.042813,0.560664,0.015229,0.029177,0.042234,-1
[INFO ] 794	Whole:0.034546,0.030397,0.025155,0.043618,0.603902,0.021531,0.036226,0.083096,-1
[INFO ] 794	Cold:0.014953,0.013246,0.024484,0.042399,0.560343,0.015431,0.029334,0.043218,-1
[INFO ] 799	Whole:0.034584,0.030584,0.025560,0.043966,0.604029,0.021481,0.036296,0.082797,-1
[INFO ] 799	Cold:0.015393,0.013366,0.025053,0.042627,0.560710,0.015310,0.029305,0.042836,-1
[INFO ] 804	Whole:0.034807,0.030416,0.025380,0.043703,0.603719,0.021439,0.036181,0.083178,-1
[INFO ] 804	Cold:0.015283,0.013265,0.024906,0.042402,0.560252,0.015194,0.029133,0.042658,-1
[INFO ] 809	Whole:0.034646,0.030584,0.025529,0.044003,0.604059,0.021570,0.036349,0.083244,-1
[INFO ] 809	Cold:0.015265,0.013210,0.025051,0.042594,0.560526,0.015300,0.029233,0.042790,-1
[INFO ] 814	Whole:0.034210,0.030516,0.024823,0.043465,0.603965,0.021172,0.035825,0.081816,-1
[INFO ] 814	Cold:0.015008,0.013063,0.024269,0.041825,0.559701,0.014976,0.028717,0.041996,-1
[INFO ] 819	Whole:0.034870,0.030522,0.025394,0.043492,0.604461,0.021358,0.036098,0.082595,-1
[INFO ] 819	Cold:0.015301,0.013274,0.024619,0.041979,0.560297,0.015191,0.029070,0.042804,-1
[INFO ] 824	Whole:0.034621,0.030727,0.024901,0.044123,0.604493,0.021585,0.036326,0.083070,-1
[INFO ] 824	Cold:0.014806,0.013357,0.024101,0.042702,0.560800,0.015233,0.029238,0.042871,-1
[INFO ] 829	Whole:0.034546,0.030690,0.025953,0.044019,0.604214,0.021472,0.036270,0.082122,-1
[INFO ] 829	Cold:0.015485,0.013329,0.025500,0.042699,0.560572,0.015367,0.029334,0.042679,-1