Training: ...search/ranking/data/ml_100k/u1.base, Testing:: ...search/ranking/data/ml_100k/u1.test.
PortRanker: 0.0,30,0.005,0.3,0.3,200,10,100,1.0
19	Whole:0.513725,0.459041,0.099090,0.164456,0.000000,0.364985,0.232322,0.730173,-1
19	Cold:0.200000,0.200000,0.058824,0.117647,0.000000,0.133333,0.213717,1.000000,-1
29	Whole:0.551634,0.483660,0.109160,0.176725,0.000000,0.389484,0.246419,0.746814,-1
29	Cold:0.200000,0.200000,0.058824,0.117647,0.000000,0.066667,0.134925,0.333333,-1
39	Whole:0.556863,0.496514,0.108802,0.184474,0.000000,0.407391,0.254966,0.759602,-1
39	Cold:0.200000,0.200000,0.058824,0.117647,0.000000,0.066667,0.134925,0.333333,-1
49	Whole:0.562092,0.511111,0.111998,0.194629,0.000000,0.414971,0.264210,0.766015,-1
49	Cold:0.400000,0.200000,0.117647,0.117647,0.000000,0.140000,0.218546,1.000000,-1
59	Whole:0.566013,0.506318,0.114420,0.190615,0.000000,0.414178,0.260794,0.765517,-1
59	Cold:0.200000,0.100000,0.058824,0.058824,0.000000,0.050000,0.099425,0.500000,-1
69	Whole:0.565142,0.505011,0.115238,0.189204,0.000000,0.410618,0.262272,0.769480,-1
69	Cold:0.200000,0.300000,0.058824,0.176471,0.000000,0.102222,0.192414,0.500000,-1
79	Whole:0.564270,0.496950,0.114940,0.193604,0.000000,0.407552,0.263304,0.771075,-1
79	Cold:0.200000,0.300000,0.058824,0.176471,0.000000,0.163333,0.259269,1.000000,-1
89	Whole:0.566885,0.494336,0.116434,0.188717,0.000000,0.407115,0.261367,0.770121,-1
89	Cold:0.200000,0.300000,0.058824,0.176471,0.000000,0.166667,0.261155,1.000000,-1
99	Whole:0.557298,0.501743,0.112261,0.192520,0.000000,0.409794,0.263202,0.769727,-1
99	Cold:0.200000,0.300000,0.058824,0.176471,0.000000,0.095238,0.178758,0.333333,-1
109	Whole:0.569499,0.503486,0.116558,0.191046,0.000000,0.412480,0.262652,0.769135,-1
109	Cold:0.200000,0.300000,0.058824,0.176471,0.000000,0.078333,0.158112,0.200000,-1
119	Whole:0.566013,0.496078,0.116347,0.187786,0.000000,0.407443,0.259895,0.755084,-1
119	Cold:0.200000,0.300000,0.058824,0.176471,0.000000,0.095833,0.173713,0.250000,-1
129	Whole:0.565142,0.502832,0.113803,0.193436,0.000000,0.411376,0.265174,0.771344,-1
129	Cold:0.200000,0.300000,0.058824,0.176471,0.000000,0.096190,0.169623,0.200000,-1
139	Whole:0.562527,0.500000,0.116524,0.189778,0.000000,0.407997,0.262805,0.771158,-1
139	Cold:0.200000,0.300000,0.058824,0.176471,0.000000,0.083571,0.165948,0.250000,-1
149	Whole:0.558170,0.500654,0.113683,0.191736,0.000000,0.407079,0.262718,0.764498,-1
149	Cold:0.000000,0.300000,0.000000,0.176471,0.000000,0.082738,0.158373,0.166667,-1
159	Whole:0.562527,0.498693,0.114965,0.190373,0.000000,0.406311,0.264123,0.779431,-1
159	Cold:0.000000,0.300000,0.000000,0.176471,0.000000,0.068889,0.149122,0.166667,-1
169	Whole:0.558606,0.503704,0.113655,0.189568,0.000000,0.413026,0.262714,0.773679,-1
169	Cold:0.000000,0.200000,0.000000,0.117647,0.000000,0.031111,0.092990,0.111111,-1
179	Whole:0.576035,0.500000,0.119823,0.190119,0.000000,0.414647,0.267075,0.795468,-1
179	Cold:0.000000,0.200000,0.000000,0.117647,0.000000,0.039286,0.102240,0.142857,-1
189	Whole:0.572549,0.498039,0.116399,0.190457,0.000000,0.410198,0.264172,0.785643,-1
189	Cold:0.000000,0.200000,0.000000,0.117647,0.000000,0.041667,0.105845,0.166667,-1
199	Whole:0.571678,0.499346,0.115835,0.191421,0.000000,0.413467,0.264462,0.785922,-1
199	Cold:0.200000,0.200000,0.058824,0.117647,0.000000,0.058333,0.124001,0.250000,-1
0.565142,0.499564,0.114794,0.188650,0.000000,0.412061,0.263702,0.785474,-1
