Training: ...search/ranking/data/ml_100k/u1.base, Testing:: ...search/ranking/data/ml_100k/u1.test.
PortRanker: 0.0,30,0.005,0.3,0.3,200,10,100,1.0
Begin to initialize variance & neighbors matrix
Variance & neighbors matrix intialization ends!
19	Whole:0.002614,0.002832,0.000115,0.000282,0.000000,0.000844,0.000557,0.008009,-1
19	Cold:0.000000,0.000000,0.000000,0.000000,0.000000,0.000000,0.000000,0.000000,-1
29	Whole:0.002614,0.001743,0.000115,0.000150,0.000000,0.000591,0.000348,0.005907,-1
29	Cold:0.000000,0.000000,0.000000,0.000000,0.000000,0.000000,0.000000,0.000000,-1
39	Whole:0.001743,0.001743,0.000063,0.000129,0.000000,0.000372,0.000264,0.003716,-1
39	Cold:0.000000,0.000000,0.000000,0.000000,0.000000,0.000000,0.000000,0.000000,-1
49	Whole:0.001307,0.001307,0.000051,0.000100,0.000000,0.000280,0.000206,0.002796,-1
49	Cold:0.000000,0.000000,0.000000,0.000000,0.000000,0.000000,0.000000,0.000000,-1
59	Whole:0.575163,0.509586,0.115666,0.187345,0.000000,0.421423,0.262234,0.774618,-1
59	Cold:0.400000,0.300000,0.117647,0.176471,0.000000,0.154167,0.227929,0.500000,-1
69	Whole:0.572549,0.508715,0.115186,0.190363,0.000000,0.419328,0.262047,0.765442,-1
69	Cold:0.400000,0.300000,0.117647,0.176471,0.000000,0.123333,0.207824,0.500000,-1
79	Whole:0.580392,0.512854,0.117546,0.193560,0.000000,0.426569,0.267259,0.778371,-1
79	Cold:0.600000,0.300000,0.176471,0.176471,0.000000,0.210000,0.286414,1.000000,-1
89	Whole:0.575599,0.508715,0.117268,0.192199,0.000000,0.422822,0.266453,0.773883,-1
89	Cold:0.400000,0.300000,0.117647,0.176471,0.000000,0.140000,0.216519,0.500000,-1
99	Whole:0.576471,0.511983,0.115403,0.193306,0.000000,0.424854,0.268342,0.799193,-1
99	Cold:0.400000,0.300000,0.117647,0.176471,0.000000,0.133333,0.202793,0.333333,-1
109	Whole:0.582571,0.505882,0.117804,0.192350,0.000000,0.420109,0.265263,0.779618,-1
109	Cold:0.600000,0.300000,0.176471,0.176471,0.000000,0.143333,0.207622,0.333333,-1
119	Whole:0.579521,0.507843,0.117647,0.190719,0.000000,0.427342,0.267255,0.789868,-1
119	Cold:0.200000,0.300000,0.058824,0.176471,0.000000,0.120833,0.205270,0.500000,-1
129	Whole:0.568627,0.508932,0.113975,0.192115,0.000000,0.421389,0.266367,0.783628,-1
129	Cold:0.200000,0.300000,0.058824,0.176471,0.000000,0.109524,0.187453,0.333333,-1
139	Whole:0.576471,0.510022,0.117593,0.196765,0.000000,0.420670,0.268570,0.781240,-1
139	Cold:0.400000,0.300000,0.117647,0.176471,0.000000,0.137500,0.217005,0.500000,-1
149	Whole:0.576906,0.509804,0.115707,0.193844,0.000000,0.424450,0.265290,0.775912,-1
149	Cold:0.400000,0.300000,0.117647,0.176471,0.000000,0.123333,0.195887,0.333333,-1
159	Whole:0.575163,0.512200,0.115146,0.193973,0.000000,0.428857,0.268223,0.780611,-1
159	Cold:0.200000,0.300000,0.058824,0.176471,0.000000,0.116667,0.202995,0.500000,-1
169	Whole:0.575163,0.510458,0.115127,0.190365,0.000000,0.424764,0.266161,0.784139,-1
169	Cold:0.400000,0.300000,0.117647,0.176471,0.000000,0.150000,0.225654,0.500000,-1
179	Whole:0.579085,0.506972,0.118011,0.191474,0.000000,0.421298,0.266905,0.791479,-1
179	Cold:0.600000,0.300000,0.176471,0.176471,0.000000,0.191667,0.246085,0.500000,-1
189	Whole:0.580392,0.509804,0.115693,0.189067,0.000000,0.425703,0.266499,0.794533,-1
189	Cold:0.400000,0.300000,0.117647,0.176471,0.000000,0.209524,0.288904,1.000000,-1
199	Whole:0.581264,0.510458,0.117339,0.191548,0.000000,0.423189,0.266839,0.777664,-1
199	Cold:0.600000,0.300000,0.176471,0.176471,0.000000,0.191667,0.246085,0.500000,-1
0.572549,0.506318,0.116631,0.189243,0.000000,0.419629,0.264799,0.781710,-1
