Training: ...search/ranking/data/ml_100k/u1.base, Testing:: ...search/ranking/data/ml_100k/u1.test.
GBPR: 0.0,0.8,3,30,0.005,-1.0,0.05,0.05,0.05,1800
204	Whole:0.427451,0.371242,0.079416,0.132841,0.922883,0.276668,0.185071,0.641615,-1
204	Cold:0.200000,0.200000,0.058824,0.117647,0.988139,0.050000,0.117580,0.250000,-1
209	Whole:0.428758,0.374510,0.081111,0.136562,0.928211,0.280180,0.189595,0.648968,-1
209	Cold:0.200000,0.200000,0.058824,0.117647,0.988139,0.070000,0.144977,0.500000,-1
214	Whole:0.425708,0.374946,0.081186,0.135347,0.929250,0.278913,0.186420,0.640889,-1
214	Cold:0.200000,0.200000,0.058824,0.117647,0.987835,0.047222,0.115305,0.250000,-1
219	Whole:0.432244,0.374946,0.081024,0.136789,0.929297,0.280266,0.188510,0.643977,-1
219	Cold:0.200000,0.200000,0.058824,0.117647,0.988747,0.058333,0.124001,0.250000,-1
224	Whole:0.411765,0.369717,0.078229,0.130602,0.926022,0.273016,0.181908,0.626656,-1
224	Cold:0.200000,0.100000,0.058824,0.058824,0.987842,0.020000,0.060962,0.200000,-1
229	Whole:0.424401,0.370153,0.079516,0.131925,0.928220,0.276712,0.185179,0.640136,-1
229	Cold:0.200000,0.200000,0.058824,0.117647,0.988139,0.050000,0.117580,0.250000,-1
234	Whole:0.430937,0.371024,0.080598,0.131122,0.925036,0.277346,0.183917,0.624021,-1
234	Cold:0.200000,0.200000,0.058824,0.117647,0.988747,0.058333,0.124001,0.250000,-1
239	Whole:0.426580,0.372113,0.080419,0.132878,0.923991,0.277709,0.186527,0.634002,-1
239	Cold:0.200000,0.100000,0.058824,0.058824,0.988450,0.025000,0.067868,0.250000,-1
244	Whole:0.413072,0.370153,0.076923,0.133153,0.928167,0.271647,0.183990,0.631274,-1
244	Cold:0.200000,0.200000,0.058824,0.117647,0.987835,0.047222,0.115305,0.250000,-1
249	Whole:0.423529,0.374292,0.081683,0.135296,0.928256,0.279595,0.187997,0.646139,-1
249	Cold:0.400000,0.200000,0.117647,0.117647,0.989051,0.065000,0.128830,0.250000,-1
254	Whole:0.416558,0.369281,0.078847,0.131225,0.925035,0.275330,0.184250,0.642357,-1
254	Cold:0.200000,0.200000,0.058824,0.117647,0.988139,0.050000,0.117580,0.250000,-1
259	Whole:0.419608,0.375381,0.079498,0.136144,0.928292,0.278379,0.187218,0.638573,-1
259	Cold:0.200000,0.100000,0.058824,0.058824,0.988450,0.025000,0.067868,0.250000,-1
264	Whole:0.424401,0.371895,0.080217,0.132197,0.926076,0.279460,0.187358,0.651541,-1
264	Cold:0.200000,0.200000,0.058824,0.117647,0.988747,0.058333,0.124001,0.250000,-1
269	Whole:0.427015,0.375599,0.079927,0.133738,0.928240,0.277885,0.186203,0.640106,-1
269	Cold:0.200000,0.200000,0.058824,0.117647,0.987835,0.047222,0.115305,0.250000,-1
274	Whole:0.424837,0.372113,0.080541,0.133855,0.927190,0.277403,0.186880,0.640387,-1
274	Cold:0.200000,0.200000,0.058824,0.117647,0.987835,0.053333,0.124344,0.333333,-1
279	Whole:0.423529,0.375163,0.078102,0.135910,0.928297,0.277714,0.186482,0.631379,-1
279	Cold:0.200000,0.100000,0.058824,0.058824,0.988450,0.025000,0.067868,0.250000,-1
284	Whole:0.423529,0.380610,0.078987,0.135596,0.928211,0.280902,0.187822,0.636103,-1
284	Cold:0.200000,0.200000,0.058824,0.117647,0.989051,0.066667,0.134925,0.333333,-1
289	Whole:0.420915,0.373420,0.080630,0.134052,0.927135,0.277331,0.185767,0.639995,-1
289	Cold:0.200000,0.100000,0.058824,0.058824,0.989058,0.033333,0.078792,0.333333,-1
294	Whole:0.427015,0.379085,0.082089,0.136068,0.930332,0.282393,0.190219,0.654752,-1
294	Cold:0.200000,0.200000,0.058824,0.117647,0.988139,0.070000,0.144977,0.500000,-1
299	Whole:0.426580,0.375163,0.081070,0.135789,0.929369,0.279162,0.186765,0.626401,-1
299	Cold:0.400000,0.200000,0.117647,0.117647,0.989051,0.065000,0.128830,0.250000,-1
304	Whole:0.433987,0.380610,0.082414,0.137848,0.930474,0.284789,0.189889,0.647432,-1
304	Cold:0.200000,0.200000,0.058824,0.117647,0.988443,0.053571,0.120396,0.250000,-1
309	Whole:0.427887,0.378431,0.079668,0.136761,0.930367,0.281800,0.189238,0.648714,-1
309	Cold:0.200000,0.100000,0.058824,0.058824,0.989666,0.050000,0.099425,0.500000,-1
314	Whole:0.435294,0.375817,0.083663,0.133510,0.925083,0.279762,0.185668,0.632718,-1
314	Cold:0.400000,0.200000,0.117647,0.117647,0.989051,0.065000,0.128830,0.250000,-1
319	Whole:0.432244,0.378431,0.081359,0.137378,0.930406,0.281873,0.189309,0.647691,-1
319	Cold:0.200000,0.200000,0.058824,0.117647,0.989051,0.066667,0.134925,0.333333,-1
324	Whole:0.440523,0.383442,0.084372,0.140338,0.930484,0.288590,0.193292,0.659960,-1
324	Cold:0.200000,0.200000,0.058824,0.117647,0.988443,0.058333,0.128504,0.333333,-1
329	Whole:0.436601,0.380174,0.083175,0.138846,0.930462,0.286395,0.191394,0.648325,-1
329	Cold:0.200000,0.200000,0.058824,0.117647,0.987530,0.045000,0.113420,0.250000,-1
334	Whole:0.429630,0.380610,0.082478,0.135588,0.931421,0.282818,0.188942,0.640141,-1
334	Cold:0.200000,0.200000,0.058824,0.117647,0.988443,0.053571,0.120396,0.250000,-1
339	Whole:0.435730,0.381264,0.082027,0.138180,0.930445,0.284688,0.190172,0.648288,-1
339	Cold:0.200000,0.200000,0.058824,0.117647,0.989355,0.083333,0.155557,0.500000,-1
344	Whole:0.430937,0.378431,0.080696,0.137708,0.930377,0.281915,0.188493,0.632535,-1
344	Cold:0.200000,0.200000,0.058824,0.117647,0.988139,0.055556,0.126230,0.333333,-1
349	Whole:0.437908,0.383878,0.083350,0.138152,0.930476,0.289023,0.192492,0.656499,-1
349	Cold:0.200000,0.200000,0.058824,0.117647,0.988443,0.058333,0.128504,0.333333,-1
354	Whole:0.431373,0.389107,0.083287,0.142575,0.931569,0.290723,0.195644,0.660094,-1
354	Cold:0.200000,0.200000,0.058824,0.117647,0.987530,0.042222,0.108400,0.200000,-1
359	Whole:0.437908,0.383878,0.081793,0.139268,0.931569,0.288261,0.191167,0.643761,-1
359	Cold:0.200000,0.100000,0.058824,0.058824,0.988450,0.025000,0.067868,0.250000,-1
364	Whole:0.442266,0.385621,0.085779,0.137570,0.930526,0.290087,0.191924,0.654241,-1
364	Cold:0.200000,0.200000,0.058824,0.117647,0.989051,0.066667,0.134925,0.333333,-1
369	Whole:0.443573,0.387364,0.085455,0.138655,0.929403,0.289716,0.192516,0.641791,-1
369	Cold:0.400000,0.200000,0.117647,0.117647,0.989051,0.065000,0.128830,0.250000,-1
374	Whole:0.450109,0.382571,0.085227,0.138710,0.929485,0.286227,0.192104,0.646914,-1
374	Cold:0.200000,0.100000,0.058824,0.058824,0.989058,0.033333,0.078792,0.333333,-1
379	Whole:0.444444,0.384096,0.085079,0.140825,0.934719,0.288460,0.193888,0.649698,-1
379	Cold:0.200000,0.200000,0.058824,0.117647,0.987530,0.045000,0.113420,0.250000,-1
384	Whole:0.448802,0.386057,0.085545,0.139909,0.929491,0.291166,0.194622,0.660651,-1
384	Cold:0.200000,0.200000,0.058824,0.117647,0.987530,0.045000,0.113420,0.250000,-1
389	Whole:0.446187,0.387800,0.086275,0.142263,0.934746,0.292144,0.196034,0.653740,-1
389	Cold:0.200000,0.100000,0.058824,0.058824,0.988450,0.025000,0.067868,0.250000,-1
394	Whole:0.437037,0.385621,0.084291,0.140018,0.934729,0.287849,0.194284,0.658447,-1
394	Cold:0.200000,0.200000,0.058824,0.117647,0.987530,0.042222,0.108400,0.200000,-1
399	Whole:0.438344,0.389542,0.084354,0.143599,0.936866,0.290654,0.195455,0.646538,-1
399	Cold:0.200000,0.200000,0.058824,0.117647,0.988443,0.053571,0.120396,0.250000,-1
404	Whole:0.453159,0.391939,0.088479,0.140095,0.932685,0.297170,0.196851,0.657804,-1
404	Cold:0.200000,0.200000,0.058824,0.117647,0.988443,0.058333,0.128504,0.333333,-1
409	Whole:0.451852,0.390414,0.087505,0.141610,0.934824,0.298473,0.198937,0.676261,-1
409	Cold:0.200000,0.200000,0.058824,0.117647,0.988443,0.058333,0.128504,0.333333,-1
414	Whole:0.444444,0.394989,0.086199,0.143248,0.933693,0.297551,0.197507,0.659641,-1
414	Cold:0.200000,0.200000,0.058824,0.117647,0.988747,0.061905,0.131320,0.333333,-1
419	Whole:0.447495,0.391068,0.087023,0.142770,0.936930,0.294483,0.197051,0.661964,-1
419	Cold:0.400000,0.200000,0.117647,0.117647,0.989659,0.083333,0.146660,0.333333,-1
424	Whole:0.457516,0.390632,0.088264,0.141421,0.932726,0.296230,0.198067,0.669776,-1
424	Cold:0.200000,0.100000,0.058824,0.058824,0.989666,0.050000,0.099425,0.500000,-1
429	Whole:0.450980,0.394989,0.087739,0.141286,0.932685,0.297241,0.197628,0.658798,-1
429	Cold:0.200000,0.200000,0.058824,0.117647,0.988139,0.050000,0.117580,0.250000,-1
434	Whole:0.454031,0.389978,0.087251,0.140363,0.932717,0.297185,0.198623,0.666798,-1
434	Cold:0.200000,0.200000,0.058824,0.117647,0.989051,0.066667,0.134925,0.333333,-1
439	Whole:0.444880,0.393464,0.085472,0.142784,0.939013,0.298264,0.200207,0.672491,-1
439	Cold:0.200000,0.100000,0.058824,0.058824,0.989058,0.033333,0.078792,0.333333,-1
444	Whole:0.450545,0.396296,0.087248,0.143043,0.935897,0.300553,0.200109,0.669538,-1
444	Cold:0.200000,0.200000,0.058824,0.117647,0.987530,0.045000,0.113420,0.250000,-1
449	Whole:0.455773,0.394989,0.089110,0.143091,0.936969,0.298920,0.199361,0.669613,-1
449	Cold:0.200000,0.200000,0.058824,0.117647,0.987835,0.047222,0.115305,0.250000,-1
454	Whole:0.446623,0.393682,0.086282,0.142197,0.931658,0.296823,0.198542,0.663205,-1
454	Cold:0.200000,0.200000,0.058824,0.117647,0.988443,0.058333,0.128504,0.333333,-1
459	Whole:0.442702,0.393028,0.086536,0.141151,0.934776,0.296582,0.198312,0.665767,-1
459	Cold:0.200000,0.200000,0.058824,0.117647,0.988139,0.050000,0.117580,0.250000,-1
464	Whole:0.453159,0.395425,0.089157,0.140297,0.936946,0.298931,0.197630,0.661613,-1
464	Cold:0.200000,0.200000,0.058824,0.117647,0.988139,0.050000,0.117580,0.250000,-1
469	Whole:0.445752,0.392593,0.085118,0.141765,0.936849,0.293623,0.196616,0.662072,-1
469	Cold:0.200000,0.200000,0.058824,0.117647,0.988747,0.058333,0.124001,0.250000,-1
474	Whole:0.447495,0.397603,0.084615,0.144185,0.936908,0.298231,0.199191,0.665142,-1
474	Cold:0.200000,0.200000,0.058824,0.117647,0.988747,0.058333,0.124001,0.250000,-1
479	Whole:0.453595,0.396950,0.086927,0.144069,0.939020,0.297129,0.198626,0.660067,-1
479	Cold:0.200000,0.200000,0.058824,0.117647,0.988747,0.058333,0.124001,0.250000,-1
484	Whole:0.447930,0.395425,0.087767,0.142583,0.935854,0.296393,0.198638,0.661798,-1
484	Cold:0.200000,0.200000,0.058824,0.117647,0.988139,0.050000,0.117580,0.250000,-1
489	Whole:0.454902,0.393246,0.089798,0.142943,0.934826,0.295453,0.198462,0.655405,-1
489	Cold:0.200000,0.200000,0.058824,0.117647,0.988139,0.050000,0.117580,0.250000,-1
494	Whole:0.445752,0.396950,0.086710,0.142766,0.933767,0.300852,0.200463,0.669179,-1
494	Cold:0.200000,0.200000,0.058824,0.117647,0.988747,0.061905,0.131320,0.333333,-1
499	Whole:0.449237,0.391068,0.085229,0.140107,0.934762,0.296065,0.196740,0.656044,-1
499	Cold:0.200000,0.100000,0.058824,0.058824,0.988450,0.025000,0.067868,0.250000,-1
504	Whole:0.447495,0.391939,0.086600,0.141976,0.933732,0.296251,0.198729,0.666818,-1
504	Cold:0.200000,0.200000,0.058824,0.117647,0.988747,0.058333,0.124001,0.250000,-1
509	Whole:0.454466,0.394989,0.088978,0.143720,0.934835,0.298312,0.199118,0.660270,-1
509	Cold:0.400000,0.200000,0.117647,0.117647,0.989051,0.065000,0.128830,0.250000,-1
514	Whole:0.447495,0.394771,0.086216,0.143452,0.932695,0.294955,0.198337,0.656736,-1
514	Cold:0.400000,0.200000,0.117647,0.117647,0.989051,0.065000,0.128830,0.250000,-1
519	Whole:0.449237,0.399129,0.087216,0.144920,0.937999,0.301762,0.201716,0.670138,-1
519	Cold:0.200000,0.100000,0.058824,0.058824,0.988450,0.025000,0.067868,0.250000,-1
524	Whole:0.440959,0.397168,0.085943,0.143924,0.934805,0.297353,0.199948,0.668132,-1
524	Cold:0.200000,0.100000,0.058824,0.058824,0.989058,0.033333,0.078792,0.333333,-1
529	Whole:0.449237,0.396950,0.087735,0.143611,0.931669,0.300531,0.201214,0.670953,-1
529	Cold:0.200000,0.200000,0.058824,0.117647,0.988443,0.058333,0.128504,0.333333,-1
534	Whole:0.447930,0.396296,0.086201,0.145670,0.936987,0.297723,0.200012,0.665476,-1
534	Cold:0.400000,0.200000,0.117647,0.117647,0.989051,0.065000,0.128830,0.250000,-1
539	Whole:0.452288,0.394118,0.088490,0.140784,0.935885,0.297868,0.198637,0.668053,-1
539	Cold:0.400000,0.200000,0.117647,0.117647,0.989355,0.073333,0.139754,0.333333,-1
544	Whole:0.455773,0.395861,0.088529,0.142637,0.933825,0.299937,0.200908,0.673722,-1
544	Cold:0.200000,0.200000,0.058824,0.117647,0.988139,0.050000,0.117580,0.250000,-1
549	Whole:0.449237,0.394771,0.086699,0.144609,0.933808,0.299623,0.201586,0.671724,-1
549	Cold:0.200000,0.200000,0.058824,0.117647,0.987530,0.045000,0.113420,0.250000,-1
554	Whole:0.447930,0.397821,0.086957,0.144149,0.935917,0.300835,0.201923,0.680650,-1
554	Cold:0.200000,0.200000,0.058824,0.117647,0.989355,0.083333,0.155557,0.500000,-1
559	Whole:0.452723,0.399129,0.089028,0.147437,0.934939,0.301989,0.202047,0.667141,-1
559	Cold:0.400000,0.200000,0.117647,0.117647,0.989051,0.065000,0.128830,0.250000,-1
564	Whole:0.458824,0.401089,0.087467,0.144946,0.937017,0.305192,0.202911,0.675785,-1
564	Cold:0.200000,0.200000,0.058824,0.117647,0.988443,0.058333,0.128504,0.333333,-1
569	Whole:0.446623,0.398693,0.087946,0.145835,0.933743,0.299232,0.201989,0.662411,-1
569	Cold:0.200000,0.200000,0.058824,0.117647,0.988443,0.053571,0.120396,0.250000,-1
574	Whole:0.462309,0.401307,0.090466,0.144940,0.933883,0.304438,0.202432,0.673420,-1
574	Cold:0.200000,0.200000,0.058824,0.117647,0.988139,0.050000,0.117580,0.250000,-1
579	Whole:0.458388,0.400871,0.088443,0.146268,0.933895,0.303334,0.201715,0.668644,-1
579	Cold:0.200000,0.200000,0.058824,0.117647,0.988443,0.053571,0.120396,0.250000,-1
584	Whole:0.459695,0.399129,0.089446,0.145222,0.936990,0.303051,0.201032,0.667785,-1
584	Cold:0.400000,0.200000,0.117647,0.117647,0.989355,0.073333,0.139754,0.333333,-1
589	Whole:0.448366,0.400871,0.086536,0.148285,0.939127,0.300977,0.203270,0.677977,-1
589	Cold:0.200000,0.100000,0.058824,0.058824,0.987842,0.020000,0.060962,0.200000,-1
594	Whole:0.459259,0.392593,0.088622,0.141603,0.932707,0.295748,0.197510,0.656221,-1
594	Cold:0.200000,0.200000,0.058824,0.117647,0.988747,0.061905,0.131320,0.333333,-1
599	Whole:0.453595,0.399129,0.087614,0.145452,0.934878,0.302950,0.203371,0.672579,-1
599	Cold:0.200000,0.200000,0.058824,0.117647,0.988443,0.058333,0.128504,0.333333,-1
604	Whole:0.447495,0.401089,0.085206,0.145482,0.938030,0.300858,0.200470,0.660920,-1
604	Cold:0.200000,0.100000,0.058824,0.058824,0.988450,0.025000,0.067868,0.250000,-1
609	Whole:0.451416,0.398911,0.086912,0.144209,0.935954,0.301305,0.200866,0.667300,-1
609	Cold:0.200000,0.100000,0.058824,0.058824,0.988450,0.025000,0.067868,0.250000,-1
614	Whole:0.450109,0.397603,0.086283,0.142727,0.934816,0.299393,0.199905,0.673641,-1
614	Cold:0.200000,0.200000,0.058824,0.117647,0.987530,0.045000,0.113420,0.250000,-1
619	Whole:0.464488,0.398693,0.090510,0.144810,0.936989,0.304074,0.202345,0.675937,-1
619	Cold:0.200000,0.200000,0.058824,0.117647,0.987530,0.045000,0.113420,0.250000,-1
624	Whole:0.454466,0.397386,0.091012,0.144682,0.935901,0.302167,0.202572,0.676874,-1
624	Cold:0.200000,0.200000,0.058824,0.117647,0.987530,0.045000,0.113420,0.250000,-1
629	Whole:0.455338,0.395643,0.087650,0.143029,0.934872,0.302453,0.202728,0.686213,-1
629	Cold:0.200000,0.100000,0.058824,0.058824,0.989058,0.033333,0.078792,0.333333,-1
634	Whole:0.453595,0.395207,0.087092,0.143346,0.933794,0.302128,0.202243,0.682455,-1
634	Cold:0.200000,0.200000,0.058824,0.117647,0.989051,0.066667,0.134925,0.333333,-1
639	Whole:0.456209,0.398039,0.087481,0.145719,0.934837,0.300708,0.202677,0.675386,-1
639	Cold:0.200000,0.100000,0.058824,0.058824,0.988450,0.025000,0.067868,0.250000,-1
644	Whole:0.456645,0.399782,0.089960,0.148302,0.934915,0.301977,0.202689,0.663153,-1
644	Cold:0.200000,0.200000,0.058824,0.117647,0.988443,0.053571,0.120396,0.250000,-1
649	Whole:0.461002,0.399129,0.092389,0.147111,0.938108,0.302401,0.202829,0.667342,-1
649	Cold:0.200000,0.200000,0.058824,0.117647,0.988747,0.058333,0.124001,0.250000,-1
654	Whole:0.455338,0.393900,0.088712,0.142683,0.931760,0.300213,0.200434,0.675146,-1
654	Cold:0.400000,0.200000,0.117647,0.117647,0.989051,0.065000,0.128830,0.250000,-1
659	Whole:0.451852,0.400000,0.087834,0.147484,0.935975,0.303537,0.203671,0.676543,-1
659	Cold:0.400000,0.200000,0.117647,0.117647,0.989355,0.073333,0.139754,0.333333,-1
664	Whole:0.455338,0.398693,0.087516,0.143922,0.939047,0.300565,0.200827,0.661268,-1
664	Cold:0.200000,0.200000,0.058824,0.117647,0.987835,0.053333,0.124344,0.333333,-1
669	Whole:0.455773,0.396950,0.087274,0.143531,0.934823,0.302279,0.200810,0.664318,-1
669	Cold:0.200000,0.100000,0.058824,0.058824,0.989058,0.033333,0.078792,0.333333,-1
674	Whole:0.453595,0.398475,0.087954,0.142995,0.935933,0.303736,0.202295,0.683840,-1
674	Cold:0.200000,0.200000,0.058824,0.117647,0.988443,0.058333,0.128504,0.333333,-1
679	Whole:0.459695,0.398039,0.089369,0.145678,0.930678,0.303112,0.201853,0.672002,-1
679	Cold:0.400000,0.200000,0.117647,0.117647,0.989355,0.073333,0.139754,0.333333,-1
684	Whole:0.454466,0.396514,0.089762,0.142615,0.934834,0.298977,0.198943,0.659481,-1
684	Cold:0.200000,0.200000,0.058824,0.117647,0.988747,0.061905,0.131320,0.333333,-1
689	Whole:0.452288,0.400654,0.088217,0.144852,0.932739,0.301603,0.202934,0.677400,-1
689	Cold:0.200000,0.200000,0.058824,0.117647,0.989355,0.083333,0.155557,0.500000,-1
694	Whole:0.455338,0.396296,0.088930,0.144897,0.935949,0.301170,0.203283,0.675272,-1
694	Cold:0.200000,0.200000,0.058824,0.117647,0.988443,0.053571,0.120396,0.250000,-1
699	Whole:0.456645,0.401307,0.088001,0.143749,0.934915,0.303468,0.201627,0.668077,-1
699	Cold:0.200000,0.200000,0.058824,0.117647,0.988443,0.058333,0.128504,0.333333,-1
704	Whole:0.455338,0.396296,0.089568,0.143510,0.932711,0.297573,0.199883,0.661820,-1
704	Cold:0.200000,0.200000,0.058824,0.117647,0.987226,0.040000,0.106514,0.200000,-1
709	Whole:0.450545,0.401743,0.085218,0.146310,0.935950,0.300817,0.202390,0.669910,-1
709	Cold:0.200000,0.100000,0.058824,0.058824,0.989666,0.050000,0.099425,0.500000,-1
714	Whole:0.459259,0.394989,0.089241,0.143056,0.934908,0.300899,0.201641,0.681852,-1
714	Cold:0.200000,0.200000,0.058824,0.117647,0.988747,0.061905,0.131320,0.333333,-1
719	Whole:0.455338,0.398693,0.087890,0.144920,0.935936,0.300985,0.202370,0.674713,-1
719	Cold:0.200000,0.100000,0.058824,0.058824,0.989058,0.033333,0.078792,0.333333,-1
724	Whole:0.450980,0.393246,0.087461,0.141797,0.935936,0.300463,0.201520,0.688005,-1
724	Cold:0.200000,0.200000,0.058824,0.117647,0.988747,0.061905,0.131320,0.333333,-1
729	Whole:0.454466,0.401525,0.087689,0.148733,0.934895,0.305221,0.204089,0.672060,-1
729	Cold:0.200000,0.200000,0.058824,0.117647,0.989051,0.066667,0.134925,0.333333,-1
734	Whole:0.454466,0.402614,0.087921,0.145826,0.933810,0.304068,0.202666,0.665063,-1
734	Cold:0.200000,0.100000,0.058824,0.058824,0.988450,0.025000,0.067868,0.250000,-1
739	Whole:0.464488,0.400436,0.090139,0.147497,0.935976,0.306782,0.205380,0.684009,-1
739	Cold:0.200000,0.200000,0.058824,0.117647,0.988747,0.061905,0.131320,0.333333,-1
744	Whole:0.464052,0.402832,0.089524,0.145848,0.933866,0.307569,0.204708,0.673644,-1
744	Cold:0.200000,0.100000,0.058824,0.058824,0.989058,0.033333,0.078792,0.333333,-1
749	Whole:0.460566,0.400654,0.088300,0.146843,0.937053,0.304612,0.203701,0.666916,-1
749	Cold:0.200000,0.200000,0.058824,0.117647,0.989051,0.066667,0.134925,0.333333,-1
754	Whole:0.454902,0.402832,0.088662,0.146870,0.935901,0.305886,0.204067,0.670085,-1
754	Cold:0.200000,0.200000,0.058824,0.117647,0.989051,0.066667,0.134925,0.333333,-1
759	Whole:0.457081,0.400218,0.088475,0.145704,0.936931,0.304834,0.203627,0.681047,-1
759	Cold:0.200000,0.200000,0.058824,0.117647,0.988747,0.061905,0.131320,0.333333,-1
764	Whole:0.458388,0.396950,0.089622,0.143284,0.931718,0.305150,0.202622,0.680813,-1
764	Cold:0.200000,0.200000,0.058824,0.117647,0.988443,0.072222,0.146862,0.500000,-1
769	Whole:0.456645,0.401089,0.088510,0.147390,0.934891,0.306338,0.204565,0.679463,-1
769	Cold:0.200000,0.200000,0.058824,0.117647,0.988747,0.061905,0.131320,0.333333,-1
774	Whole:0.460566,0.399346,0.089021,0.145490,0.938076,0.303354,0.202466,0.680065,-1
774	Cold:0.200000,0.200000,0.058824,0.117647,0.988139,0.055556,0.126230,0.333333,-1
779	Whole:0.460566,0.398911,0.089615,0.148439,0.937099,0.305030,0.204705,0.679337,-1
779	Cold:0.200000,0.200000,0.058824,0.117647,0.989051,0.066667,0.134925,0.333333,-1
784	Whole:0.462745,0.404575,0.088340,0.147547,0.934936,0.307107,0.205355,0.677980,-1
784	Cold:0.200000,0.200000,0.058824,0.117647,0.988443,0.053571,0.120396,0.250000,-1
789	Whole:0.460566,0.400000,0.087830,0.145606,0.931688,0.305150,0.203802,0.678322,-1
789	Cold:0.200000,0.100000,0.058824,0.058824,0.988450,0.025000,0.067868,0.250000,-1
794	Whole:0.454902,0.398039,0.088261,0.145262,0.937033,0.303695,0.202927,0.677252,-1
794	Cold:0.200000,0.200000,0.058824,0.117647,0.988747,0.061905,0.131320,0.333333,-1
799	Whole:0.455773,0.399564,0.088736,0.147269,0.936004,0.302488,0.203188,0.673218,-1
799	Cold:0.200000,0.200000,0.058824,0.117647,0.988747,0.061905,0.131320,0.333333,-1
804	Whole:0.467102,0.403050,0.090765,0.145255,0.940243,0.309106,0.205136,0.682611,-1
804	Cold:0.200000,0.100000,0.058824,0.058824,0.989058,0.033333,0.078792,0.333333,-1
809	Whole:0.467102,0.407843,0.090072,0.149620,0.936017,0.310247,0.207685,0.678756,-1
809	Cold:0.200000,0.200000,0.058824,0.117647,0.989051,0.066667,0.134925,0.333333,-1
814	Whole:0.464052,0.404575,0.090103,0.147753,0.933897,0.308636,0.206412,0.676658,-1
814	Cold:0.200000,0.200000,0.058824,0.117647,0.988747,0.061905,0.131320,0.333333,-1
819	Whole:0.454031,0.402397,0.087931,0.147504,0.934926,0.304631,0.204143,0.678686,-1
819	Cold:0.200000,0.200000,0.058824,0.117647,0.989051,0.066667,0.134925,0.333333,-1
824	Whole:0.463181,0.403922,0.090091,0.146315,0.935933,0.307194,0.204231,0.674844,-1
824	Cold:0.400000,0.200000,0.117647,0.117647,0.989659,0.090000,0.160387,0.500000,-1
829	Whole:0.463181,0.401307,0.089116,0.146590,0.934959,0.304967,0.204122,0.671958,-1
829	Cold:0.200000,0.200000,0.058824,0.117647,0.989051,0.066667,0.134925,0.333333,-1
834	Whole:0.457952,0.403704,0.088383,0.148156,0.937024,0.304347,0.203772,0.665405,-1
834	Cold:0.200000,0.100000,0.058824,0.058824,0.988450,0.025000,0.067868,0.250000,-1
839	Whole:0.456645,0.399346,0.088079,0.148889,0.939131,0.301357,0.204319,0.673297,-1
839	Cold:0.200000,0.100000,0.058824,0.058824,0.988450,0.025000,0.067868,0.250000,-1
844	Whole:0.456645,0.400654,0.090265,0.146856,0.934907,0.303828,0.204189,0.680307,-1
844	Cold:0.200000,0.200000,0.058824,0.117647,0.988139,0.055556,0.126230,0.333333,-1
849	Whole:0.461874,0.402614,0.090618,0.145946,0.932825,0.305460,0.204354,0.674045,-1
849	Cold:0.200000,0.200000,0.058824,0.117647,0.988139,0.050000,0.117580,0.250000,-1
854	Whole:0.460566,0.399129,0.091216,0.143711,0.933857,0.302753,0.202676,0.671379,-1
854	Cold:0.200000,0.200000,0.058824,0.117647,0.988747,0.061905,0.131320,0.333333,-1
859	Whole:0.459259,0.400654,0.090233,0.145795,0.938115,0.303473,0.203551,0.673126,-1
859	Cold:0.200000,0.200000,0.058824,0.117647,0.988747,0.075000,0.149137,0.500000,-1
864	Whole:0.465359,0.401307,0.089659,0.146517,0.938149,0.305464,0.205097,0.680343,-1
864	Cold:0.200000,0.200000,0.058824,0.117647,0.989051,0.066667,0.134925,0.333333,-1
869	Whole:0.457081,0.404793,0.087406,0.148533,0.937072,0.304870,0.205599,0.676783,-1
869	Cold:0.200000,0.200000,0.058824,0.117647,0.987835,0.053333,0.124344,0.333333,-1
874	Whole:0.458388,0.404139,0.089617,0.149466,0.939198,0.307770,0.206467,0.676150,-1
874	Cold:0.200000,0.200000,0.058824,0.117647,0.989051,0.078571,0.151953,0.500000,-1
879	Whole:0.461438,0.397821,0.090677,0.147314,0.938137,0.302996,0.203194,0.670955,-1
879	Cold:0.200000,0.200000,0.058824,0.117647,0.988747,0.075000,0.149137,0.500000,-1
884	Whole:0.457952,0.401743,0.089369,0.148308,0.939168,0.305673,0.205667,0.683045,-1
884	Cold:0.200000,0.200000,0.058824,0.117647,0.987835,0.053333,0.124344,0.333333,-1
889	Whole:0.457952,0.402397,0.087098,0.146121,0.936981,0.302812,0.202727,0.672114,-1
889	Cold:0.200000,0.200000,0.058824,0.117647,0.989051,0.066667,0.134925,0.333333,-1
894	Whole:0.463181,0.398039,0.089003,0.145631,0.935952,0.301020,0.203419,0.680802,-1
894	Cold:0.200000,0.200000,0.058824,0.117647,0.988747,0.061905,0.131320,0.333333,-1
899	Whole:0.458388,0.402397,0.088053,0.149176,0.935959,0.305661,0.206002,0.684852,-1
899	Cold:0.200000,0.200000,0.058824,0.117647,0.987835,0.053333,0.124344,0.333333,-1
904	Whole:0.461002,0.401525,0.089069,0.144659,0.939111,0.306087,0.204218,0.686855,-1
904	Cold:0.200000,0.200000,0.058824,0.117647,0.988747,0.075000,0.149137,0.500000,-1
909	Whole:0.459695,0.403704,0.088395,0.146755,0.937015,0.307722,0.206290,0.683969,-1
909	Cold:0.200000,0.100000,0.058824,0.058824,0.989666,0.050000,0.099425,0.500000,-1
914	Whole:0.458388,0.405229,0.087432,0.147811,0.937045,0.305364,0.204701,0.674758,-1
914	Cold:0.200000,0.100000,0.058824,0.058824,0.989058,0.033333,0.078792,0.333333,-1
919	Whole:0.461002,0.400436,0.087751,0.146808,0.940205,0.303742,0.202933,0.676024,-1
919	Cold:0.200000,0.100000,0.058824,0.058824,0.989058,0.033333,0.078792,0.333333,-1
924	Whole:0.461874,0.405882,0.089673,0.148325,0.939177,0.307810,0.205416,0.685570,-1
924	Cold:0.200000,0.200000,0.058824,0.117647,0.987530,0.045000,0.113420,0.250000,-1
929	Whole:0.457516,0.399782,0.089420,0.148800,0.938132,0.303191,0.205130,0.679592,-1
929	Cold:0.200000,0.200000,0.058824,0.117647,0.989051,0.078571,0.151953,0.500000,-1
934	Whole:0.459259,0.400436,0.087715,0.145719,0.937024,0.300658,0.202504,0.673650,-1
934	Cold:0.200000,0.200000,0.058824,0.117647,0.988139,0.055556,0.126230,0.333333,-1
939	Whole:0.464924,0.398911,0.089562,0.147675,0.937065,0.303748,0.203816,0.675136,-1
939	Cold:0.200000,0.200000,0.058824,0.117647,0.988443,0.053571,0.120396,0.250000,-1
944	Whole:0.457952,0.400654,0.088560,0.146445,0.938097,0.305013,0.204961,0.689604,-1
944	Cold:0.200000,0.200000,0.058824,0.117647,0.988139,0.055556,0.126230,0.333333,-1
949	Whole:0.463181,0.403486,0.090819,0.147064,0.937067,0.305188,0.205392,0.678941,-1
949	Cold:0.200000,0.200000,0.058824,0.117647,0.988747,0.061905,0.131320,0.333333,-1
954	Whole:0.453159,0.403704,0.085097,0.145967,0.940155,0.306372,0.203571,0.683314,-1
954	Cold:0.200000,0.200000,0.058824,0.117647,0.989051,0.078571,0.151953,0.500000,-1
959	Whole:0.460131,0.400436,0.087816,0.148204,0.937114,0.304832,0.205789,0.681800,-1
959	Cold:0.200000,0.200000,0.058824,0.117647,0.989355,0.083333,0.155557,0.500000,-1
964	Whole:0.454466,0.398693,0.086969,0.146282,0.936996,0.302686,0.203138,0.676051,-1
964	Cold:0.200000,0.200000,0.058824,0.117647,0.988443,0.058333,0.128504,0.333333,-1
969	Whole:0.454031,0.403486,0.087957,0.148315,0.937014,0.303870,0.204573,0.668527,-1
969	Cold:0.200000,0.200000,0.058824,0.117647,0.988443,0.053571,0.120396,0.250000,-1
974	Whole:0.456645,0.403486,0.088050,0.148746,0.939124,0.303081,0.204943,0.672016,-1
974	Cold:0.200000,0.100000,0.058824,0.058824,0.988450,0.025000,0.067868,0.250000,-1
979	Whole:0.454902,0.400871,0.088300,0.146470,0.937031,0.301765,0.202005,0.667955,-1
979	Cold:0.200000,0.200000,0.058824,0.117647,0.988443,0.053333,0.117095,0.200000,-1
984	Whole:0.456209,0.398693,0.088942,0.144828,0.933830,0.301668,0.202985,0.675637,-1
984	Cold:0.200000,0.200000,0.058824,0.117647,0.988443,0.072222,0.146862,0.500000,-1
989	Whole:0.461438,0.403268,0.088768,0.146886,0.935975,0.306699,0.204301,0.673542,-1
989	Cold:0.200000,0.200000,0.058824,0.117647,0.987835,0.053333,0.124344,0.333333,-1
994	Whole:0.460566,0.403922,0.088234,0.149727,0.938077,0.307711,0.206462,0.691572,-1
994	Cold:0.200000,0.200000,0.058824,0.117647,0.988747,0.061905,0.131320,0.333333,-1
999	Whole:0.457952,0.397168,0.088909,0.145709,0.934900,0.300946,0.200815,0.660458,-1
999	Cold:0.200000,0.200000,0.058824,0.117647,0.988139,0.055556,0.126230,0.333333,-1
1004	Whole:0.464052,0.400218,0.091917,0.149811,0.941334,0.302793,0.205498,0.671328,-1
1004	Cold:0.200000,0.200000,0.058824,0.117647,0.988139,0.050000,0.117580,0.250000,-1
1009	Whole:0.451416,0.398039,0.086916,0.144574,0.933842,0.302729,0.204345,0.693903,-1
1009	Cold:0.200000,0.200000,0.058824,0.117647,0.988443,0.072222,0.146862,0.500000,-1
1014	Whole:0.463181,0.401089,0.088739,0.146719,0.935988,0.304806,0.204001,0.679152,-1
1014	Cold:0.200000,0.200000,0.058824,0.117647,0.988139,0.055556,0.126230,0.333333,-1
1019	Whole:0.461002,0.401307,0.088469,0.146630,0.933888,0.304616,0.204075,0.673026,-1
1019	Cold:0.200000,0.200000,0.058824,0.117647,0.988443,0.053571,0.120396,0.250000,-1
1024	Whole:0.451852,0.398911,0.086968,0.147915,0.935961,0.304439,0.205320,0.688047,-1
1024	Cold:0.200000,0.200000,0.058824,0.117647,0.988139,0.055556,0.126230,0.333333,-1
1029	Whole:0.461438,0.401961,0.087877,0.145704,0.936029,0.307196,0.205488,0.687282,-1
1029	Cold:0.200000,0.200000,0.058824,0.117647,0.988747,0.061905,0.131320,0.333333,-1
1034	Whole:0.459695,0.401961,0.089649,0.147779,0.935953,0.305601,0.205319,0.680997,-1
1034	Cold:0.200000,0.200000,0.058824,0.117647,0.987835,0.047222,0.115305,0.250000,-1
1039	Whole:0.460566,0.397168,0.090316,0.144221,0.933894,0.303996,0.203755,0.676780,-1
1039	Cold:0.400000,0.200000,0.117647,0.117647,0.989355,0.073333,0.139754,0.333333,-1
1044	Whole:0.459259,0.403704,0.087627,0.147727,0.938061,0.306468,0.204307,0.671403,-1
1044	Cold:0.200000,0.200000,0.058824,0.117647,0.989051,0.066667,0.134925,0.333333,-1
1049	Whole:0.462745,0.406318,0.089777,0.149231,0.940228,0.308104,0.205922,0.681182,-1
1049	Cold:0.200000,0.200000,0.058824,0.117647,0.988747,0.061905,0.131320,0.333333,-1
1054	Whole:0.462745,0.402397,0.088775,0.147154,0.940200,0.303840,0.202515,0.663822,-1
1054	Cold:0.200000,0.200000,0.058824,0.117647,0.989051,0.066667,0.134925,0.333333,-1
1059	Whole:0.455773,0.399346,0.088117,0.148847,0.940214,0.300366,0.203342,0.668155,-1
1059	Cold:0.200000,0.200000,0.058824,0.117647,0.988443,0.058333,0.128504,0.333333,-1
1064	Whole:0.459259,0.402179,0.089126,0.145552,0.939125,0.304475,0.203902,0.677049,-1
1064	Cold:0.200000,0.200000,0.058824,0.117647,0.989051,0.066667,0.134925,0.333333,-1
1069	Whole:0.463181,0.396950,0.090990,0.146721,0.938111,0.302404,0.202448,0.665410,-1
1069	Cold:0.200000,0.100000,0.058824,0.058824,0.989058,0.033333,0.078792,0.333333,-1
1074	Whole:0.458824,0.400871,0.089295,0.149062,0.939165,0.306697,0.205763,0.687263,-1
1074	Cold:0.200000,0.100000,0.058824,0.058824,0.989058,0.033333,0.078792,0.333333,-1
1079	Whole:0.464052,0.398911,0.091032,0.146797,0.934967,0.303567,0.204314,0.680980,-1
1079	Cold:0.200000,0.200000,0.058824,0.117647,0.988747,0.061905,0.131320,0.333333,-1
1084	Whole:0.462309,0.401307,0.088543,0.146169,0.939177,0.305529,0.203838,0.681201,-1
1084	Cold:0.200000,0.200000,0.058824,0.117647,0.987835,0.053333,0.124344,0.333333,-1
1089	Whole:0.464052,0.403704,0.089632,0.146989,0.939201,0.309814,0.206554,0.687908,-1
1089	Cold:0.200000,0.200000,0.058824,0.117647,0.988139,0.055556,0.126230,0.333333,-1
1094	Whole:0.465359,0.406100,0.089807,0.150730,0.939231,0.309071,0.206502,0.673898,-1
1094	Cold:0.200000,0.200000,0.058824,0.117647,0.988139,0.055556,0.126230,0.333333,-1
1099	Whole:0.462309,0.402832,0.089340,0.148034,0.937015,0.305123,0.205431,0.679876,-1
1099	Cold:0.200000,0.200000,0.058824,0.117647,0.987835,0.053333,0.124344,0.333333,-1
1104	Whole:0.454466,0.402832,0.088096,0.146506,0.935957,0.305877,0.204302,0.684724,-1
1104	Cold:0.200000,0.200000,0.058824,0.117647,0.988443,0.072222,0.146862,0.500000,-1
1109	Whole:0.455338,0.397168,0.088145,0.144196,0.935965,0.303357,0.203217,0.690930,-1
1109	Cold:0.200000,0.200000,0.058824,0.117647,0.988747,0.075000,0.149137,0.500000,-1
1114	Whole:0.457516,0.398257,0.088018,0.145055,0.933846,0.303406,0.203476,0.683181,-1
1114	Cold:0.200000,0.200000,0.058824,0.117647,0.988747,0.061905,0.131320,0.333333,-1
1119	Whole:0.457516,0.403704,0.089563,0.148524,0.937043,0.306567,0.206343,0.686483,-1
1119	Cold:0.200000,0.200000,0.058824,0.117647,0.988443,0.058333,0.128504,0.333333,-1
1124	Whole:0.465359,0.398039,0.091473,0.145778,0.934952,0.305124,0.205514,0.687721,-1
1124	Cold:0.200000,0.200000,0.058824,0.117647,0.989355,0.083333,0.155557,0.500000,-1
1129	Whole:0.459695,0.395425,0.088443,0.143862,0.932775,0.303361,0.203944,0.690730,-1
1129	Cold:0.200000,0.200000,0.058824,0.117647,0.989051,0.066667,0.134925,0.333333,-1
1134	Whole:0.455773,0.397603,0.087574,0.146088,0.937025,0.302684,0.203509,0.688081,-1
1134	Cold:0.200000,0.100000,0.058824,0.058824,0.989058,0.033333,0.078792,0.333333,-1
1139	Whole:0.459695,0.399346,0.089670,0.147088,0.938094,0.304309,0.205560,0.687795,-1
1139	Cold:0.200000,0.200000,0.058824,0.117647,0.989051,0.066667,0.134925,0.333333,-1
1144	Whole:0.467974,0.401307,0.090409,0.147967,0.936019,0.305599,0.204733,0.673339,-1
1144	Cold:0.200000,0.100000,0.058824,0.058824,0.989666,0.050000,0.099425,0.500000,-1
1149	Whole:0.463617,0.400871,0.091368,0.147138,0.939224,0.303239,0.203856,0.680471,-1
1149	Cold:0.200000,0.200000,0.058824,0.117647,0.988747,0.061905,0.131320,0.333333,-1
1154	Whole:0.454902,0.404575,0.087948,0.148394,0.936993,0.305939,0.205453,0.688672,-1
1154	Cold:0.200000,0.200000,0.058824,0.117647,0.988139,0.050000,0.117580,0.250000,-1
1159	Whole:0.459695,0.405229,0.087842,0.147853,0.935939,0.306371,0.204636,0.679826,-1
1159	Cold:0.200000,0.100000,0.058824,0.058824,0.989058,0.033333,0.078792,0.333333,-1
1164	Whole:0.456645,0.402614,0.086752,0.147931,0.932731,0.303558,0.200933,0.660138,-1
1164	Cold:0.200000,0.200000,0.058824,0.117647,0.989051,0.078571,0.151953,0.500000,-1
1169	Whole:0.464052,0.405447,0.089771,0.149871,0.938146,0.309214,0.206294,0.686130,-1
1169	Cold:0.200000,0.200000,0.058824,0.117647,0.987835,0.053333,0.124344,0.333333,-1
1174	Whole:0.455338,0.403922,0.088535,0.146216,0.933807,0.307584,0.204399,0.678360,-1
1174	Cold:0.200000,0.200000,0.058824,0.117647,0.988443,0.072222,0.146862,0.500000,-1
1179	Whole:0.460566,0.403486,0.089860,0.146682,0.933887,0.309002,0.204967,0.677183,-1
1179	Cold:0.200000,0.200000,0.058824,0.117647,0.988747,0.075000,0.149137,0.500000,-1
1184	Whole:0.453595,0.406536,0.085938,0.148519,0.935967,0.306470,0.204484,0.677754,-1
1184	Cold:0.200000,0.200000,0.058824,0.117647,0.988443,0.058333,0.128504,0.333333,-1
1189	Whole:0.457081,0.397603,0.088039,0.144210,0.933876,0.302715,0.203037,0.678303,-1
1189	Cold:0.200000,0.200000,0.058824,0.117647,0.988443,0.058333,0.128504,0.333333,-1
1194	Whole:0.463181,0.400871,0.089882,0.144591,0.933837,0.304346,0.202652,0.669962,-1
1194	Cold:0.200000,0.200000,0.058824,0.117647,0.988443,0.053571,0.120396,0.250000,-1
1199	Whole:0.451416,0.400654,0.085755,0.146438,0.936000,0.302821,0.203390,0.686492,-1
1199	Cold:0.200000,0.100000,0.058824,0.058824,0.988450,0.025000,0.067868,0.250000,-1
1204	Whole:0.460131,0.405664,0.088342,0.149083,0.936049,0.308824,0.205843,0.669627,-1
1204	Cold:0.200000,0.200000,0.058824,0.117647,0.988747,0.075000,0.149137,0.500000,-1
1209	Whole:0.457081,0.405229,0.088404,0.150272,0.932848,0.308437,0.208518,0.694364,-1
1209	Cold:0.200000,0.200000,0.058824,0.117647,0.988139,0.055556,0.126230,0.333333,-1
1214	Whole:0.457081,0.404793,0.088038,0.147365,0.938120,0.304352,0.203509,0.664625,-1
1214	Cold:0.200000,0.200000,0.058824,0.117647,0.987835,0.053333,0.124344,0.333333,-1
1219	Whole:0.464052,0.403704,0.092084,0.148678,0.938084,0.309230,0.206294,0.685743,-1
1219	Cold:0.400000,0.200000,0.117647,0.117647,0.989355,0.073333,0.139754,0.333333,-1
1224	Whole:0.461874,0.400218,0.092023,0.149458,0.937069,0.304097,0.206378,0.684409,-1
1224	Cold:0.200000,0.200000,0.058824,0.117647,0.988139,0.055556,0.126230,0.333333,-1
1229	Whole:0.458388,0.399564,0.090116,0.148411,0.938093,0.302532,0.204769,0.673224,-1
1229	Cold:0.200000,0.200000,0.058824,0.117647,0.988443,0.058333,0.128504,0.333333,-1
1234	Whole:0.454031,0.398475,0.087812,0.144813,0.938080,0.300431,0.201981,0.681740,-1
1234	Cold:0.200000,0.200000,0.058824,0.117647,0.988747,0.061905,0.131320,0.333333,-1
1239	Whole:0.457516,0.403922,0.088004,0.147684,0.939142,0.305515,0.203923,0.677259,-1
1239	Cold:0.200000,0.200000,0.058824,0.117647,0.988747,0.061905,0.131320,0.333333,-1
1244	Whole:0.458824,0.400218,0.086764,0.145643,0.933861,0.305553,0.203610,0.679960,-1
1244	Cold:0.200000,0.200000,0.058824,0.117647,0.988443,0.058333,0.128504,0.333333,-1
1249	Whole:0.465795,0.408932,0.090531,0.149802,0.942363,0.310685,0.207282,0.679269,-1
1249	Cold:0.200000,0.200000,0.058824,0.117647,0.987835,0.053333,0.124344,0.333333,-1
1254	Whole:0.454466,0.403922,0.086858,0.149481,0.939144,0.304141,0.203567,0.670979,-1
1254	Cold:0.200000,0.200000,0.058824,0.117647,0.988747,0.061905,0.131320,0.333333,-1
1259	Whole:0.455773,0.404357,0.088024,0.146359,0.936004,0.308511,0.205154,0.682053,-1
1259	Cold:0.400000,0.200000,0.117647,0.117647,0.989355,0.073333,0.139754,0.333333,-1
1264	Whole:0.456209,0.397386,0.087857,0.143968,0.934888,0.302512,0.201671,0.677400,-1
1264	Cold:0.200000,0.200000,0.058824,0.117647,0.988747,0.061905,0.131320,0.333333,-1
1269	Whole:0.454466,0.406100,0.086643,0.149318,0.938021,0.303691,0.204122,0.668512,-1
1269	Cold:0.200000,0.200000,0.058824,0.117647,0.988747,0.058333,0.124001,0.250000,-1
1274	Whole:0.454902,0.405011,0.088622,0.150069,0.937078,0.307233,0.205862,0.678207,-1
1274	Cold:0.200000,0.200000,0.058824,0.117647,0.988443,0.053571,0.120396,0.250000,-1
1279	Whole:0.454902,0.402397,0.085885,0.148008,0.939188,0.307483,0.206373,0.691304,-1
1279	Cold:0.200000,0.200000,0.058824,0.117647,0.989051,0.078571,0.151953,0.500000,-1
1284	Whole:0.459259,0.403050,0.088103,0.146120,0.938035,0.303875,0.203142,0.667954,-1
1284	Cold:0.200000,0.200000,0.058824,0.117647,0.988747,0.061905,0.131320,0.333333,-1
1289	Whole:0.460566,0.398475,0.089941,0.144384,0.934912,0.304151,0.202229,0.673169,-1
1289	Cold:0.200000,0.200000,0.058824,0.117647,0.988443,0.058333,0.128504,0.333333,-1
1294	Whole:0.463181,0.400871,0.088923,0.145521,0.936015,0.304398,0.202230,0.672686,-1
1294	Cold:0.200000,0.200000,0.058824,0.117647,0.988747,0.061905,0.131320,0.333333,-1
1299	Whole:0.454466,0.405229,0.087299,0.147702,0.942341,0.308275,0.206276,0.687376,-1
1299	Cold:0.200000,0.200000,0.058824,0.117647,0.988139,0.055556,0.126230,0.333333,-1
1304	Whole:0.447059,0.403486,0.086752,0.148830,0.940200,0.303522,0.204639,0.678649,-1
1304	Cold:0.200000,0.200000,0.058824,0.117647,0.989051,0.066667,0.134925,0.333333,-1
1309	Whole:0.467102,0.400654,0.089489,0.146772,0.939186,0.307377,0.206221,0.689389,-1
1309	Cold:0.200000,0.200000,0.058824,0.117647,0.988747,0.061905,0.131320,0.333333,-1
1314	Whole:0.460566,0.401525,0.089304,0.147167,0.941261,0.305518,0.205295,0.682691,-1
1314	Cold:0.200000,0.200000,0.058824,0.117647,0.988443,0.058333,0.128504,0.333333,-1
1319	Whole:0.461874,0.404139,0.090335,0.149744,0.940266,0.308058,0.206990,0.686027,-1
1319	Cold:0.200000,0.200000,0.058824,0.117647,0.988747,0.075000,0.149137,0.500000,-1
1324	Whole:0.457516,0.399346,0.086270,0.145758,0.934923,0.304275,0.203599,0.678736,-1
1324	Cold:0.200000,0.200000,0.058824,0.117647,0.988443,0.072222,0.146862,0.500000,-1
1329	Whole:0.457952,0.404575,0.088485,0.149496,0.940273,0.307853,0.206144,0.682836,-1
1329	Cold:0.200000,0.200000,0.058824,0.117647,0.989051,0.078571,0.151953,0.500000,-1
1334	Whole:0.458824,0.401089,0.087903,0.145528,0.933848,0.304993,0.203491,0.678439,-1
1334	Cold:0.200000,0.200000,0.058824,0.117647,0.988747,0.061905,0.131320,0.333333,-1
1339	Whole:0.465359,0.401961,0.089204,0.146309,0.935965,0.306239,0.204648,0.682596,-1
1339	Cold:0.200000,0.200000,0.058824,0.117647,0.988443,0.058333,0.128504,0.333333,-1
1344	Whole:0.464924,0.402397,0.089741,0.147153,0.939163,0.306468,0.204559,0.673408,-1
1344	Cold:0.200000,0.200000,0.058824,0.117647,0.988747,0.061905,0.131320,0.333333,-1
1349	Whole:0.455773,0.399782,0.087865,0.146278,0.934875,0.302209,0.203420,0.671275,-1
1349	Cold:0.200000,0.200000,0.058824,0.117647,0.988443,0.053571,0.120396,0.250000,-1
1354	Whole:0.458824,0.405447,0.088413,0.152207,0.937000,0.303757,0.206516,0.665481,-1
1354	Cold:0.200000,0.200000,0.058824,0.117647,0.988443,0.058333,0.128504,0.333333,-1
1359	Whole:0.461002,0.400871,0.088835,0.146432,0.937031,0.305656,0.205524,0.683358,-1
1359	Cold:0.200000,0.100000,0.058824,0.058824,0.989058,0.033333,0.078792,0.333333,-1
1364	Whole:0.463181,0.402614,0.088694,0.146812,0.938154,0.304053,0.204118,0.671443,-1
1364	Cold:0.200000,0.100000,0.058824,0.058824,0.988450,0.025000,0.067868,0.250000,-1
1369	Whole:0.455338,0.402832,0.087302,0.147179,0.939063,0.304651,0.204977,0.682131,-1
1369	Cold:0.200000,0.200000,0.058824,0.117647,0.987835,0.053333,0.124344,0.333333,-1
1374	Whole:0.458824,0.398039,0.089141,0.145927,0.934931,0.304882,0.203149,0.677468,-1
1374	Cold:0.200000,0.200000,0.058824,0.117647,0.987835,0.053333,0.124344,0.333333,-1
1379	Whole:0.454466,0.405664,0.086813,0.149435,0.937049,0.307849,0.206754,0.686051,-1
1379	Cold:0.200000,0.100000,0.058824,0.058824,0.989058,0.033333,0.078792,0.333333,-1
1384	Whole:0.459695,0.402614,0.089305,0.147539,0.938129,0.306893,0.206241,0.683897,-1
1384	Cold:0.200000,0.100000,0.058824,0.058824,0.989058,0.033333,0.078792,0.333333,-1
1389	Whole:0.457516,0.398257,0.086522,0.148997,0.937053,0.302374,0.203465,0.680333,-1
1389	Cold:0.200000,0.200000,0.058824,0.117647,0.987226,0.040000,0.106514,0.200000,-1
1394	Whole:0.459259,0.404357,0.087881,0.147811,0.935956,0.305806,0.205093,0.672998,-1
1394	Cold:0.200000,0.200000,0.058824,0.117647,0.988139,0.055556,0.126230,0.333333,-1
1399	Whole:0.455338,0.406972,0.088169,0.150876,0.940249,0.306701,0.206092,0.671507,-1
1399	Cold:0.200000,0.200000,0.058824,0.117647,0.989051,0.066667,0.134925,0.333333,-1
1404	Whole:0.461002,0.398039,0.089697,0.145986,0.934920,0.302216,0.204250,0.685548,-1
1404	Cold:0.200000,0.200000,0.058824,0.117647,0.988139,0.055556,0.126230,0.333333,-1
1409	Whole:0.456209,0.401743,0.088184,0.146399,0.934956,0.305454,0.204444,0.681366,-1
1409	Cold:0.200000,0.200000,0.058824,0.117647,0.988443,0.058333,0.128504,0.333333,-1
1414	Whole:0.456645,0.394771,0.088229,0.144422,0.937031,0.300918,0.202269,0.673724,-1
1414	Cold:0.200000,0.100000,0.058824,0.058824,0.989058,0.033333,0.078792,0.333333,-1
1419	Whole:0.455338,0.400000,0.088078,0.145347,0.934913,0.304658,0.203732,0.677935,-1
1419	Cold:0.200000,0.200000,0.058824,0.117647,0.988443,0.072222,0.146862,0.500000,-1
1424	Whole:0.460566,0.401525,0.087723,0.146953,0.937058,0.305322,0.204559,0.681778,-1
1424	Cold:0.200000,0.200000,0.058824,0.117647,0.987835,0.053333,0.124344,0.333333,-1
1429	Whole:0.453595,0.401089,0.086809,0.146513,0.938000,0.303057,0.203549,0.688362,-1
1429	Cold:0.200000,0.100000,0.058824,0.058824,0.989666,0.050000,0.099425,0.500000,-1
1434	Whole:0.461438,0.398911,0.088627,0.145740,0.933815,0.302796,0.201935,0.663971,-1
1434	Cold:0.200000,0.200000,0.058824,0.117647,0.989355,0.083333,0.155557,0.500000,-1
1439	Whole:0.460131,0.398257,0.089860,0.145911,0.936005,0.304259,0.204804,0.690709,-1
1439	Cold:0.400000,0.200000,0.117647,0.117647,0.989659,0.090000,0.160387,0.500000,-1
1444	Whole:0.461438,0.407190,0.090609,0.150310,0.938124,0.307995,0.205289,0.664896,-1
1444	Cold:0.200000,0.200000,0.058824,0.117647,0.988747,0.061905,0.131320,0.333333,-1
1449	Whole:0.463617,0.402179,0.090967,0.145310,0.939146,0.305434,0.204213,0.674135,-1
1449	Cold:0.200000,0.200000,0.058824,0.117647,0.988443,0.072222,0.146862,0.500000,-1
1454	Whole:0.466667,0.403486,0.090762,0.147242,0.939169,0.306138,0.205309,0.680953,-1
1454	Cold:0.200000,0.200000,0.058824,0.117647,0.987530,0.045000,0.113420,0.250000,-1
1459	Whole:0.462309,0.398257,0.089669,0.143431,0.935957,0.306006,0.203206,0.689355,-1
1459	Cold:0.200000,0.200000,0.058824,0.117647,0.989051,0.078571,0.151953,0.500000,-1
1464	Whole:0.451416,0.398039,0.087527,0.143077,0.934866,0.300365,0.200133,0.663581,-1
1464	Cold:0.200000,0.200000,0.058824,0.117647,0.988443,0.072222,0.146862,0.500000,-1
1469	Whole:0.457081,0.402614,0.088837,0.149287,0.937075,0.305062,0.205468,0.682296,-1
1469	Cold:0.200000,0.200000,0.058824,0.117647,0.988443,0.072222,0.146862,0.500000,-1
1474	Whole:0.469281,0.405664,0.093266,0.150686,0.936055,0.308913,0.207383,0.682356,-1
1474	Cold:0.200000,0.200000,0.058824,0.117647,0.988139,0.055556,0.126230,0.333333,-1
1479	Whole:0.457952,0.397168,0.089117,0.142761,0.933849,0.303696,0.202436,0.677793,-1
1479	Cold:0.200000,0.100000,0.058824,0.058824,0.989666,0.050000,0.099425,0.500000,-1
1484	Whole:0.460131,0.405229,0.089631,0.149146,0.935980,0.308767,0.206437,0.680593,-1
1484	Cold:0.400000,0.200000,0.117647,0.117647,0.989355,0.073333,0.139754,0.333333,-1
1489	Whole:0.460566,0.401961,0.088457,0.146854,0.937074,0.306049,0.203340,0.677316,-1
1489	Cold:0.200000,0.200000,0.058824,0.117647,0.989051,0.066667,0.134925,0.333333,-1
1494	Whole:0.460131,0.400871,0.088960,0.146340,0.937013,0.305905,0.204887,0.684043,-1
1494	Cold:0.200000,0.100000,0.058824,0.058824,0.989058,0.033333,0.078792,0.333333,-1
1499	Whole:0.461438,0.403486,0.087974,0.146305,0.935943,0.306308,0.203977,0.672968,-1
1499	Cold:0.200000,0.100000,0.058824,0.058824,0.989058,0.033333,0.078792,0.333333,-1
1504	Whole:0.461438,0.401743,0.090636,0.147036,0.939157,0.305335,0.204853,0.679644,-1
1504	Cold:0.200000,0.200000,0.058824,0.117647,0.988443,0.058333,0.128504,0.333333,-1
1509	Whole:0.457952,0.403268,0.089088,0.147599,0.936007,0.304830,0.203765,0.670128,-1
1509	Cold:0.200000,0.200000,0.058824,0.117647,0.988747,0.075000,0.149137,0.500000,-1
1514	Whole:0.459259,0.404357,0.088825,0.146969,0.938019,0.308497,0.205593,0.690116,-1
1514	Cold:0.200000,0.200000,0.058824,0.117647,0.988747,0.075000,0.149137,0.500000,-1
1519	Whole:0.462309,0.403922,0.087765,0.146278,0.932770,0.308582,0.204319,0.673988,-1
1519	Cold:0.200000,0.100000,0.058824,0.058824,0.989666,0.050000,0.099425,0.500000,-1
1524	Whole:0.454466,0.400871,0.087010,0.145779,0.934861,0.304705,0.203654,0.678673,-1
1524	Cold:0.200000,0.200000,0.058824,0.117647,0.988443,0.058333,0.128504,0.333333,-1
1529	Whole:0.461438,0.401525,0.089183,0.145899,0.939083,0.305964,0.202950,0.674733,-1
1529	Cold:0.200000,0.200000,0.058824,0.117647,0.988747,0.061905,0.131320,0.333333,-1
1534	Whole:0.461438,0.400000,0.089887,0.145221,0.935990,0.306482,0.204696,0.682717,-1
1534	Cold:0.200000,0.200000,0.058824,0.117647,0.989051,0.066667,0.134925,0.333333,-1
1539	Whole:0.460131,0.404793,0.087710,0.149721,0.937082,0.307673,0.207540,0.688745,-1
1539	Cold:0.200000,0.100000,0.058824,0.058824,0.989058,0.033333,0.078792,0.333333,-1
1544	Whole:0.458824,0.403704,0.087405,0.148025,0.933888,0.306668,0.205563,0.681478,-1
1544	Cold:0.200000,0.100000,0.058824,0.058824,0.989058,0.033333,0.078792,0.333333,-1
1549	Whole:0.457081,0.399564,0.088793,0.145306,0.932816,0.301846,0.203397,0.679472,-1
1549	Cold:0.200000,0.100000,0.058824,0.058824,0.989058,0.033333,0.078792,0.333333,-1
1554	Whole:0.461002,0.401961,0.088863,0.146646,0.937090,0.306125,0.205402,0.684625,-1
1554	Cold:0.200000,0.100000,0.058824,0.058824,0.989058,0.033333,0.078792,0.333333,-1
1559	Whole:0.456645,0.399564,0.090242,0.145348,0.934868,0.303684,0.203573,0.677149,-1
1559	Cold:0.400000,0.200000,0.117647,0.117647,0.989355,0.073333,0.139754,0.333333,-1
1564	Whole:0.459259,0.401525,0.088972,0.148541,0.938083,0.301733,0.203428,0.672381,-1
1564	Cold:0.200000,0.200000,0.058824,0.117647,0.989051,0.066667,0.134925,0.333333,-1
1569	Whole:0.457516,0.402614,0.087773,0.146646,0.935945,0.303173,0.203666,0.676192,-1
1569	Cold:0.200000,0.200000,0.058824,0.117647,0.987835,0.053333,0.124344,0.333333,-1
1574	Whole:0.463181,0.405229,0.089377,0.147284,0.938078,0.307903,0.205640,0.677794,-1
1574	Cold:0.200000,0.100000,0.058824,0.058824,0.989666,0.050000,0.099425,0.500000,-1
1579	Whole:0.458824,0.404793,0.088818,0.146407,0.936021,0.308191,0.204452,0.681760,-1
1579	Cold:0.200000,0.100000,0.058824,0.058824,0.989058,0.033333,0.078792,0.333333,-1
1584	Whole:0.457081,0.403922,0.087034,0.147282,0.934926,0.307199,0.205005,0.677294,-1
1584	Cold:0.200000,0.100000,0.058824,0.058824,0.989058,0.033333,0.078792,0.333333,-1
1589	Whole:0.458388,0.403050,0.089228,0.147639,0.936010,0.306326,0.205370,0.677667,-1
1589	Cold:0.200000,0.200000,0.058824,0.117647,0.987835,0.053333,0.124344,0.333333,-1
1594	Whole:0.445752,0.399129,0.085239,0.148200,0.939099,0.300019,0.203154,0.676133,-1
1594	Cold:0.200000,0.200000,0.058824,0.117647,0.988443,0.058333,0.128504,0.333333,-1
1599	Whole:0.455338,0.401307,0.086842,0.146410,0.933826,0.302750,0.203698,0.673638,-1
1599	Cold:0.200000,0.200000,0.058824,0.117647,0.987835,0.047222,0.115305,0.250000,-1
1604	Whole:0.458824,0.404357,0.088052,0.147260,0.936010,0.306200,0.203543,0.665547,-1
1604	Cold:0.200000,0.200000,0.058824,0.117647,0.987530,0.045000,0.113420,0.250000,-1
1609	Whole:0.460566,0.405664,0.088724,0.147952,0.935997,0.307994,0.205037,0.678828,-1
1609	Cold:0.200000,0.200000,0.058824,0.117647,0.988443,0.058333,0.128504,0.333333,-1
1614	Whole:0.456209,0.400436,0.088588,0.146957,0.931807,0.304599,0.205015,0.683464,-1
1614	Cold:0.200000,0.100000,0.058824,0.058824,0.989666,0.050000,0.099425,0.500000,-1
1619	Whole:0.462309,0.400654,0.087912,0.147694,0.939172,0.305402,0.205099,0.680182,-1
1619	Cold:0.200000,0.200000,0.058824,0.117647,0.988139,0.055556,0.126230,0.333333,-1
1624	Whole:0.452288,0.400436,0.086110,0.147510,0.941228,0.304640,0.204038,0.679171,-1
1624	Cold:0.200000,0.200000,0.058824,0.117647,0.988443,0.058333,0.128504,0.333333,-1
1629	Whole:0.456645,0.404139,0.086223,0.146943,0.938020,0.304852,0.203512,0.671106,-1
1629	Cold:0.200000,0.200000,0.058824,0.117647,0.987835,0.053333,0.124344,0.333333,-1
1634	Whole:0.460131,0.399129,0.088506,0.144894,0.935906,0.300966,0.202085,0.671345,-1
1634	Cold:0.200000,0.200000,0.058824,0.117647,0.988139,0.050000,0.117580,0.250000,-1
1639	Whole:0.461438,0.403922,0.089104,0.149865,0.937124,0.309146,0.208080,0.688934,-1
1639	Cold:0.200000,0.100000,0.058824,0.058824,0.989666,0.050000,0.099425,0.500000,-1
1644	Whole:0.461438,0.399346,0.089029,0.146198,0.934898,0.303259,0.204074,0.676731,-1
1644	Cold:0.200000,0.200000,0.058824,0.117647,0.988443,0.058333,0.128504,0.333333,-1
1649	Whole:0.462309,0.401525,0.089736,0.146971,0.938054,0.304690,0.203709,0.665500,-1
1649	Cold:0.200000,0.200000,0.058824,0.117647,0.988139,0.055556,0.126230,0.333333,-1
1654	Whole:0.454031,0.403268,0.087638,0.146455,0.936995,0.304708,0.203232,0.676592,-1
1654	Cold:0.200000,0.200000,0.058824,0.117647,0.988747,0.061905,0.131320,0.333333,-1
1659	Whole:0.455773,0.400000,0.087240,0.145527,0.934900,0.302096,0.202236,0.676087,-1
1659	Cold:0.200000,0.200000,0.058824,0.117647,0.988139,0.055556,0.126230,0.333333,-1
1664	Whole:0.456645,0.403268,0.087586,0.148580,0.937096,0.307069,0.206843,0.689485,-1
1664	Cold:0.200000,0.200000,0.058824,0.117647,0.988139,0.055556,0.126230,0.333333,-1
1669	Whole:0.455773,0.401743,0.087866,0.149652,0.938086,0.302679,0.205190,0.681391,-1
1669	Cold:0.200000,0.200000,0.058824,0.117647,0.988747,0.061905,0.131320,0.333333,-1
1674	Whole:0.457081,0.401961,0.087768,0.147306,0.941203,0.302089,0.202633,0.674074,-1
1674	Cold:0.200000,0.200000,0.058824,0.117647,0.988139,0.048571,0.113490,0.200000,-1
1679	Whole:0.454902,0.400436,0.086219,0.144961,0.935963,0.304139,0.203066,0.675538,-1
1679	Cold:0.200000,0.100000,0.058824,0.058824,0.989058,0.033333,0.078792,0.333333,-1
1684	Whole:0.453595,0.395643,0.087719,0.143794,0.937006,0.298605,0.201084,0.672009,-1
1684	Cold:0.200000,0.200000,0.058824,0.117647,0.988139,0.048571,0.113490,0.200000,-1
1689	Whole:0.468410,0.404357,0.091098,0.147185,0.938120,0.309561,0.206369,0.681737,-1
1689	Cold:0.200000,0.200000,0.058824,0.117647,0.987835,0.053333,0.124344,0.333333,-1
1694	Whole:0.457081,0.399782,0.088591,0.146260,0.936998,0.302251,0.203934,0.680371,-1
1694	Cold:0.200000,0.200000,0.058824,0.117647,0.988443,0.058333,0.128504,0.333333,-1
1699	Whole:0.463617,0.405882,0.089075,0.150464,0.937064,0.309098,0.206610,0.674762,-1
1699	Cold:0.200000,0.100000,0.058824,0.058824,0.989058,0.033333,0.078792,0.333333,-1
1704	Whole:0.457081,0.399129,0.088715,0.145279,0.935987,0.303059,0.203010,0.679460,-1
1704	Cold:0.200000,0.100000,0.058824,0.058824,0.989666,0.050000,0.099425,0.500000,-1
1709	Whole:0.462745,0.398693,0.090209,0.146757,0.932845,0.306028,0.203918,0.672354,-1
1709	Cold:0.200000,0.200000,0.058824,0.117647,0.988747,0.075000,0.149137,0.500000,-1
1714	Whole:0.461438,0.397168,0.090241,0.144798,0.939176,0.303034,0.203955,0.684246,-1
1714	Cold:0.200000,0.100000,0.058824,0.058824,0.989058,0.033333,0.078792,0.333333,-1
1719	Whole:0.461002,0.399564,0.088542,0.145411,0.932775,0.304611,0.203292,0.676910,-1
1719	Cold:0.200000,0.200000,0.058824,0.117647,0.988747,0.075000,0.149137,0.500000,-1
1724	Whole:0.459259,0.403486,0.088078,0.149756,0.932798,0.304671,0.204443,0.667983,-1
1724	Cold:0.200000,0.200000,0.058824,0.117647,0.989051,0.078571,0.151953,0.500000,-1
1729	Whole:0.454466,0.400871,0.088189,0.147379,0.935918,0.302356,0.204116,0.668561,-1
1729	Cold:0.200000,0.200000,0.058824,0.117647,0.987835,0.047222,0.115305,0.250000,-1
1734	Whole:0.459259,0.399129,0.089189,0.145192,0.935950,0.303296,0.202810,0.679403,-1
1734	Cold:0.200000,0.200000,0.058824,0.117647,0.987835,0.047222,0.115305,0.250000,-1
1739	Whole:0.459259,0.404139,0.087814,0.146275,0.934921,0.305404,0.203453,0.665375,-1
1739	Cold:0.200000,0.200000,0.058824,0.117647,0.988747,0.061905,0.131320,0.333333,-1
1744	Whole:0.458824,0.401743,0.088672,0.145266,0.935990,0.304857,0.203013,0.672718,-1
1744	Cold:0.200000,0.200000,0.058824,0.117647,0.988747,0.061905,0.131320,0.333333,-1
1749	Whole:0.461002,0.405447,0.089091,0.148116,0.934921,0.306485,0.204692,0.664057,-1
1749	Cold:0.200000,0.200000,0.058824,0.117647,0.988139,0.055556,0.126230,0.333333,-1
1754	Whole:0.454466,0.402614,0.087408,0.146051,0.937004,0.303932,0.203437,0.674977,-1
1754	Cold:0.200000,0.100000,0.058824,0.058824,0.989058,0.033333,0.078792,0.333333,-1
1759	Whole:0.456645,0.401743,0.088524,0.148675,0.940182,0.303416,0.204567,0.684181,-1
1759	Cold:0.200000,0.200000,0.058824,0.117647,0.987835,0.053333,0.124344,0.333333,-1
1764	Whole:0.457081,0.401743,0.088091,0.148485,0.937018,0.307193,0.205653,0.684209,-1
1764	Cold:0.200000,0.200000,0.058824,0.117647,0.988747,0.061905,0.131320,0.333333,-1
1769	Whole:0.452723,0.401089,0.085851,0.145428,0.936930,0.303418,0.203014,0.681756,-1
1769	Cold:0.200000,0.100000,0.058824,0.058824,0.989058,0.033333,0.078792,0.333333,-1
1774	Whole:0.457081,0.404139,0.088882,0.146592,0.937984,0.307088,0.205294,0.691031,-1
1774	Cold:0.200000,0.200000,0.058824,0.117647,0.987835,0.047222,0.115305,0.250000,-1
1779	Whole:0.456209,0.402179,0.087652,0.145965,0.934957,0.307126,0.203503,0.675851,-1
1779	Cold:0.200000,0.200000,0.058824,0.117647,0.988443,0.058333,0.128504,0.333333,-1
1784	Whole:0.458388,0.405011,0.088050,0.147508,0.939086,0.307288,0.205810,0.685430,-1
1784	Cold:0.200000,0.200000,0.058824,0.117647,0.987835,0.053333,0.124344,0.333333,-1
1789	Whole:0.459259,0.403486,0.088503,0.147631,0.934877,0.307575,0.205522,0.681006,-1
1789	Cold:0.200000,0.200000,0.058824,0.117647,0.989051,0.066667,0.134925,0.333333,-1
1794	Whole:0.464052,0.401961,0.089356,0.144338,0.936966,0.307205,0.203789,0.682507,-1
1794	Cold:0.200000,0.200000,0.058824,0.117647,0.988443,0.058333,0.128504,0.333333,-1
1799	Whole:0.450545,0.393900,0.088744,0.143082,0.934846,0.300554,0.202396,0.682751,-1
1799	Cold:0.200000,0.200000,0.058824,0.117647,0.988443,0.058333,0.128504,0.333333,-1
0.449673,0.400000,0.087527,0.144981,0.935862,0.301721,0.201968,0.672676,-1
