Training: ...ranking/data/yelp/train0.5_folder_1, Testing:: .../ranking/data/yelp/test0.5_folder_1.
WARP: 30,5.0E-4,0.35,1800,10,1600,12000,1.0,1.6
104	Whole:0.026672,0.024513,0.019802,0.035290,0.588943,0.016083,0.028828,0.067461,-1
104	Cold:0.012091,0.010852,0.018945,0.033403,0.549573,0.011496,0.022818,0.034361,-1
109	Whole:0.027157,0.025428,0.019974,0.036886,0.591614,0.016466,0.029783,0.068978,-1
109	Cold:0.012072,0.011393,0.018851,0.034964,0.551588,0.011698,0.023528,0.035062,-1
114	Whole:0.028189,0.025987,0.020964,0.037961,0.593539,0.016997,0.030649,0.070595,-1
114	Cold:0.012604,0.011650,0.019720,0.036000,0.552505,0.012160,0.024255,0.035827,-1
119	Whole:0.028712,0.026597,0.021466,0.038873,0.594905,0.017752,0.031636,0.072935,-1
119	Cold:0.012916,0.012026,0.020314,0.037144,0.553834,0.012889,0.025309,0.037596,-1
124	Whole:0.029359,0.027132,0.021834,0.039366,0.596551,0.017974,0.032161,0.074459,-1
124	Cold:0.013100,0.012137,0.020558,0.037368,0.554430,0.012764,0.025319,0.037557,-1
129	Whole:0.030068,0.027486,0.022468,0.039683,0.597419,0.018346,0.032635,0.075577,-1
129	Cold:0.013302,0.012274,0.021025,0.037700,0.554888,0.013136,0.025792,0.038291,-1
134	Whole:0.030926,0.028177,0.023194,0.041146,0.599716,0.018749,0.033538,0.077034,-1
134	Cold:0.013925,0.012595,0.022103,0.038983,0.556354,0.013307,0.026329,0.038586,-1
139	Whole:0.031063,0.028706,0.022849,0.041861,0.600680,0.019337,0.034301,0.078674,-1
139	Cold:0.013668,0.012843,0.021507,0.039611,0.557087,0.013815,0.027012,0.039864,-1
144	Whole:0.032046,0.029321,0.023555,0.042710,0.602355,0.019853,0.035037,0.080007,-1
144	Cold:0.013962,0.013072,0.021960,0.040557,0.558644,0.014191,0.027653,0.040778,-1
149	Whole:0.033128,0.029508,0.024907,0.043423,0.602823,0.020277,0.035622,0.081271,-1
149	Cold:0.014879,0.013045,0.023641,0.041050,0.558783,0.014414,0.027985,0.041260,-1
154	Whole:0.033103,0.029875,0.024587,0.043497,0.603846,0.020382,0.035788,0.081606,-1
154	Cold:0.014733,0.013045,0.023385,0.040752,0.558646,0.014397,0.027922,0.041133,-1
159	Whole:0.033638,0.030130,0.025163,0.044348,0.605428,0.020608,0.036302,0.082499,-1
159	Cold:0.015008,0.013311,0.023896,0.041824,0.560158,0.014570,0.028409,0.041619,-1
164	Whole:0.034198,0.030155,0.025599,0.044151,0.605306,0.020775,0.036427,0.083038,-1
164	Cold:0.015301,0.013393,0.024203,0.041802,0.560296,0.014780,0.028671,0.042322,-1
169	Whole:0.033962,0.030509,0.025329,0.045223,0.606176,0.021144,0.037076,0.083944,-1
169	Cold:0.015081,0.013522,0.023978,0.042911,0.560754,0.015101,0.029219,0.042915,-1
174	Whole:0.034260,0.030472,0.025724,0.044822,0.606020,0.021316,0.037131,0.084180,-1
174	Cold:0.015228,0.013485,0.024431,0.042366,0.560708,0.015316,0.029320,0.043453,-1
179	Whole:0.034335,0.030727,0.025959,0.045540,0.607170,0.021401,0.037441,0.084593,-1
179	Cold:0.015595,0.013659,0.024731,0.043148,0.561441,0.015384,0.029595,0.043556,-1
184	Whole:0.034297,0.030889,0.025700,0.045983,0.607573,0.021632,0.037719,0.084801,-1
184	Cold:0.015246,0.013751,0.024397,0.043621,0.561899,0.015530,0.029829,0.043723,-1
189	Whole:0.034173,0.030951,0.025606,0.046474,0.607946,0.021605,0.037801,0.084965,-1
189	Cold:0.015503,0.013962,0.024412,0.044313,0.562679,0.015522,0.030073,0.043874,-1
194	Whole:0.034484,0.031063,0.026232,0.046870,0.608443,0.021708,0.038015,0.085181,-1
194	Cold:0.015522,0.014017,0.024924,0.044658,0.563045,0.015641,0.030270,0.044004,-1
199	Whole:0.034372,0.031268,0.026330,0.046781,0.608876,0.021758,0.038100,0.085660,-1
199	Cold:0.015687,0.014045,0.025141,0.044495,0.563045,0.015639,0.030230,0.043873,-1
204	Whole:0.034584,0.031007,0.026695,0.046224,0.607635,0.021838,0.037932,0.085650,-1
204	Cold:0.015925,0.013962,0.025641,0.044071,0.562450,0.015763,0.030251,0.044243,-1
209	Whole:0.034621,0.031131,0.026795,0.046440,0.608068,0.021838,0.037962,0.085198,-1
209	Cold:0.015962,0.013980,0.025703,0.044136,0.562450,0.015800,0.030295,0.044189,-1
214	Whole:0.034708,0.030920,0.026947,0.045989,0.607355,0.021894,0.037853,0.085612,-1
214	Cold:0.016054,0.013898,0.025809,0.043972,0.562542,0.015828,0.030289,0.044387,-1
219	Whole:0.034832,0.030845,0.026984,0.046148,0.607295,0.022032,0.038017,0.085799,-1
219	Cold:0.016017,0.014026,0.025871,0.044054,0.562863,0.016114,0.030650,0.045142,-1
224	Whole:0.035193,0.030901,0.027657,0.046255,0.606923,0.022052,0.038037,0.085176,-1
224	Cold:0.016439,0.013971,0.026617,0.044334,0.562909,0.016125,0.030710,0.045177,-1
229	Whole:0.034820,0.030771,0.027179,0.045937,0.606861,0.021824,0.037708,0.084307,-1
229	Cold:0.015980,0.013907,0.026068,0.044036,0.562588,0.015968,0.030435,0.044629,-1
234	Whole:0.034360,0.030802,0.026700,0.045877,0.606456,0.021778,0.037586,0.084183,-1
234	Cold:0.015797,0.013861,0.025579,0.043859,0.562450,0.015860,0.030301,0.044496,-1
239	Whole:0.034621,0.030646,0.026523,0.045928,0.606301,0.021607,0.037384,0.083871,-1
239	Cold:0.015833,0.013971,0.025406,0.044238,0.563045,0.015632,0.030181,0.043935,-1
244	Whole:0.034671,0.030808,0.026897,0.046016,0.606176,0.021654,0.037442,0.083424,-1
244	Cold:0.015852,0.013870,0.025695,0.044143,0.562679,0.015702,0.030187,0.043972,-1
249	Whole:0.034783,0.030833,0.027098,0.046335,0.606642,0.021847,0.037665,0.084158,-1
249	Cold:0.016072,0.013990,0.026132,0.044804,0.563321,0.015887,0.030541,0.044511,-1
254	Whole:0.034733,0.030696,0.026829,0.045907,0.605897,0.021862,0.037542,0.084259,-1
254	Cold:0.015943,0.013815,0.025759,0.044227,0.562451,0.015831,0.030332,0.044400,-1
259	Whole:0.034571,0.030702,0.026577,0.045956,0.605836,0.021753,0.037503,0.084258,-1
259	Cold:0.016090,0.013907,0.025689,0.044420,0.563000,0.015827,0.030415,0.044673,-1
264	Whole:0.034310,0.030360,0.026269,0.045312,0.604687,0.021608,0.037093,0.083713,-1
264	Cold:0.015852,0.013641,0.025479,0.043703,0.561993,0.015721,0.030072,0.044328,-1
269	Whole:0.034322,0.030248,0.026372,0.045229,0.604439,0.021513,0.036964,0.083509,-1
269	Cold:0.015870,0.013641,0.025747,0.043639,0.562176,0.015657,0.030016,0.044233,-1
274	Whole:0.033725,0.029999,0.025810,0.044754,0.604003,0.021262,0.036527,0.082581,-1
274	Cold:0.015411,0.013549,0.025026,0.043312,0.561854,0.015570,0.029766,0.043568,-1
279	Whole:0.033750,0.030230,0.026016,0.045097,0.604499,0.021350,0.036738,0.083047,-1
279	Cold:0.015522,0.013641,0.025333,0.043693,0.562084,0.015556,0.029881,0.043650,-1
284	Whole:0.033787,0.030012,0.025742,0.044908,0.604035,0.021213,0.036491,0.082421,-1
284	Cold:0.015155,0.013650,0.024913,0.043685,0.562175,0.015508,0.029825,0.043497,-1
289	Whole:0.034024,0.029962,0.025871,0.044441,0.603538,0.021232,0.036394,0.082982,-1
289	Cold:0.015430,0.013577,0.025129,0.043176,0.562083,0.015373,0.029605,0.043517,-1
294	Whole:0.033812,0.029763,0.025498,0.043912,0.602854,0.021026,0.036005,0.081973,-1
294	Cold:0.015136,0.013347,0.024460,0.042687,0.560892,0.015261,0.029311,0.043070,-1
299	Whole:0.033539,0.029775,0.025455,0.044077,0.603319,0.020978,0.035999,0.082130,-1
299	Cold:0.015044,0.013265,0.024487,0.042585,0.560846,0.015114,0.029095,0.042609,-1
304	Whole:0.033439,0.029813,0.025270,0.043937,0.602916,0.020699,0.035702,0.080937,-1
304	Cold:0.015136,0.013320,0.024508,0.042536,0.560892,0.014870,0.028912,0.042339,-1
309	Whole:0.033290,0.029595,0.025153,0.043807,0.602172,0.021026,0.035847,0.081728,-1
309	Cold:0.014898,0.013118,0.024324,0.042453,0.560160,0.015232,0.029103,0.042566,-1
314	Whole:0.033377,0.029508,0.024942,0.043858,0.602141,0.020905,0.035715,0.081128,-1
314	Cold:0.014879,0.013173,0.024256,0.042671,0.560526,0.015167,0.029096,0.042403,-1
319	Whole:0.033215,0.029452,0.024611,0.043363,0.601891,0.020693,0.035471,0.081466,-1
319	Cold:0.014733,0.013017,0.023747,0.041816,0.559656,0.014883,0.028651,0.042140,-1
324	Whole:0.033277,0.029558,0.024658,0.043133,0.601549,0.020824,0.035483,0.081739,-1
324	Cold:0.014623,0.012925,0.023789,0.041456,0.559243,0.014857,0.028527,0.042263,-1
329	Whole:0.032680,0.029477,0.024162,0.043031,0.601268,0.020690,0.035197,0.080906,-1
329	Cold:0.014476,0.012834,0.023433,0.041303,0.558739,0.014738,0.028296,0.041639,-1
334	Whole:0.032705,0.029427,0.024229,0.043110,0.601206,0.020587,0.035123,0.080698,-1
334	Cold:0.014421,0.012870,0.023452,0.041454,0.558510,0.014623,0.028171,0.041022,-1
339	Whole:0.032643,0.029253,0.023786,0.042851,0.600523,0.020443,0.034869,0.080096,-1
339	Cold:0.014201,0.012733,0.022921,0.041276,0.558006,0.014552,0.028009,0.040839,-1
344	Whole:0.032718,0.029085,0.023729,0.042350,0.599809,0.020255,0.034506,0.079515,-1
344	Cold:0.014017,0.012577,0.022738,0.040507,0.557364,0.014168,0.027427,0.039862,-1
349	Whole:0.032792,0.029185,0.024024,0.042445,0.599933,0.020550,0.034777,0.080186,-1
349	Cold:0.014109,0.012595,0.023106,0.040715,0.557547,0.014567,0.027838,0.040754,-1
354	Whole:0.032606,0.028992,0.023760,0.041845,0.599591,0.020224,0.034343,0.079254,-1
354	Cold:0.013999,0.012357,0.022832,0.039729,0.556448,0.014239,0.027287,0.040152,-1
359	Whole:0.032096,0.028992,0.023222,0.041517,0.599002,0.020208,0.034206,0.079437,-1
359	Cold:0.013944,0.012357,0.022289,0.039400,0.556402,0.014097,0.027067,0.039780,-1
364	Whole:0.032270,0.029085,0.023250,0.041807,0.599653,0.020194,0.034259,0.079292,-1
364	Cold:0.013797,0.012513,0.022378,0.040023,0.556997,0.014058,0.027169,0.039476,-1
369	Whole:0.032481,0.029060,0.023562,0.041475,0.598846,0.020118,0.034063,0.079045,-1
369	Cold:0.013944,0.012210,0.022635,0.039196,0.555669,0.013890,0.026747,0.039175,-1
374	Whole:0.032021,0.028923,0.023147,0.041164,0.598535,0.020002,0.033848,0.078634,-1
374	Cold:0.013705,0.012137,0.022212,0.038863,0.555394,0.013771,0.026532,0.038777,-1
379	Whole:0.031984,0.028625,0.023131,0.040659,0.597883,0.019779,0.033470,0.078095,-1
379	Cold:0.013540,0.011935,0.022095,0.038137,0.554661,0.013525,0.026088,0.038246,-1
384	Whole:0.032046,0.028650,0.023015,0.040827,0.597946,0.019688,0.033459,0.078125,-1
384	Cold:0.013430,0.011944,0.021830,0.038331,0.554661,0.013508,0.026115,0.038227,-1
389	Whole:0.031971,0.028718,0.022607,0.040896,0.598409,0.019569,0.033387,0.077957,-1
389	Cold:0.013320,0.011926,0.021309,0.038169,0.554935,0.013312,0.025881,0.037757,-1
394	Whole:0.031996,0.028550,0.022563,0.040856,0.597912,0.019618,0.033403,0.078028,-1
394	Cold:0.013283,0.011834,0.021453,0.038229,0.554386,0.013411,0.025920,0.037834,-1
399	Whole:0.031685,0.028444,0.022351,0.040388,0.597261,0.019484,0.033126,0.077362,-1
399	Cold:0.013173,0.011770,0.021166,0.037871,0.554157,0.013310,0.025755,0.037684,-1
404	Whole:0.031834,0.028289,0.022722,0.040098,0.596919,0.019434,0.033006,0.077477,-1
404	Cold:0.013228,0.011632,0.021525,0.037354,0.553241,0.013211,0.025478,0.037324,-1
409	Whole:0.031772,0.028426,0.022464,0.040019,0.597197,0.019453,0.032956,0.077445,-1
409	Cold:0.013136,0.011559,0.021288,0.037101,0.552874,0.013162,0.025368,0.037261,-1
414	Whole:0.031984,0.028227,0.022378,0.039609,0.596050,0.019379,0.032720,0.076717,-1
414	Cold:0.013118,0.011448,0.021042,0.036736,0.552325,0.013084,0.025163,0.036901,-1
419	Whole:0.031834,0.028382,0.022470,0.039511,0.596451,0.019324,0.032663,0.076872,-1
419	Cold:0.013136,0.011458,0.021040,0.036576,0.552370,0.013007,0.025061,0.036841,-1
424	Whole:0.031809,0.028164,0.022443,0.038815,0.595521,0.019208,0.032344,0.076309,-1
424	Cold:0.012990,0.011247,0.020957,0.035735,0.551500,0.012938,0.024764,0.036683,-1
429	Whole:0.031362,0.028276,0.021976,0.039339,0.595987,0.019292,0.032544,0.076415,-1
429	Cold:0.012916,0.011412,0.020802,0.036632,0.552232,0.012974,0.024997,0.036625,-1
434	Whole:0.031225,0.028214,0.021604,0.039041,0.595428,0.019119,0.032268,0.075739,-1
434	Cold:0.012568,0.011283,0.020248,0.036118,0.551591,0.012826,0.024676,0.036089,-1
439	Whole:0.031548,0.028227,0.021632,0.039174,0.595923,0.019094,0.032314,0.076150,-1
439	Cold:0.012494,0.011329,0.020167,0.036192,0.551683,0.012817,0.024706,0.036075,-1
444	Whole:0.031648,0.028146,0.021848,0.038837,0.595859,0.019103,0.032249,0.076602,-1
444	Cold:0.012751,0.011210,0.020434,0.035749,0.551362,0.012741,0.024545,0.036176,-1
449	Whole:0.031623,0.028077,0.022122,0.038831,0.595425,0.019021,0.032134,0.075514,-1
449	Cold:0.012696,0.011283,0.020615,0.035928,0.551453,0.012776,0.024608,0.036044,-1
454	Whole:0.031585,0.028090,0.021791,0.038405,0.595238,0.019016,0.032051,0.075790,-1
454	Cold:0.012623,0.011082,0.020204,0.035303,0.550583,0.012716,0.024360,0.035962,-1
459	Whole:0.031212,0.028108,0.021538,0.038492,0.595114,0.019163,0.032124,0.076260,-1
459	Cold:0.012549,0.011091,0.020252,0.035413,0.550812,0.012845,0.024478,0.036076,-1
464	Whole:0.031175,0.028021,0.021602,0.038367,0.594990,0.019025,0.031998,0.076064,-1
464	Cold:0.012366,0.010907,0.020044,0.035094,0.549759,0.012658,0.024173,0.035610,-1
469	Whole:0.030963,0.027891,0.021402,0.037515,0.594276,0.018863,0.031638,0.075505,-1
469	Cold:0.012421,0.010770,0.019808,0.034115,0.549438,0.012481,0.023809,0.035468,-1
474	Whole:0.031250,0.027891,0.021624,0.037902,0.593843,0.018939,0.031702,0.075334,-1
474	Cold:0.012476,0.010834,0.020054,0.034634,0.549667,0.012495,0.023924,0.035433,-1
479	Whole:0.030901,0.027853,0.021388,0.037705,0.594120,0.018927,0.031642,0.075560,-1
479	Cold:0.012384,0.010751,0.019916,0.034379,0.549346,0.012539,0.023877,0.035474,-1
484	Whole:0.031411,0.027791,0.021547,0.037522,0.593717,0.018943,0.031630,0.075999,-1
484	Cold:0.012421,0.010614,0.019880,0.033976,0.548797,0.012462,0.023699,0.035435,-1
489	Whole:0.031287,0.027760,0.021155,0.037431,0.593562,0.018958,0.031581,0.075990,-1
489	Cold:0.012237,0.010623,0.019544,0.034044,0.548888,0.012466,0.023708,0.035501,-1
494	Whole:0.030963,0.027773,0.021006,0.037973,0.594029,0.018844,0.031656,0.075599,-1
494	Cold:0.012054,0.010788,0.019391,0.034472,0.549483,0.012461,0.023840,0.035461,-1
499	Whole:0.030789,0.027779,0.021175,0.037502,0.593469,0.018671,0.031357,0.075148,-1
499	Cold:0.012036,0.010559,0.019522,0.033770,0.548430,0.012143,0.023323,0.034688,-1
504	Whole:0.031113,0.027586,0.021226,0.037258,0.593036,0.018732,0.031290,0.075371,-1
504	Cold:0.012036,0.010504,0.019492,0.033561,0.548430,0.012153,0.023234,0.034540,-1
509	Whole:0.030789,0.027623,0.020982,0.037134,0.592942,0.018675,0.031196,0.074604,-1
509	Cold:0.011834,0.010403,0.019165,0.033120,0.547743,0.012071,0.023019,0.034191,-1
514	Whole:0.030976,0.027667,0.021136,0.037051,0.593406,0.018686,0.031164,0.074689,-1
514	Cold:0.011944,0.010366,0.019355,0.032961,0.547651,0.012098,0.023011,0.034381,-1
519	Whole:0.031237,0.027760,0.021081,0.037140,0.593002,0.018725,0.031236,0.074658,-1
519	Cold:0.011999,0.010375,0.019373,0.033292,0.547789,0.012072,0.023034,0.034166,-1
524	Whole:0.030814,0.027779,0.020925,0.037120,0.593189,0.018664,0.031182,0.074709,-1
524	Cold:0.011999,0.010384,0.019311,0.033206,0.547651,0.011979,0.022898,0.033682,-1
529	Whole:0.031125,0.027611,0.021251,0.036682,0.592536,0.018634,0.030980,0.074599,-1
529	Cold:0.012036,0.010192,0.019556,0.032620,0.546644,0.011979,0.022732,0.033794,-1
534	Whole:0.031088,0.027785,0.021105,0.036914,0.592756,0.018688,0.031171,0.075035,-1
534	Cold:0.012017,0.010274,0.019435,0.032786,0.547239,0.012011,0.022859,0.034224,-1
539	Whole:0.030814,0.027648,0.020813,0.036648,0.592723,0.018629,0.031025,0.074838,-1
539	Cold:0.011944,0.010247,0.019104,0.032618,0.547422,0.011943,0.022767,0.034160,-1
544	Whole:0.030963,0.027462,0.020973,0.036044,0.591731,0.018484,0.030744,0.074526,-1
544	Cold:0.011999,0.009981,0.019171,0.031769,0.546140,0.011825,0.022418,0.033974,-1
549	Whole:0.030802,0.027499,0.020921,0.036150,0.591978,0.018486,0.030767,0.074497,-1
549	Cold:0.011999,0.010036,0.019260,0.031816,0.546552,0.011812,0.022447,0.034064,-1
554	Whole:0.030901,0.027449,0.020809,0.036034,0.591978,0.018567,0.030779,0.074641,-1
554	Cold:0.011889,0.010072,0.019023,0.031918,0.546369,0.011973,0.022596,0.034235,-1
559	Whole:0.031063,0.027505,0.021064,0.036148,0.592007,0.018509,0.030731,0.074379,-1
559	Cold:0.011981,0.010054,0.019366,0.031939,0.546185,0.011892,0.022486,0.033784,-1
564	Whole:0.031163,0.027462,0.021070,0.035689,0.591294,0.018504,0.030555,0.074622,-1
564	Cold:0.011944,0.009944,0.019405,0.031475,0.545636,0.011690,0.022170,0.033384,-1
569	Whole:0.030939,0.027368,0.020766,0.035455,0.590922,0.018463,0.030496,0.074255,-1
569	Cold:0.011779,0.009797,0.019014,0.030841,0.545040,0.011728,0.022036,0.033461,-1
574	Whole:0.030889,0.027287,0.020678,0.035560,0.590892,0.018443,0.030501,0.073987,-1
574	Cold:0.011852,0.009889,0.018972,0.031164,0.545223,0.011779,0.022175,0.033623,-1
579	Whole:0.031013,0.027275,0.020673,0.035607,0.590489,0.018434,0.030480,0.073990,-1
579	Cold:0.011724,0.009871,0.018763,0.031258,0.545223,0.011712,0.022113,0.033383,-1
584	Whole:0.030839,0.027182,0.020763,0.035376,0.590643,0.018383,0.030420,0.074189,-1
584	Cold:0.011705,0.009889,0.018979,0.031035,0.545361,0.011672,0.022059,0.033465,-1
589	Whole:0.030876,0.027231,0.020780,0.035469,0.590613,0.018410,0.030406,0.074150,-1
589	Cold:0.011944,0.009761,0.019172,0.031023,0.544949,0.011626,0.021961,0.033269,-1
594	Whole:0.030926,0.027126,0.020858,0.035292,0.590241,0.018243,0.030252,0.073646,-1
594	Cold:0.011944,0.009678,0.019147,0.030610,0.544491,0.011477,0.021723,0.032973,-1
599	Whole:0.030715,0.027088,0.020591,0.035231,0.590084,0.018233,0.030152,0.073114,-1
599	Cold:0.011742,0.009761,0.018863,0.030956,0.544994,0.011464,0.021777,0.032820,-1
604	Whole:0.030640,0.027163,0.020359,0.035124,0.590735,0.018374,0.030303,0.073949,-1
604	Cold:0.011467,0.009706,0.018393,0.030610,0.544857,0.011536,0.021746,0.032900,-1
609	Whole:0.030752,0.027319,0.020749,0.035524,0.590921,0.018282,0.030342,0.073598,-1
609	Cold:0.011669,0.009797,0.018889,0.031185,0.545086,0.011464,0.021798,0.032623,-1
614	Whole:0.030914,0.027126,0.020677,0.035097,0.590053,0.018384,0.030302,0.074013,-1
614	Cold:0.011742,0.009669,0.018949,0.030791,0.544308,0.011670,0.021883,0.033075,-1
619	Whole:0.030976,0.027219,0.020743,0.034998,0.590238,0.018429,0.030310,0.074604,-1
619	Cold:0.011705,0.009687,0.018877,0.030589,0.544491,0.011570,0.021783,0.033071,-1
624	Whole:0.030963,0.027200,0.020791,0.035279,0.590115,0.018387,0.030341,0.074170,-1
624	Cold:0.011779,0.009650,0.019032,0.030856,0.544262,0.011516,0.021766,0.032957,-1
629	Whole:0.031063,0.027418,0.020502,0.035499,0.590674,0.018461,0.030480,0.074420,-1
629	Cold:0.011595,0.009788,0.018502,0.031021,0.544994,0.011506,0.021845,0.033005,-1
634	Whole:0.030901,0.027424,0.020641,0.035536,0.590704,0.018379,0.030413,0.074280,-1
634	Cold:0.011760,0.009706,0.018859,0.031018,0.544582,0.011435,0.021774,0.033045,-1
639	Whole:0.030914,0.027499,0.020500,0.035574,0.591293,0.018188,0.030285,0.073905,-1
639	Cold:0.011669,0.009825,0.018588,0.031083,0.545040,0.011312,0.021695,0.032635,-1
644	Whole:0.030889,0.027437,0.020708,0.035335,0.590735,0.018288,0.030303,0.074097,-1
644	Cold:0.011595,0.009650,0.018711,0.030655,0.544216,0.011380,0.021601,0.032743,-1
649	Whole:0.030939,0.027511,0.020582,0.035207,0.591044,0.018146,0.030175,0.073773,-1
649	Cold:0.011522,0.009660,0.018486,0.030385,0.544215,0.011217,0.021411,0.032507,-1
654	Whole:0.030752,0.027542,0.020657,0.035529,0.591385,0.018235,0.030272,0.073682,-1
654	Cold:0.011540,0.009788,0.018567,0.030919,0.544765,0.011322,0.021639,0.032554,-1
659	Whole:0.030777,0.027381,0.020488,0.035266,0.590827,0.018300,0.030253,0.073909,-1
659	Cold:0.011357,0.009678,0.018372,0.030634,0.544398,0.011422,0.021600,0.032588,-1
664	Whole:0.030814,0.027368,0.020845,0.035271,0.590611,0.018310,0.030316,0.073841,-1
664	Cold:0.011577,0.009724,0.018786,0.030606,0.544536,0.011437,0.021665,0.032825,-1
669	Whole:0.030914,0.027430,0.020824,0.035656,0.591202,0.018317,0.030444,0.074015,-1
669	Cold:0.011815,0.009880,0.019050,0.031193,0.545177,0.011451,0.021863,0.033023,-1
674	Whole:0.030976,0.027468,0.020672,0.035137,0.590425,0.018341,0.030238,0.073831,-1
674	Cold:0.011595,0.009660,0.018631,0.030459,0.544261,0.011321,0.021494,0.032490,-1
679	Whole:0.030628,0.027337,0.020357,0.035028,0.590549,0.018286,0.030167,0.074101,-1
679	Cold:0.011375,0.009678,0.018409,0.030410,0.544490,0.011302,0.021491,0.032608,-1
684	Whole:0.030740,0.027375,0.020525,0.035300,0.590797,0.018380,0.030309,0.073987,-1
684	Cold:0.011522,0.009779,0.018613,0.030904,0.545040,0.011457,0.021760,0.032854,-1
689	Whole:0.031051,0.027437,0.020533,0.035357,0.590797,0.018258,0.030244,0.073695,-1
689	Cold:0.011430,0.009678,0.018417,0.030711,0.544399,0.011273,0.021515,0.032466,-1
694	Whole:0.031051,0.027281,0.020784,0.035291,0.590828,0.018207,0.030203,0.073462,-1
694	Cold:0.011504,0.009669,0.018742,0.030670,0.544353,0.011405,0.021602,0.032538,-1
699	Whole:0.030988,0.027244,0.020593,0.035068,0.590704,0.018193,0.030094,0.073607,-1
699	Cold:0.011448,0.009623,0.018502,0.030381,0.544169,0.011298,0.021436,0.032402,-1
704	Whole:0.030889,0.027169,0.020557,0.034959,0.590611,0.018203,0.030080,0.073615,-1
704	Cold:0.011448,0.009586,0.018384,0.030185,0.544078,0.011278,0.021382,0.032410,-1
709	Whole:0.030951,0.027300,0.020269,0.035330,0.590674,0.018312,0.030244,0.073862,-1
709	Cold:0.011430,0.009770,0.018236,0.030807,0.544765,0.011377,0.021635,0.032578,-1
714	Whole:0.030827,0.027356,0.020330,0.035032,0.590609,0.018203,0.030078,0.073548,-1
714	Cold:0.011283,0.009650,0.018192,0.030404,0.544261,0.011294,0.021441,0.032477,-1
719	Whole:0.030715,0.027057,0.020311,0.035002,0.589929,0.018080,0.029934,0.073333,-1
719	Cold:0.011265,0.009605,0.018359,0.030444,0.544032,0.011162,0.021262,0.031818,-1
724	Whole:0.030590,0.027070,0.020064,0.034569,0.589122,0.018106,0.029790,0.073166,-1
724	Cold:0.011210,0.009458,0.018142,0.029945,0.543436,0.011104,0.021061,0.031616,-1
729	Whole:0.031013,0.027169,0.020377,0.034882,0.589866,0.018200,0.029959,0.073831,-1
729	Cold:0.011357,0.009495,0.018325,0.030075,0.543894,0.011077,0.021111,0.031823,-1
734	Whole:0.030914,0.027107,0.020474,0.034648,0.589742,0.018085,0.029796,0.073278,-1
734	Cold:0.011393,0.009485,0.018404,0.029943,0.543665,0.011028,0.021003,0.031451,-1
739	Whole:0.030615,0.027356,0.020291,0.035114,0.590580,0.018221,0.030087,0.073584,-1
739	Cold:0.011338,0.009605,0.018399,0.030297,0.544169,0.011189,0.021286,0.031993,-1
744	Whole:0.031026,0.027325,0.020623,0.034827,0.590207,0.018380,0.030120,0.074296,-1
744	Cold:0.011412,0.009485,0.018525,0.030111,0.543895,0.011204,0.021228,0.031963,-1
749	Whole:0.030777,0.027231,0.020357,0.034835,0.590270,0.018391,0.030134,0.074103,-1
749	Cold:0.011192,0.009531,0.018359,0.030072,0.543849,0.011383,0.021424,0.032549,-1
754	Whole:0.030727,0.027350,0.020252,0.035087,0.590641,0.018260,0.030120,0.073818,-1
754	Cold:0.011283,0.009623,0.018305,0.030307,0.544307,0.011227,0.021377,0.032410,-1
759	Whole:0.030988,0.027356,0.020554,0.034828,0.590549,0.018441,0.030161,0.074164,-1
759	Cold:0.011338,0.009485,0.018569,0.029970,0.543803,0.011405,0.021405,0.032609,-1
764	Whole:0.030914,0.027151,0.020320,0.034667,0.590176,0.018312,0.030040,0.074537,-1
764	Cold:0.011228,0.009513,0.018166,0.030092,0.543894,0.011311,0.021369,0.032631,-1
769	Whole:0.030752,0.027101,0.020272,0.034732,0.589928,0.018254,0.029968,0.073457,-1
769	Cold:0.011228,0.009440,0.018145,0.029837,0.543391,0.011212,0.021174,0.032133,-1
774	Whole:0.031051,0.027287,0.020279,0.034946,0.590672,0.018266,0.030120,0.073970,-1
774	Cold:0.011247,0.009522,0.018074,0.030019,0.543894,0.011241,0.021266,0.032301,-1
779	Whole:0.030752,0.027151,0.020070,0.034649,0.589526,0.018306,0.029970,0.073875,-1
779	Cold:0.011210,0.009476,0.018041,0.030003,0.543391,0.011260,0.021260,0.032325,-1
784	Whole:0.030578,0.027231,0.020354,0.034723,0.589649,0.018313,0.030045,0.074008,-1
784	Cold:0.011228,0.009412,0.018356,0.029792,0.543070,0.011231,0.021188,0.032353,-1
789	Whole:0.030541,0.027132,0.020134,0.034819,0.589587,0.018269,0.030013,0.074138,-1
789	Cold:0.011118,0.009430,0.018138,0.029940,0.543391,0.011136,0.021127,0.032052,-1
794	Whole:0.030416,0.027151,0.019974,0.034827,0.590208,0.018240,0.030024,0.073614,-1
794	Cold:0.011100,0.009403,0.017972,0.029811,0.543528,0.011229,0.021182,0.032234,-1
799	Whole:0.030802,0.027250,0.020230,0.035160,0.590673,0.018256,0.030116,0.073874,-1
799	Cold:0.011357,0.009595,0.018273,0.030245,0.544307,0.011205,0.021323,0.032300,-1
804	Whole:0.030727,0.027281,0.020362,0.035015,0.590485,0.018088,0.029879,0.073292,-1
804	Cold:0.011302,0.009504,0.018408,0.030129,0.543894,0.010969,0.021015,0.031567,-1
809	Whole:0.030628,0.027238,0.020146,0.034738,0.590050,0.018070,0.029752,0.073112,-1
809	Cold:0.011357,0.009440,0.018335,0.029937,0.543482,0.011007,0.020986,0.031547,-1
814	Whole:0.030752,0.027511,0.020216,0.035127,0.590796,0.018226,0.030049,0.073563,-1
814	Cold:0.011228,0.009540,0.018203,0.030243,0.544077,0.011078,0.021165,0.031898,-1
819	Whole:0.030453,0.027182,0.019947,0.034667,0.589586,0.018008,0.029673,0.072996,-1
819	Cold:0.011173,0.009458,0.017989,0.030147,0.543665,0.010928,0.020942,0.031334,-1
824	Whole:0.030453,0.027101,0.020151,0.034494,0.589648,0.018070,0.029700,0.073255,-1
824	Cold:0.011173,0.009403,0.018133,0.029983,0.543482,0.010996,0.020946,0.031397,-1
829	Whole:0.030827,0.027188,0.020321,0.034563,0.590112,0.018120,0.029815,0.073681,-1
829	Cold:0.011173,0.009384,0.018215,0.029876,0.543390,0.010956,0.020913,0.031568,-1
834	Whole:0.030764,0.027070,0.020359,0.034273,0.589525,0.018111,0.029727,0.073583,-1
834	Cold:0.011155,0.009265,0.018284,0.029425,0.542978,0.010972,0.020821,0.031677,-1
839	Whole:0.030777,0.027113,0.020509,0.034357,0.589587,0.018219,0.029823,0.073882,-1
839	Cold:0.011192,0.009339,0.018528,0.029378,0.543116,0.011024,0.020873,0.031737,-1
844	Whole:0.030876,0.027163,0.020541,0.034468,0.589214,0.018201,0.029785,0.073535,-1
844	Cold:0.011485,0.009348,0.018619,0.029742,0.543162,0.011055,0.020989,0.031913,-1
849	Whole:0.030590,0.027107,0.020414,0.034590,0.589525,0.018200,0.029890,0.073498,-1
849	Cold:0.011247,0.009440,0.018245,0.029863,0.543665,0.011116,0.021117,0.032208,-1
854	Whole:0.030802,0.027151,0.020461,0.034491,0.589555,0.018246,0.029908,0.073894,-1
854	Cold:0.011412,0.009339,0.018605,0.029585,0.543253,0.011097,0.021004,0.032035,-1
859	Whole:0.031001,0.027182,0.020644,0.034540,0.589618,0.018300,0.029969,0.074014,-1
859	Cold:0.011412,0.009357,0.018656,0.029687,0.543253,0.011114,0.021041,0.032052,-1
864	Whole:0.031088,0.027082,0.020581,0.034522,0.589835,0.018272,0.029908,0.074251,-1
864	Cold:0.011302,0.009412,0.018599,0.029725,0.543665,0.011056,0.021007,0.031939,-1
869	Whole:0.031063,0.027219,0.020682,0.034399,0.589958,0.018263,0.029907,0.073969,-1
869	Cold:0.011393,0.009247,0.018624,0.029304,0.542887,0.011087,0.020896,0.031944,-1
874	Whole:0.031138,0.027169,0.020534,0.034586,0.589898,0.018269,0.029977,0.074034,-1
874	Cold:0.011283,0.009403,0.018199,0.029754,0.543482,0.011087,0.021047,0.032072,-1
879	Whole:0.030914,0.027169,0.020529,0.034614,0.589959,0.018177,0.029909,0.073993,-1
879	Cold:0.011173,0.009403,0.018259,0.029740,0.543574,0.010976,0.020949,0.031927,-1
884	Whole:0.030715,0.027076,0.020244,0.034508,0.589928,0.018204,0.029899,0.073838,-1
884	Cold:0.011192,0.009375,0.018243,0.029743,0.543391,0.011128,0.021050,0.032005,-1
889	Whole:0.030926,0.027231,0.020418,0.034402,0.589772,0.018290,0.029947,0.074264,-1
889	Cold:0.011338,0.009339,0.018440,0.029553,0.543208,0.011081,0.020961,0.031879,-1
894	Whole:0.030727,0.027107,0.020064,0.034515,0.589834,0.018282,0.029917,0.074500,-1
894	Cold:0.011155,0.009357,0.018116,0.029832,0.543390,0.011035,0.020972,0.031866,-1
899	Whole:0.030528,0.027300,0.020096,0.034568,0.589898,0.018405,0.030091,0.074370,-1
899	Cold:0.011173,0.009339,0.018132,0.029616,0.543299,0.011182,0.021082,0.032307,-1
904	Whole:0.030864,0.027231,0.020489,0.034690,0.589650,0.018365,0.030088,0.074161,-1
904	Cold:0.011302,0.009394,0.018386,0.029798,0.543482,0.011175,0.021129,0.032227,-1
909	Whole:0.030652,0.027294,0.020346,0.034632,0.589835,0.018331,0.030017,0.074110,-1
909	Cold:0.011412,0.009384,0.018381,0.029755,0.543528,0.011086,0.021044,0.032140,-1
914	Whole:0.030379,0.027213,0.020179,0.034505,0.589587,0.018336,0.030044,0.074299,-1
914	Cold:0.011045,0.009366,0.017994,0.029475,0.543253,0.011161,0.021059,0.032319,-1
919	Whole:0.031026,0.026920,0.020651,0.034095,0.589277,0.018298,0.029910,0.074290,-1
919	Cold:0.011357,0.009192,0.018516,0.028894,0.542292,0.011159,0.020888,0.032262,-1
924	Whole:0.030814,0.027306,0.020534,0.034532,0.590237,0.018345,0.030076,0.074530,-1
924	Cold:0.011357,0.009403,0.018474,0.029524,0.543436,0.011109,0.021030,0.032201,-1
929	Whole:0.030926,0.026983,0.020401,0.034266,0.589183,0.018296,0.029944,0.074563,-1
929	Cold:0.011228,0.009192,0.018177,0.029139,0.542383,0.011098,0.020847,0.032070,-1
934	Whole:0.030864,0.027113,0.020419,0.034293,0.589802,0.018201,0.029896,0.074138,-1
934	Cold:0.011192,0.009247,0.018033,0.029296,0.542841,0.011051,0.020873,0.031975,-1
939	Whole:0.031150,0.027480,0.020576,0.035157,0.590982,0.018388,0.030272,0.074266,-1
939	Cold:0.011320,0.009476,0.018379,0.030255,0.543940,0.011237,0.021317,0.032488,-1
944	Whole:0.031001,0.027350,0.020263,0.035024,0.590486,0.018411,0.030239,0.074602,-1
944	Cold:0.011155,0.009485,0.017910,0.030123,0.543757,0.011209,0.021249,0.032321,-1
949	Whole:0.030876,0.027319,0.020411,0.034883,0.590734,0.018436,0.030277,0.075115,-1
949	Cold:0.011228,0.009384,0.018224,0.029773,0.543437,0.011292,0.021248,0.032632,-1
954	Whole:0.030740,0.027175,0.020165,0.034588,0.590052,0.018327,0.030017,0.074362,-1
954	Cold:0.011173,0.009357,0.018020,0.029670,0.543207,0.011196,0.021095,0.032171,-1
959	Whole:0.030963,0.027319,0.020299,0.034732,0.590269,0.018350,0.030099,0.074280,-1
959	Cold:0.011283,0.009357,0.018166,0.029691,0.543162,0.011200,0.021106,0.032191,-1
964	Whole:0.031075,0.027430,0.020385,0.034718,0.590175,0.018483,0.030182,0.074591,-1
964	Cold:0.011302,0.009311,0.018148,0.029561,0.542933,0.011197,0.021053,0.032086,-1
969	Whole:0.030876,0.027449,0.020345,0.034911,0.590209,0.018564,0.030339,0.075086,-1
969	Cold:0.011192,0.009375,0.018062,0.029728,0.543528,0.011240,0.021179,0.032448,-1
974	Whole:0.030939,0.027449,0.020298,0.035105,0.590610,0.018552,0.030329,0.074686,-1
974	Cold:0.011265,0.009421,0.018150,0.029831,0.543574,0.011258,0.021172,0.032105,-1
979	Whole:0.030789,0.027269,0.020381,0.034616,0.590051,0.018400,0.030116,0.074476,-1
979	Cold:0.011210,0.009284,0.018125,0.029532,0.543024,0.011164,0.021004,0.032117,-1
984	Whole:0.030901,0.027368,0.020356,0.034821,0.590113,0.018330,0.030072,0.074202,-1
984	Cold:0.011247,0.009339,0.017930,0.029793,0.543253,0.011031,0.020963,0.031873,-1
989	Whole:0.030988,0.027343,0.020289,0.034754,0.590051,0.018450,0.030147,0.074465,-1
989	Cold:0.011063,0.009302,0.017751,0.029560,0.543116,0.011113,0.020957,0.031931,-1
994	Whole:0.031088,0.027493,0.020016,0.034740,0.590206,0.018608,0.030278,0.074915,-1
994	Cold:0.011063,0.009311,0.017506,0.029523,0.542979,0.011277,0.021132,0.032488,-1
999	Whole:0.030702,0.027462,0.019744,0.035105,0.590857,0.018573,0.030407,0.075231,-1
999	Cold:0.010953,0.009440,0.017402,0.029975,0.543802,0.011320,0.021300,0.032600,-1
1004	Whole:0.031150,0.027331,0.019981,0.034872,0.590578,0.018459,0.030181,0.074664,-1
1004	Cold:0.011045,0.009320,0.017502,0.029626,0.543116,0.011141,0.021017,0.032110,-1
1009	Whole:0.030690,0.027468,0.019756,0.034877,0.591012,0.018468,0.030233,0.074387,-1
1009	Cold:0.010935,0.009394,0.017350,0.029626,0.543528,0.011257,0.021129,0.032284,-1
1014	Whole:0.031075,0.027449,0.020194,0.035093,0.591106,0.018502,0.030367,0.075063,-1
1014	Cold:0.011155,0.009467,0.017845,0.029936,0.544032,0.011254,0.021287,0.032702,-1
1019	Whole:0.031013,0.027462,0.020178,0.034844,0.590858,0.018428,0.030210,0.074556,-1
1019	Cold:0.011045,0.009449,0.017800,0.029610,0.543619,0.011143,0.021078,0.032157,-1
1024	Whole:0.030852,0.027567,0.020137,0.035026,0.590889,0.018459,0.030329,0.074513,-1
1024	Cold:0.011100,0.009366,0.017831,0.029608,0.543345,0.011178,0.021084,0.032332,-1
1029	Whole:0.031038,0.027269,0.020222,0.034819,0.590021,0.018356,0.030092,0.074159,-1
1029	Cold:0.011320,0.009284,0.018101,0.029479,0.542841,0.011144,0.020996,0.032145,-1
1034	Whole:0.031100,0.027331,0.020291,0.034858,0.590083,0.018495,0.030243,0.074346,-1
1034	Cold:0.011247,0.009320,0.018029,0.029613,0.542750,0.011353,0.021209,0.032474,-1
1039	Whole:0.031026,0.027555,0.020456,0.035310,0.591137,0.018610,0.030512,0.074823,-1
1039	Cold:0.011338,0.009467,0.018307,0.030040,0.543711,0.011461,0.021448,0.032756,-1
1044	Whole:0.031113,0.027350,0.020353,0.034969,0.590486,0.018561,0.030366,0.074951,-1
1044	Cold:0.011118,0.009375,0.017838,0.029732,0.543208,0.011383,0.021278,0.032634,-1
1049	Whole:0.030715,0.027225,0.020091,0.034840,0.590239,0.018511,0.030198,0.074549,-1
1049	Cold:0.011008,0.009440,0.017632,0.029985,0.543757,0.011350,0.021320,0.032552,-1
1054	Whole:0.030690,0.027474,0.019980,0.034935,0.590671,0.018514,0.030269,0.074577,-1
1054	Cold:0.011008,0.009403,0.017575,0.029898,0.543665,0.011298,0.021244,0.032408,-1
1059	Whole:0.030814,0.027225,0.020074,0.034685,0.589958,0.018432,0.030105,0.074176,-1
1059	Cold:0.011100,0.009284,0.017739,0.029575,0.542979,0.011255,0.021070,0.032127,-1
1064	Whole:0.030976,0.027200,0.020570,0.034577,0.589928,0.018535,0.030175,0.074609,-1
1064	Cold:0.011283,0.009293,0.018320,0.029338,0.543025,0.011317,0.021136,0.032434,-1
1069	Whole:0.031088,0.027412,0.020550,0.034734,0.590207,0.018569,0.030240,0.074077,-1
1069	Cold:0.011357,0.009302,0.018204,0.029433,0.543117,0.011367,0.021200,0.032471,-1
1074	Whole:0.031075,0.027356,0.020501,0.034851,0.590115,0.018626,0.030298,0.074343,-1
1074	Cold:0.011375,0.009384,0.018251,0.029595,0.543528,0.011387,0.021267,0.032555,-1
1079	Whole:0.031100,0.027418,0.020551,0.034991,0.590177,0.018772,0.030481,0.074710,-1
1079	Cold:0.011247,0.009430,0.018202,0.029922,0.543620,0.011564,0.021464,0.032683,-1
1084	Whole:0.030951,0.027132,0.020515,0.034656,0.589682,0.018623,0.030255,0.074668,-1
1084	Cold:0.011247,0.009256,0.018170,0.029390,0.542796,0.011427,0.021220,0.032685,-1
1089	Whole:0.031399,0.027387,0.020654,0.035100,0.590581,0.018663,0.030434,0.074739,-1
1089	Cold:0.011302,0.009449,0.018155,0.029893,0.543711,0.011428,0.021397,0.032797,-1
1094	Whole:0.031386,0.027331,0.020335,0.034788,0.590208,0.018672,0.030386,0.074893,-1
1094	Cold:0.011210,0.009320,0.017790,0.029437,0.542979,0.011420,0.021244,0.032727,-1
1099	Whole:0.031362,0.027269,0.020288,0.034831,0.589805,0.018688,0.030373,0.075128,-1
1099	Cold:0.011357,0.009403,0.017917,0.029809,0.543300,0.011461,0.021396,0.032806,-1
1104	Whole:0.031299,0.027238,0.020213,0.034575,0.589772,0.018602,0.030208,0.074785,-1
1104	Cold:0.011228,0.009247,0.017756,0.029355,0.542704,0.011271,0.021055,0.032300,-1
1109	Whole:0.031274,0.027169,0.020451,0.034691,0.589929,0.018521,0.030193,0.074032,-1
1109	Cold:0.011302,0.009284,0.017966,0.029493,0.543208,0.011377,0.021213,0.032618,-1
1114	Whole:0.031498,0.027294,0.020758,0.034513,0.589617,0.018692,0.030303,0.074725,-1
1114	Cold:0.011265,0.009284,0.018198,0.029209,0.542841,0.011481,0.021223,0.032630,-1
1119	Whole:0.031262,0.027312,0.020692,0.034926,0.590207,0.018656,0.030362,0.074606,-1
1119	Cold:0.011173,0.009421,0.018351,0.029778,0.543665,0.011444,0.021342,0.032541,-1
1124	Whole:0.031324,0.027312,0.020631,0.034969,0.589898,0.018674,0.030342,0.074840,-1
1124	Cold:0.011210,0.009531,0.018229,0.030239,0.544215,0.011418,0.021441,0.032467,-1
1129	Whole:0.031411,0.027182,0.020388,0.034811,0.589866,0.018606,0.030266,0.074770,-1
1129	Cold:0.011100,0.009412,0.017810,0.029944,0.543528,0.011409,0.021334,0.032429,-1
1134	Whole:0.031411,0.027331,0.020666,0.035322,0.590240,0.018651,0.030422,0.074577,-1
1134	Cold:0.011283,0.009531,0.018268,0.030563,0.544215,0.011427,0.021511,0.032479,-1
1139	Whole:0.031436,0.027493,0.020609,0.035217,0.590301,0.018711,0.030440,0.074377,-1
1139	Cold:0.011265,0.009513,0.018245,0.030257,0.544169,0.011400,0.021411,0.032289,-1
1144	Whole:0.031113,0.027493,0.020265,0.034989,0.590858,0.018733,0.030466,0.075087,-1
1144	Cold:0.011100,0.009504,0.017702,0.029878,0.544031,0.011377,0.021345,0.032587,-1
1149	Whole:0.031648,0.027356,0.020763,0.034808,0.590301,0.018800,0.030487,0.075269,-1
1149	Cold:0.011357,0.009458,0.018307,0.029742,0.544032,0.011483,0.021426,0.032841,-1
1154	Whole:0.031163,0.027381,0.020418,0.034758,0.590456,0.018790,0.030450,0.075164,-1
1154	Cold:0.011302,0.009394,0.018146,0.029481,0.543757,0.011461,0.021362,0.033100,-1
1159	Whole:0.031100,0.027375,0.020266,0.034954,0.589899,0.018930,0.030590,0.075582,-1
1159	Cold:0.011173,0.009485,0.017902,0.030001,0.543895,0.011619,0.021599,0.033137,-1
1164	Whole:0.031088,0.027343,0.020293,0.034883,0.590487,0.018847,0.030512,0.075661,-1
1164	Cold:0.011320,0.009458,0.018108,0.029856,0.543986,0.011462,0.021409,0.032733,-1
1169	Whole:0.030889,0.027462,0.020349,0.034943,0.590424,0.018800,0.030457,0.075214,-1
1169	Cold:0.011173,0.009375,0.018015,0.029881,0.543483,0.011553,0.021475,0.032962,-1
1174	Whole:0.031026,0.027381,0.020062,0.034987,0.590238,0.018633,0.030305,0.074586,-1
1174	Cold:0.011082,0.009403,0.017756,0.030007,0.543528,0.011358,0.021308,0.032380,-1
1179	Whole:0.031125,0.027530,0.020349,0.035290,0.590858,0.018761,0.030523,0.074834,-1
1179	Cold:0.011210,0.009504,0.018015,0.030188,0.543895,0.011518,0.021523,0.032740,-1
1184	Whole:0.031274,0.027462,0.020451,0.035022,0.590363,0.018734,0.030433,0.074568,-1
1184	Cold:0.011302,0.009440,0.018179,0.029734,0.543574,0.011449,0.021368,0.032776,-1
1189	Whole:0.031001,0.027393,0.020336,0.035173,0.590456,0.018804,0.030577,0.075304,-1
1189	Cold:0.011192,0.009504,0.018145,0.029966,0.543849,0.011515,0.021498,0.032820,-1
1194	Whole:0.031051,0.027095,0.020155,0.034817,0.589743,0.018630,0.030268,0.075038,-1
1194	Cold:0.011118,0.009357,0.017776,0.029729,0.543436,0.011377,0.021258,0.032531,-1
1199	Whole:0.031212,0.027126,0.020108,0.035006,0.589867,0.018692,0.030344,0.075210,-1
1199	Cold:0.010971,0.009495,0.017627,0.030190,0.543894,0.011382,0.021404,0.032643,-1
1204	Whole:0.031237,0.027250,0.020351,0.035015,0.590113,0.018799,0.030461,0.075279,-1
1204	Cold:0.011192,0.009458,0.017994,0.030022,0.543757,0.011492,0.021436,0.032645,-1
1209	Whole:0.031001,0.027574,0.020003,0.035142,0.590641,0.018758,0.030513,0.074904,-1
1209	Cold:0.010971,0.009504,0.017601,0.029853,0.543986,0.011430,0.021413,0.032830,-1
1214	Whole:0.031113,0.027238,0.020368,0.034998,0.589588,0.018780,0.030420,0.074710,-1
1214	Cold:0.011137,0.009485,0.017884,0.030081,0.544032,0.011523,0.021549,0.033067,-1
1219	Whole:0.031063,0.027455,0.020331,0.035026,0.590455,0.018824,0.030516,0.075064,-1
1219	Cold:0.011063,0.009467,0.017775,0.029987,0.543940,0.011485,0.021480,0.032949,-1
1224	Whole:0.031262,0.027275,0.020203,0.034865,0.590145,0.018595,0.030269,0.074592,-1
1224	Cold:0.010953,0.009458,0.017548,0.029988,0.544077,0.011296,0.021289,0.032456,-1
1229	Whole:0.031386,0.027356,0.020459,0.034932,0.590331,0.018578,0.030292,0.074680,-1
1229	Cold:0.011192,0.009366,0.017932,0.029777,0.543666,0.011150,0.021078,0.032053,-1
1234	Whole:0.031038,0.027462,0.020087,0.035027,0.590642,0.018639,0.030392,0.074652,-1
1234	Cold:0.010953,0.009403,0.017427,0.029756,0.543757,0.011301,0.021226,0.032489,-1
1239	Whole:0.031187,0.027368,0.020098,0.034900,0.590394,0.018628,0.030341,0.074843,-1
1239	Cold:0.010990,0.009458,0.017606,0.029890,0.544123,0.011308,0.021277,0.032520,-1
1244	Whole:0.031324,0.027151,0.020279,0.034521,0.589679,0.018604,0.030150,0.074708,-1
1244	Cold:0.011192,0.009348,0.017859,0.029634,0.543391,0.011370,0.021217,0.032435,-1
1249	Whole:0.031063,0.027263,0.020190,0.034908,0.589928,0.018720,0.030370,0.075172,-1
1249	Cold:0.011063,0.009403,0.017755,0.030007,0.543849,0.011359,0.021335,0.032622,-1
1254	Whole:0.030889,0.027343,0.020052,0.035177,0.590580,0.018674,0.030462,0.075249,-1
1254	Cold:0.010788,0.009513,0.017330,0.030323,0.544261,0.011322,0.021398,0.032541,-1
1259	Whole:0.030827,0.027200,0.020370,0.034729,0.589650,0.018588,0.030262,0.074704,-1
1259	Cold:0.010971,0.009440,0.017724,0.029779,0.543802,0.011289,0.021234,0.032487,-1
1264	Whole:0.031125,0.027312,0.020216,0.034983,0.590363,0.018701,0.030417,0.075115,-1
1264	Cold:0.010861,0.009458,0.017410,0.030105,0.544078,0.011427,0.021419,0.032739,-1
1269	Whole:0.031337,0.027244,0.020052,0.034871,0.590394,0.018727,0.030433,0.075339,-1
1269	Cold:0.010770,0.009430,0.017088,0.029877,0.543986,0.011368,0.021310,0.032534,-1
1274	Whole:0.031287,0.027306,0.020054,0.034871,0.590425,0.018609,0.030348,0.075075,-1
1274	Cold:0.010623,0.009412,0.016944,0.029786,0.543757,0.011274,0.021189,0.032317,-1
1279	Whole:0.031237,0.027275,0.020178,0.034883,0.590208,0.018653,0.030335,0.075423,-1
1279	Cold:0.010751,0.009357,0.017256,0.029700,0.543573,0.011206,0.021127,0.032472,-1
1284	Whole:0.031250,0.027319,0.020248,0.034903,0.590455,0.018722,0.030422,0.075574,-1
1284	Cold:0.011045,0.009302,0.017651,0.029757,0.543528,0.011332,0.021256,0.032756,-1
1289	Whole:0.031312,0.027250,0.020123,0.034861,0.590178,0.018636,0.030347,0.075163,-1
1289	Cold:0.011063,0.009366,0.017372,0.029779,0.543666,0.011217,0.021171,0.032446,-1
1294	Whole:0.031175,0.027294,0.020005,0.034903,0.590456,0.018603,0.030350,0.075321,-1
1294	Cold:0.010971,0.009339,0.017454,0.029763,0.543665,0.011182,0.021097,0.032183,-1
1299	Whole:0.031287,0.027443,0.020264,0.034966,0.590457,0.018638,0.030413,0.075375,-1
1299	Cold:0.010990,0.009421,0.017479,0.029814,0.543894,0.011195,0.021163,0.032300,-1
1304	Whole:0.031299,0.027561,0.020076,0.035368,0.591045,0.018723,0.030557,0.075344,-1
1304	Cold:0.011045,0.009540,0.017402,0.030415,0.544307,0.011331,0.021441,0.032632,-1
1309	Whole:0.031250,0.027275,0.020629,0.034865,0.590610,0.018568,0.030292,0.074832,-1
1309	Cold:0.011320,0.009403,0.018162,0.029744,0.543849,0.011208,0.021148,0.032324,-1
1314	Whole:0.031299,0.027350,0.020281,0.034773,0.590641,0.018575,0.030310,0.075251,-1
1314	Cold:0.011082,0.009412,0.017824,0.029632,0.543849,0.011117,0.021074,0.032295,-1
1319	Whole:0.031312,0.027356,0.020163,0.034993,0.590579,0.018528,0.030262,0.074777,-1
1319	Cold:0.011063,0.009449,0.017602,0.029965,0.543986,0.011116,0.021116,0.032064,-1
1324	Whole:0.031175,0.027567,0.020266,0.035126,0.590858,0.018613,0.030406,0.074945,-1
1324	Cold:0.011027,0.009357,0.017607,0.029816,0.543482,0.011059,0.020987,0.031821,-1
1329	Whole:0.031100,0.027462,0.020390,0.034965,0.590641,0.018632,0.030328,0.075016,-1
1329	Cold:0.011045,0.009412,0.017901,0.029872,0.543848,0.011133,0.021089,0.032042,-1
1334	Whole:0.031237,0.027530,0.020397,0.035087,0.590673,0.018756,0.030463,0.075056,-1
1334	Cold:0.011082,0.009467,0.017786,0.029771,0.543986,0.011201,0.021153,0.032181,-1
1339	Whole:0.031225,0.027443,0.020310,0.034764,0.589991,0.018809,0.030392,0.075361,-1
1339	Cold:0.010953,0.009329,0.017665,0.029412,0.543207,0.011153,0.020977,0.031917,-1
1344	Whole:0.031088,0.027412,0.020023,0.034874,0.590269,0.018754,0.030437,0.075158,-1
1344	Cold:0.010880,0.009412,0.017446,0.029708,0.543345,0.011327,0.021185,0.032108,-1
1349	Whole:0.031312,0.027567,0.020242,0.035278,0.590642,0.018838,0.030575,0.075480,-1
1349	Cold:0.010916,0.009430,0.017743,0.029982,0.543757,0.011352,0.021290,0.032323,-1
1354	Whole:0.031561,0.027611,0.020534,0.035362,0.590799,0.018868,0.030660,0.075568,-1
1354	Cold:0.011100,0.009531,0.017949,0.030157,0.544215,0.011335,0.021384,0.032518,-1
1359	Whole:0.031747,0.027598,0.020468,0.035034,0.590610,0.018945,0.030626,0.076034,-1
1359	Cold:0.011228,0.009430,0.017939,0.029988,0.543666,0.011358,0.021332,0.032524,-1
1364	Whole:0.031548,0.027636,0.020566,0.035228,0.590953,0.018887,0.030647,0.075799,-1
1364	Cold:0.011320,0.009550,0.018083,0.030252,0.544215,0.011341,0.021434,0.032609,-1
1369	Whole:0.031436,0.027574,0.020495,0.034813,0.590610,0.018847,0.030540,0.075472,-1
1369	Cold:0.011320,0.009430,0.018102,0.029536,0.543528,0.011322,0.021214,0.032457,-1
1374	Whole:0.031511,0.027505,0.020391,0.034617,0.590114,0.018764,0.030419,0.075022,-1
1374	Cold:0.011228,0.009311,0.017897,0.029252,0.543070,0.011288,0.021080,0.032319,-1
1379	Whole:0.031536,0.027387,0.020434,0.034543,0.590114,0.018736,0.030360,0.075342,-1
1379	Cold:0.011228,0.009284,0.017914,0.029241,0.543025,0.011244,0.021035,0.032217,-1
1384	Whole:0.031585,0.027430,0.020600,0.034715,0.590393,0.018760,0.030361,0.075246,-1
1384	Cold:0.011283,0.009274,0.018042,0.029381,0.543070,0.011224,0.021024,0.032121,-1
1389	Whole:0.031274,0.027362,0.020567,0.034488,0.590208,0.018687,0.030285,0.075278,-1
1389	Cold:0.011338,0.009320,0.018194,0.029169,0.543207,0.011186,0.020989,0.032212,-1
1394	Whole:0.031436,0.027300,0.020606,0.034592,0.589837,0.018698,0.030330,0.075236,-1
1394	Cold:0.011448,0.009348,0.018371,0.029429,0.543437,0.011312,0.021199,0.032681,-1
1399	Whole:0.031822,0.027406,0.020711,0.034599,0.589679,0.018721,0.030348,0.075312,-1
1399	Cold:0.011430,0.009329,0.018342,0.029470,0.543208,0.011197,0.021077,0.032315,-1
1404	Whole:0.031722,0.027381,0.020625,0.034905,0.590178,0.018856,0.030542,0.075958,-1
1404	Cold:0.011265,0.009458,0.018154,0.029825,0.543849,0.011327,0.021294,0.032511,-1
1409	Whole:0.031386,0.027406,0.020465,0.034909,0.590114,0.018823,0.030514,0.075886,-1
1409	Cold:0.011173,0.009357,0.018039,0.029877,0.543483,0.011344,0.021287,0.032573,-1
1414	Whole:0.031785,0.027617,0.020877,0.034867,0.590456,0.018818,0.030519,0.075752,-1
1414	Cold:0.011338,0.009403,0.018427,0.029709,0.543711,0.011330,0.021273,0.032703,-1
1419	Whole:0.031623,0.027493,0.020778,0.034842,0.590611,0.018745,0.030459,0.075275,-1
1419	Cold:0.011210,0.009329,0.018318,0.029452,0.543528,0.011316,0.021176,0.032562,-1
1424	Whole:0.031324,0.027443,0.020626,0.034867,0.590672,0.018723,0.030445,0.075436,-1
1424	Cold:0.011118,0.009430,0.018337,0.029777,0.543986,0.011299,0.021250,0.032451,-1
1429	Whole:0.031498,0.027505,0.020691,0.034735,0.590610,0.018849,0.030537,0.075799,-1
1429	Cold:0.011228,0.009357,0.018402,0.029618,0.543620,0.011391,0.021293,0.032753,-1
1434	Whole:0.031337,0.027598,0.020644,0.034963,0.590920,0.018908,0.030625,0.076024,-1
1434	Cold:0.011210,0.009449,0.018293,0.029799,0.544077,0.011368,0.021324,0.032676,-1
1439	Whole:0.031474,0.027449,0.020800,0.034760,0.590299,0.018846,0.030494,0.075950,-1
1439	Cold:0.011265,0.009311,0.018388,0.029405,0.543436,0.011306,0.021150,0.032514,-1
1444	Whole:0.031474,0.027449,0.020467,0.034605,0.590424,0.018715,0.030346,0.075713,-1
1444	Cold:0.011063,0.009339,0.017846,0.029341,0.543528,0.011161,0.021001,0.032130,-1
1449	Whole:0.031449,0.027350,0.020700,0.034817,0.590487,0.018832,0.030486,0.075906,-1
1449	Cold:0.011155,0.009348,0.018136,0.029683,0.543620,0.011278,0.021181,0.032364,-1
1454	Whole:0.031623,0.027393,0.020656,0.034830,0.590518,0.018727,0.030411,0.075860,-1
1454	Cold:0.011302,0.009403,0.018161,0.029605,0.543757,0.011230,0.021128,0.032216,-1
1459	Whole:0.031337,0.027194,0.020529,0.034684,0.590022,0.018629,0.030277,0.075457,-1
1459	Cold:0.011192,0.009394,0.018075,0.029657,0.543940,0.011166,0.021084,0.032162,-1
1464	Whole:0.031113,0.027306,0.020338,0.034732,0.590052,0.018716,0.030369,0.075377,-1
1464	Cold:0.011100,0.009329,0.017903,0.029561,0.543482,0.011189,0.021045,0.032035,-1
1469	Whole:0.031324,0.027306,0.020593,0.034609,0.589866,0.018893,0.030463,0.075933,-1
1469	Cold:0.011173,0.009265,0.018159,0.029499,0.543162,0.011391,0.021195,0.032418,-1
1474	Whole:0.031449,0.027213,0.020305,0.034453,0.589433,0.018768,0.030299,0.075429,-1
1474	Cold:0.011118,0.009256,0.017737,0.029288,0.543436,0.011207,0.020984,0.032076,-1
1479	Whole:0.031362,0.027406,0.020502,0.034684,0.590146,0.018808,0.030396,0.075302,-1
1479	Cold:0.011100,0.009348,0.018038,0.029637,0.543803,0.011341,0.021222,0.032472,-1
1484	Whole:0.031312,0.027393,0.020283,0.034486,0.589804,0.018724,0.030259,0.075004,-1
1484	Cold:0.010953,0.009265,0.017704,0.029234,0.543070,0.011159,0.020932,0.031934,-1
1489	Whole:0.031847,0.027337,0.020618,0.034556,0.589588,0.018885,0.030406,0.075849,-1
1489	Cold:0.011338,0.009229,0.018072,0.029423,0.543025,0.011306,0.021118,0.032437,-1
1494	Whole:0.031474,0.027474,0.020243,0.034950,0.590581,0.018886,0.030556,0.075715,-1
1494	Cold:0.011192,0.009403,0.017858,0.029861,0.543895,0.011375,0.021351,0.032743,-1
1499	Whole:0.031623,0.027356,0.020661,0.034614,0.589868,0.018775,0.030342,0.075246,-1
1499	Cold:0.011155,0.009348,0.018199,0.029547,0.543482,0.011228,0.021123,0.032297,-1
1504	Whole:0.031872,0.027399,0.020833,0.034663,0.590610,0.018817,0.030421,0.075468,-1
1504	Cold:0.011430,0.009375,0.018456,0.029461,0.543711,0.011283,0.021162,0.032478,-1
1509	Whole:0.031735,0.027462,0.020929,0.035075,0.590797,0.018853,0.030541,0.075633,-1
1509	Cold:0.011412,0.009403,0.018613,0.029968,0.543712,0.011297,0.021255,0.032228,-1
1514	Whole:0.031623,0.027524,0.020837,0.034975,0.590548,0.018913,0.030597,0.076100,-1
1514	Cold:0.011228,0.009357,0.018309,0.029841,0.543666,0.011317,0.021259,0.032498,-1
1519	Whole:0.031673,0.027244,0.021134,0.034609,0.590021,0.018820,0.030400,0.075852,-1
1519	Cold:0.011448,0.009274,0.018730,0.029466,0.543254,0.011224,0.021070,0.032273,-1
1524	Whole:0.031735,0.027263,0.020945,0.034783,0.589991,0.018739,0.030291,0.075410,-1
1524	Cold:0.011393,0.009430,0.018464,0.030018,0.544077,0.011174,0.021172,0.032144,-1
1529	Whole:0.031561,0.027188,0.020824,0.034498,0.590114,0.018695,0.030211,0.075352,-1
1529	Cold:0.011338,0.009403,0.018427,0.029636,0.543848,0.011196,0.021102,0.032133,-1
1534	Whole:0.031648,0.027331,0.020916,0.034672,0.590362,0.018680,0.030263,0.075439,-1
1534	Cold:0.011467,0.009476,0.018577,0.029916,0.544078,0.011182,0.021187,0.032164,-1
1539	Whole:0.031635,0.027287,0.020878,0.034773,0.590239,0.018727,0.030338,0.075324,-1
1539	Cold:0.011283,0.009403,0.018343,0.029715,0.543711,0.011237,0.021167,0.032313,-1
1544	Whole:0.031386,0.027412,0.020832,0.034770,0.590579,0.018715,0.030362,0.075655,-1
1544	Cold:0.011357,0.009384,0.018484,0.029682,0.543665,0.011211,0.021129,0.032214,-1
1549	Whole:0.031523,0.027449,0.020857,0.034821,0.590145,0.018706,0.030255,0.075147,-1
1549	Cold:0.011320,0.009366,0.018491,0.029949,0.543574,0.011135,0.021082,0.031917,-1
1554	Whole:0.031610,0.027418,0.020760,0.034688,0.589865,0.018766,0.030335,0.075130,-1
1554	Cold:0.011173,0.009247,0.018030,0.029410,0.543116,0.011173,0.020983,0.032138,-1
1559	Whole:0.031362,0.027331,0.020535,0.034644,0.589835,0.018797,0.030317,0.075449,-1
1559	Cold:0.011100,0.009284,0.017885,0.029574,0.543345,0.011161,0.021012,0.032090,-1
1564	Whole:0.031760,0.027375,0.020885,0.034758,0.589898,0.018797,0.030389,0.075401,-1
1564	Cold:0.011430,0.009311,0.018388,0.029621,0.543253,0.011215,0.021080,0.032174,-1
1569	Whole:0.031772,0.027343,0.020881,0.034654,0.590176,0.018804,0.030385,0.075656,-1
1569	Cold:0.011430,0.009302,0.018433,0.029463,0.543299,0.011180,0.021004,0.031984,-1
1574	Whole:0.031673,0.027368,0.021153,0.034619,0.590270,0.018697,0.030310,0.075168,-1
1574	Cold:0.011614,0.009320,0.018859,0.029382,0.543482,0.011006,0.020891,0.031904,-1
1579	Whole:0.031523,0.027424,0.021088,0.034421,0.589930,0.018724,0.030244,0.075473,-1
1579	Cold:0.011467,0.009394,0.018659,0.029306,0.543757,0.011081,0.020964,0.032079,-1
1584	Whole:0.031610,0.027443,0.020877,0.034554,0.590424,0.018833,0.030415,0.076017,-1
1584	Cold:0.011393,0.009311,0.018425,0.029442,0.543437,0.011229,0.021085,0.032353,-1
1589	Whole:0.031498,0.027225,0.020721,0.034415,0.589959,0.018716,0.030223,0.075483,-1
1589	Cold:0.011265,0.009247,0.018150,0.029289,0.543116,0.011144,0.020938,0.031974,-1
1594	Whole:0.031610,0.027219,0.020785,0.034204,0.589401,0.018626,0.030044,0.074782,-1
1594	Cold:0.011393,0.009173,0.018365,0.028976,0.542796,0.011066,0.020767,0.031663,-1
1599	Whole:0.031548,0.027449,0.020772,0.034773,0.590269,0.018802,0.030385,0.075117,-1
1599	Cold:0.011430,0.009311,0.018430,0.029589,0.543299,0.011261,0.021117,0.032209,-1
1604	Whole:0.031436,0.027493,0.020825,0.034960,0.590239,0.018771,0.030414,0.074970,-1
1604	Cold:0.011393,0.009357,0.018529,0.029817,0.543620,0.011232,0.021179,0.032345,-1
1609	Whole:0.031523,0.027393,0.020915,0.034878,0.590456,0.018785,0.030440,0.075531,-1
1609	Cold:0.011320,0.009412,0.018439,0.029922,0.543986,0.011266,0.021246,0.032418,-1
1614	Whole:0.031573,0.027524,0.020683,0.035023,0.590611,0.018765,0.030450,0.074911,-1
1614	Cold:0.011320,0.009458,0.018316,0.030028,0.544169,0.011222,0.021221,0.032110,-1
1619	Whole:0.031498,0.027580,0.020572,0.035125,0.591015,0.018736,0.030479,0.075393,-1
1619	Cold:0.011228,0.009440,0.018113,0.030135,0.544261,0.011118,0.021140,0.031981,-1
1624	Whole:0.031548,0.027399,0.020688,0.034722,0.590736,0.018795,0.030455,0.075827,-1
1624	Cold:0.011338,0.009311,0.018395,0.029654,0.543528,0.011251,0.021107,0.032182,-1
1629	Whole:0.031660,0.027598,0.020865,0.035023,0.590922,0.019030,0.030705,0.076112,-1
1629	Cold:0.011302,0.009366,0.018393,0.029815,0.543803,0.011409,0.021311,0.032507,-1
1634	Whole:0.031449,0.027486,0.020669,0.034916,0.590549,0.018743,0.030414,0.075250,-1
1634	Cold:0.011210,0.009329,0.018277,0.029793,0.543482,0.011186,0.021088,0.032056,-1
1639	Whole:0.031785,0.027524,0.020860,0.035192,0.591231,0.018760,0.030548,0.075610,-1
1639	Cold:0.011338,0.009485,0.018394,0.030137,0.544444,0.011191,0.021246,0.032230,-1
1644	Whole:0.031523,0.027592,0.020683,0.035191,0.591510,0.018861,0.030621,0.075823,-1
1644	Cold:0.011320,0.009485,0.018285,0.030081,0.544535,0.011265,0.021295,0.032379,-1
1649	Whole:0.031685,0.027549,0.020572,0.035076,0.591107,0.018895,0.030578,0.075890,-1
1649	Cold:0.011393,0.009476,0.018179,0.030120,0.544353,0.011299,0.021329,0.032481,-1
1654	Whole:0.031523,0.027356,0.020902,0.034383,0.590115,0.018763,0.030249,0.075387,-1
1654	Cold:0.011375,0.009284,0.018555,0.029299,0.543528,0.011112,0.020939,0.032072,-1
1659	Whole:0.031809,0.027524,0.020920,0.034602,0.590642,0.018767,0.030402,0.075600,-1
1659	Cold:0.011412,0.009302,0.018306,0.029238,0.543162,0.011084,0.020892,0.031848,-1
1664	Whole:0.031772,0.027331,0.020889,0.034812,0.590363,0.018880,0.030541,0.075688,-1
1664	Cold:0.011412,0.009311,0.018326,0.029642,0.543254,0.011342,0.021230,0.032597,-1
1669	Whole:0.031946,0.027300,0.020972,0.034620,0.590300,0.018867,0.030481,0.075922,-1
1669	Cold:0.011393,0.009247,0.018341,0.029380,0.543208,0.011320,0.021108,0.032292,-1
1674	Whole:0.031797,0.027225,0.020859,0.034467,0.589711,0.018699,0.030210,0.074938,-1
1674	Cold:0.011283,0.009164,0.018369,0.029175,0.542704,0.011120,0.020836,0.031684,-1
1679	Whole:0.031859,0.027163,0.020657,0.034379,0.589773,0.018820,0.030318,0.075615,-1
1679	Cold:0.011137,0.009155,0.018055,0.029187,0.542842,0.011295,0.021021,0.032371,-1
1684	Whole:0.031909,0.027039,0.021002,0.034297,0.589092,0.018741,0.030166,0.075284,-1
1684	Cold:0.011375,0.009247,0.018455,0.029327,0.543437,0.011119,0.020942,0.032087,-1
1689	Whole:0.032033,0.027356,0.020979,0.034574,0.590209,0.018847,0.030371,0.075477,-1
1689	Cold:0.011338,0.009293,0.018351,0.029345,0.543482,0.011206,0.021010,0.032032,-1
1694	Whole:0.031648,0.027356,0.020884,0.034552,0.589899,0.018787,0.030284,0.075296,-1
1694	Cold:0.011375,0.009293,0.018234,0.029384,0.543345,0.011117,0.020936,0.031820,-1
1699	Whole:0.031635,0.027132,0.020738,0.034212,0.589556,0.018597,0.030030,0.074874,-1
1699	Cold:0.011173,0.009302,0.018073,0.029407,0.543665,0.011017,0.020858,0.031679,-1
1704	Whole:0.031722,0.027300,0.020739,0.034419,0.589897,0.018692,0.030220,0.075264,-1
1704	Cold:0.011338,0.009256,0.018132,0.029337,0.543574,0.011071,0.020892,0.031851,-1
1709	Whole:0.031623,0.027200,0.020824,0.034927,0.589744,0.018644,0.030250,0.074798,-1
1709	Cold:0.011320,0.009440,0.018165,0.030220,0.544398,0.011098,0.021120,0.031719,-1
1714	Whole:0.031921,0.027263,0.021094,0.034723,0.589868,0.018750,0.030289,0.075248,-1
1714	Cold:0.011467,0.009329,0.018507,0.029757,0.543758,0.011113,0.021012,0.031691,-1
1719	Whole:0.032033,0.027287,0.021152,0.034660,0.590301,0.018644,0.030203,0.074965,-1
1719	Cold:0.011430,0.009311,0.018652,0.029628,0.543712,0.011010,0.020888,0.031535,-1
1724	Whole:0.031834,0.027101,0.021018,0.034546,0.589836,0.018584,0.030144,0.075171,-1
1724	Cold:0.011430,0.009302,0.018648,0.029677,0.543483,0.011025,0.020911,0.031576,-1
1729	Whole:0.032120,0.027337,0.021582,0.034684,0.589866,0.018717,0.030264,0.074873,-1
1729	Cold:0.011724,0.009247,0.019123,0.029648,0.543346,0.011063,0.020923,0.031618,-1
1734	Whole:0.031648,0.027281,0.020867,0.034593,0.590115,0.018688,0.030283,0.075304,-1
1734	Cold:0.011320,0.009238,0.018295,0.029467,0.543345,0.011004,0.020841,0.031612,-1
1739	Whole:0.031474,0.027381,0.020722,0.034366,0.589649,0.018591,0.030059,0.074473,-1
1739	Cold:0.011210,0.009173,0.018097,0.029193,0.543070,0.010880,0.020631,0.031228,-1
1744	Whole:0.031673,0.027157,0.020586,0.034365,0.589774,0.018614,0.030098,0.074816,-1
1744	Cold:0.011228,0.009247,0.018095,0.029321,0.543482,0.011011,0.020797,0.031513,-1
1749	Whole:0.031436,0.027399,0.020523,0.034684,0.589991,0.018670,0.030235,0.074903,-1
1749	Cold:0.011265,0.009256,0.018085,0.029665,0.543437,0.011074,0.020921,0.031668,-1
1754	Whole:0.031673,0.027350,0.020840,0.034427,0.589898,0.018674,0.030182,0.075225,-1
1754	Cold:0.011247,0.009201,0.018180,0.029161,0.543162,0.010922,0.020708,0.031643,-1
1759	Whole:0.031896,0.027082,0.021265,0.034125,0.589123,0.018659,0.030071,0.075250,-1
1759	Cold:0.011650,0.009183,0.018907,0.029383,0.542888,0.011072,0.020890,0.031964,-1
1764	Whole:0.031772,0.027256,0.021034,0.034564,0.589806,0.018823,0.030374,0.075772,-1
1764	Cold:0.011540,0.009375,0.018509,0.029760,0.543895,0.011163,0.021134,0.032350,-1
1769	Whole:0.031884,0.027331,0.021019,0.034527,0.590208,0.018859,0.030401,0.076257,-1
1769	Cold:0.011393,0.009357,0.018513,0.029722,0.543940,0.011133,0.021091,0.032263,-1
1774	Whole:0.031722,0.027337,0.020879,0.034568,0.590641,0.018689,0.030287,0.075693,-1
1774	Cold:0.011283,0.009284,0.018199,0.029497,0.543666,0.011004,0.020901,0.032002,-1
1779	Whole:0.031971,0.027605,0.021114,0.034894,0.591138,0.018818,0.030508,0.075850,-1
1779	Cold:0.011320,0.009357,0.018427,0.029851,0.543895,0.011069,0.021013,0.031798,-1
1784	Whole:0.031772,0.027300,0.021013,0.034459,0.589711,0.018733,0.030260,0.075331,-1
1784	Cold:0.011412,0.009293,0.018383,0.029481,0.543391,0.011064,0.020915,0.031751,-1
1789	Whole:0.031511,0.027169,0.020724,0.034448,0.589711,0.018527,0.030070,0.074894,-1
1789	Cold:0.011173,0.009311,0.017993,0.029624,0.543528,0.010969,0.020866,0.031682,-1
1794	Whole:0.031909,0.027542,0.021186,0.034745,0.590610,0.018832,0.030410,0.075713,-1
1794	Cold:0.011338,0.009412,0.018494,0.029903,0.544078,0.011116,0.021094,0.031933,-1
1799	Whole:0.031623,0.027325,0.020967,0.034594,0.590085,0.018663,0.030238,0.075586,-1
1799	Cold:0.011338,0.009403,0.018395,0.029796,0.544078,0.010995,0.020945,0.031643,-1
0.031523,0.027418,0.020863,0.034831,0.590457,0.018781,0.030437,0.076121,-1
