[INFO ] Training: ...zon/clothes_shoes/train0.2_folder_1, Testing:: ...azon/clothes_shoes/test0.2_folder_1.
[DEBUG] User amount: 39380, item amount: 23032
[DEBUG] Rate amount: 222942, scales: {1.0}
[DEBUG] User amount: 39380, item amount: 23032
[DEBUG] Rate amount: 55695, scales: {1.0}
[INFO ] WARP: 30,0.0036,0.36,600,10,1600,100,1.0,1.6
[INFO ] 154	Whole:0.003972,0.003342,0.010911,0.017975,0.515515,0.006914,0.010913,0.011781,-1
[INFO ] 154	Cold:0.003432,0.002828,0.010236,0.016601,0.513329,0.006420,0.009957,0.010280,-1
[INFO ] 159	Whole:0.004092,0.003366,0.011161,0.018080,0.515532,0.007010,0.011035,0.011961,-1
[INFO ] 159	Cold:0.003563,0.002823,0.010542,0.016457,0.513204,0.006565,0.010056,0.010501,-1
[INFO ] 164	Whole:0.004246,0.003399,0.011515,0.018264,0.515700,0.007335,0.011363,0.012547,-1
[INFO ] 164	Cold:0.003623,0.002919,0.010634,0.017177,0.513581,0.006806,0.010438,0.010944,-1
[INFO ] 169	Whole:0.004173,0.003396,0.011261,0.018496,0.515850,0.007330,0.011400,0.012494,-1
[INFO ] 169	Cold:0.003643,0.002883,0.010641,0.017027,0.513606,0.006933,0.010501,0.011080,-1
[INFO ] 174	Whole:0.004233,0.003392,0.011654,0.018242,0.515834,0.007062,0.011130,0.012047,-1
[INFO ] 174	Cold:0.003744,0.002848,0.011287,0.016923,0.513455,0.006574,0.010169,0.010471,-1
[INFO ] 179	Whole:0.004273,0.003369,0.011655,0.018432,0.515717,0.007274,0.011335,0.012374,-1
[INFO ] 179	Cold:0.003593,0.002858,0.010505,0.016918,0.513455,0.006699,0.010289,0.010807,-1
[INFO ] 184	Whole:0.004133,0.003339,0.011283,0.018179,0.515549,0.007069,0.011131,0.012281,-1
[INFO ] 184	Cold:0.003482,0.002848,0.010303,0.016948,0.513430,0.006469,0.010116,0.010614,-1
[INFO ] 189	Whole:0.004233,0.003429,0.011670,0.018447,0.515984,0.007284,0.011404,0.012536,-1
[INFO ] 189	Cold:0.003724,0.002914,0.011116,0.017204,0.513782,0.006690,0.010401,0.010958,-1
[INFO ] 194	Whole:0.004421,0.003496,0.012026,0.019091,0.516453,0.007449,0.011704,0.012908,-1
[INFO ] 194	Cold:0.003724,0.002878,0.010964,0.017276,0.513707,0.006740,0.010416,0.010910,-1
[INFO ] 199	Whole:0.004434,0.003490,0.012032,0.019038,0.516286,0.007305,0.011577,0.012749,-1
[INFO ] 199	Cold:0.003744,0.002959,0.010995,0.017507,0.513983,0.006783,0.010524,0.011000,-1
[INFO ] 204	Whole:0.004260,0.003413,0.011393,0.018441,0.515884,0.006978,0.011122,0.012089,-1
[INFO ] 204	Cold:0.003573,0.002873,0.010429,0.016974,0.513606,0.006458,0.010097,0.010436,-1