[INFO ] Training: ...earch/ssh/epinion/train0.2_folder_1, Testing:: ...search/ssh/epinion/test0.2_folder_1.
[DEBUG] User amount: 38451, item amount: 123271
[DEBUG] Rate amount: 531860, scales: {1.0}
[DEBUG] User amount: 38451, item amount: 123271
[DEBUG] Rate amount: 113693, scales: {1.0}
[INFO ] WARP: 30,5.0E-4,0.42,600,10,1600,100,1.0,1.6
[INFO ] 154	Whole:0.016846,0.014500,0.021274,0.036153,0.560350,0.013801,0.025193,0.043759,-1
[INFO ] 154	Cold:0.007717,0.006356,0.024991,0.041158,0.530095,0.014125,0.022517,0.020712,-1
[INFO ] 159	Whole:0.017034,0.014939,0.021754,0.036782,0.561990,0.014124,0.025757,0.044638,-1
[INFO ] 159	Cold:0.007745,0.006398,0.025474,0.041667,0.530375,0.014874,0.023225,0.021617,-1
[INFO ] 164	Whole:0.017412,0.015132,0.022156,0.037647,0.562626,0.014510,0.026286,0.045429,-1
[INFO ] 164	Cold:0.007970,0.006595,0.026276,0.043824,0.531357,0.015442,0.024152,0.022211,-1
[INFO ] 169	Whole:0.017182,0.015062,0.021817,0.037317,0.562503,0.014392,0.026188,0.045759,-1
[INFO ] 169	Cold:0.007829,0.006567,0.025696,0.043234,0.531147,0.015060,0.023748,0.021809,-1
[INFO ] 174	Whole:0.017207,0.015173,0.021522,0.037620,0.562913,0.014407,0.026263,0.045523,-1
[INFO ] 174	Cold:0.007577,0.006623,0.024487,0.043747,0.531427,0.015137,0.023920,0.022041,-1
[INFO ] 179	Whole:0.017453,0.015238,0.021937,0.037966,0.563118,0.014675,0.026632,0.046394,-1
[INFO ] 179	Cold:0.007998,0.006651,0.026152,0.043742,0.531357,0.015196,0.024016,0.022180,-1
[INFO ] 184	Whole:0.017813,0.015439,0.022831,0.038737,0.563979,0.015018,0.027185,0.047505,-1
[INFO ] 184	Cold:0.008166,0.006847,0.026760,0.045125,0.532269,0.015808,0.024839,0.022884,-1
[INFO ] 189	Whole:0.017813,0.015628,0.022966,0.039491,0.564450,0.015403,0.027754,0.048284,-1
[INFO ] 189	Cold:0.008335,0.007114,0.027361,0.047102,0.533742,0.016660,0.026047,0.024189,-1
[INFO ] 194	Whole:0.017945,0.015624,0.023163,0.039033,0.564409,0.015190,0.027479,0.047938,-1
[INFO ] 194	Cold:0.008503,0.006791,0.028322,0.045143,0.532199,0.016142,0.025108,0.023285,-1
[INFO ] 199	Whole:0.018035,0.015829,0.023009,0.039581,0.564881,0.015374,0.027762,0.047950,-1
[INFO ] 199	Cold:0.008363,0.006973,0.027831,0.045912,0.533041,0.016687,0.025739,0.024027,-1
[INFO ] 204	Whole:0.017879,0.015927,0.022895,0.040053,0.565434,0.015515,0.028008,0.048149,-1
[INFO ] 204	Cold:0.008447,0.007142,0.028332,0.046763,0.533742,0.016989,0.026256,0.024577,-1
[INFO ] 209	Whole:0.017953,0.015968,0.022847,0.040147,0.565475,0.015596,0.028156,0.048718,-1
[INFO ] 209	Cold:0.008138,0.007142,0.027030,0.046997,0.533532,0.016945,0.026252,0.024499,-1
[INFO ] 214	Whole:0.018568,0.016050,0.023792,0.040486,0.565783,0.015983,0.028581,0.049396,-1
[INFO ] 214	Cold:0.008559,0.007184,0.028472,0.047442,0.534093,0.017662,0.026926,0.025341,-1
[INFO ] 219	Whole:0.018642,0.016218,0.024153,0.040858,0.566070,0.016024,0.028712,0.049300,-1
[INFO ] 219	Cold:0.008868,0.007296,0.029195,0.048455,0.534374,0.017868,0.027335,0.025661,-1
[INFO ] 224	Whole:0.018502,0.016280,0.024034,0.041203,0.566480,0.016052,0.028859,0.049536,-1
[INFO ] 224	Cold:0.008727,0.007268,0.028984,0.048443,0.534093,0.017756,0.027196,0.025272,-1
[INFO ] 229	Whole:0.018634,0.016411,0.024100,0.041417,0.567218,0.016094,0.029015,0.049847,-1
[INFO ] 229	Cold:0.008840,0.007422,0.029155,0.049079,0.534865,0.017818,0.027422,0.025418,-1
[INFO ] 234	Whole:0.019003,0.016325,0.024652,0.041263,0.566849,0.016283,0.029124,0.050262,-1
[INFO ] 234	Cold:0.009036,0.007366,0.030121,0.048820,0.534654,0.017775,0.027370,0.025443,-1
[INFO ] 239	Whole:0.018666,0.016501,0.024074,0.041699,0.567013,0.016360,0.029293,0.050211,-1
[INFO ] 239	Cold:0.008952,0.007493,0.029653,0.049584,0.535286,0.018143,0.027856,0.025859,-1
[INFO ] 244	Whole:0.018880,0.016481,0.024209,0.041782,0.567177,0.016303,0.029270,0.050360,-1
[INFO ] 244	Cold:0.009176,0.007408,0.030308,0.049287,0.535005,0.018503,0.028052,0.026185,-1
[INFO ] 249	Whole:0.018929,0.016624,0.024467,0.042012,0.567710,0.016435,0.029488,0.050705,-1
[INFO ] 249	Cold:0.009261,0.007577,0.030745,0.049893,0.535777,0.018575,0.028300,0.026382,-1
[INFO ] 254	Whole:0.018888,0.016710,0.024158,0.042217,0.567956,0.016569,0.029585,0.050542,-1
[INFO ] 254	Cold:0.009120,0.007549,0.029955,0.050414,0.535496,0.018755,0.028475,0.026365,-1
[INFO ] 259	Whole:0.019159,0.016698,0.024789,0.042561,0.567771,0.016628,0.029709,0.050551,-1
[INFO ] 259	Cold:0.009204,0.007759,0.030539,0.051619,0.536619,0.018802,0.028825,0.026529,-1
[INFO ] 264	Whole:0.019167,0.016719,0.024813,0.042201,0.567997,0.016561,0.029614,0.050814,-1
[INFO ] 264	Cold:0.009176,0.007717,0.030617,0.051137,0.536338,0.018527,0.028533,0.026345,-1
[INFO ] 269	Whole:0.019232,0.016895,0.024977,0.042715,0.568837,0.016624,0.029835,0.051242,-1
[INFO ] 269	Cold:0.009373,0.007703,0.031084,0.050798,0.536268,0.018510,0.028463,0.026378,-1
[INFO ] 274	Whole:0.019265,0.016874,0.024688,0.042268,0.568489,0.016543,0.029665,0.051147,-1
[INFO ] 274	Cold:0.009036,0.007619,0.030062,0.050015,0.535917,0.018229,0.028044,0.026003,-1
[INFO ] 279	Whole:0.019159,0.016690,0.024602,0.041906,0.568181,0.016464,0.029474,0.050702,-1
[INFO ] 279	Cold:0.009289,0.007703,0.030828,0.050117,0.536127,0.018807,0.028600,0.026940,-1
[INFO ] 284	Whole:0.019380,0.016948,0.025120,0.042369,0.568858,0.016592,0.029702,0.050882,-1
[INFO ] 284	Cold:0.009541,0.007647,0.031908,0.049872,0.536268,0.018551,0.028362,0.026636,-1
[INFO ] 289	Whole:0.019323,0.017014,0.024852,0.042524,0.569165,0.016606,0.029787,0.051149,-1
[INFO ] 289	Cold:0.009401,0.007675,0.031094,0.050386,0.536338,0.018618,0.028531,0.026898,-1
[INFO ] 294	Whole:0.019437,0.017006,0.024841,0.042552,0.569329,0.016603,0.029809,0.051553,-1
[INFO ] 294	Cold:0.009148,0.007591,0.029967,0.049774,0.535917,0.018128,0.027936,0.026058,-1
[INFO ] 299	Whole:0.019552,0.017125,0.025051,0.042496,0.569780,0.016632,0.029843,0.051396,-1
[INFO ] 299	Cold:0.009429,0.007535,0.030907,0.049287,0.535496,0.018494,0.028146,0.026639,-1
[INFO ] 304	Whole:0.019659,0.017125,0.025337,0.042293,0.569534,0.016383,0.029570,0.050858,-1
[INFO ] 304	Cold:0.009485,0.007437,0.031258,0.048382,0.535216,0.017990,0.027519,0.025747,-1
[INFO ] 309	Whole:0.019610,0.017161,0.024987,0.042359,0.569206,0.016545,0.029772,0.051646,-1
[INFO ] 309	Cold:0.009148,0.007493,0.030068,0.048745,0.535496,0.018054,0.027680,0.025943,-1
[INFO ] 314	Whole:0.019585,0.017137,0.024898,0.042067,0.569186,0.016504,0.029683,0.051498,-1
[INFO ] 314	Cold:0.009204,0.007408,0.030147,0.048173,0.535005,0.017912,0.027422,0.025837,-1
[INFO ] 319	Whole:0.019618,0.017018,0.025021,0.041742,0.568919,0.016332,0.029397,0.050860,-1
[INFO ] 319	Cold:0.009317,0.007310,0.030182,0.047993,0.534514,0.017891,0.027305,0.025658,-1
[INFO ] 324	Whole:0.019585,0.017108,0.025109,0.041935,0.569042,0.016295,0.029419,0.050893,-1
[INFO ] 324	Cold:0.009429,0.007380,0.031008,0.048243,0.534935,0.017742,0.027286,0.025597,-1
[INFO ] 329	Whole:0.019634,0.017071,0.024972,0.041596,0.568919,0.016310,0.029321,0.050905,-1
[INFO ] 329	Cold:0.009064,0.007282,0.030227,0.047473,0.534374,0.017570,0.026943,0.025170,-1
[INFO ] 334	Whole:0.019544,0.017161,0.025022,0.042063,0.569452,0.016283,0.029451,0.051121,-1
[INFO ] 334	Cold:0.009513,0.007422,0.031286,0.048383,0.534865,0.017619,0.027248,0.025461,-1
[INFO ] 339	Whole:0.019552,0.017276,0.024829,0.042463,0.569595,0.016491,0.029743,0.051484,-1
[INFO ] 339	Cold:0.009317,0.007521,0.030751,0.048750,0.535496,0.017876,0.027536,0.025661,-1
[INFO ] 344	Whole:0.019585,0.017170,0.024870,0.041941,0.568980,0.016449,0.029532,0.051466,-1
[INFO ] 344	Cold:0.009373,0.007352,0.030849,0.048133,0.534795,0.017798,0.027295,0.025754,-1
[INFO ] 349	Whole:0.019388,0.017244,0.024640,0.042055,0.569493,0.016516,0.029635,0.051541,-1
[INFO ] 349	Cold:0.009261,0.007352,0.030505,0.048254,0.534795,0.018085,0.027559,0.026093,-1
[INFO ] 354	Whole:0.019544,0.017293,0.024877,0.041896,0.569308,0.016529,0.029612,0.051599,-1
[INFO ] 354	Cold:0.009232,0.007324,0.030673,0.047969,0.534725,0.017940,0.027348,0.025749,-1
[INFO ] 359	Whole:0.019847,0.017198,0.024768,0.041648,0.569185,0.016482,0.029576,0.052011,-1
[INFO ] 359	Cold:0.009289,0.007240,0.030638,0.047385,0.534444,0.017682,0.027055,0.025722,-1
[INFO ] 364	Whole:0.019519,0.017297,0.024665,0.042008,0.569185,0.016470,0.029635,0.051954,-1
[INFO ] 364	Cold:0.009345,0.007324,0.030622,0.047822,0.534584,0.017900,0.027281,0.025674,-1
[INFO ] 369	Whole:0.019700,0.017330,0.024655,0.042007,0.569554,0.016481,0.029649,0.052002,-1
[INFO ] 369	Cold:0.009204,0.007366,0.030171,0.048313,0.534865,0.017899,0.027382,0.025721,-1
[INFO ] 374	Whole:0.019954,0.017170,0.024806,0.041590,0.568509,0.016492,0.029486,0.051781,-1
[INFO ] 374	Cold:0.009176,0.007240,0.029960,0.047717,0.534233,0.017638,0.026985,0.025341,-1
[INFO ] 379	Whole:0.019446,0.017116,0.024227,0.041161,0.568406,0.016319,0.029250,0.051674,-1
[INFO ] 379	Cold:0.009008,0.007002,0.029483,0.045939,0.533251,0.017096,0.026159,0.024663,-1
[INFO ] 384	Whole:0.019659,0.017063,0.024508,0.041071,0.568550,0.016282,0.029186,0.051748,-1
[INFO ] 384	Cold:0.008980,0.007100,0.029551,0.046524,0.533813,0.017263,0.026469,0.025117,-1
[INFO ] 389	Whole:0.019774,0.017223,0.024339,0.041461,0.568960,0.016385,0.029379,0.051749,-1
[INFO ] 389	Cold:0.008783,0.007184,0.029008,0.047003,0.533953,0.017100,0.026396,0.024743,-1
[INFO ] 394	Whole:0.019675,0.017153,0.024564,0.040961,0.568919,0.016288,0.029236,0.052036,-1
[INFO ] 394	Cold:0.008896,0.007086,0.029366,0.046122,0.533392,0.016806,0.025983,0.024264,-1
[INFO ] 399	Whole:0.019552,0.017399,0.024293,0.041429,0.569144,0.016281,0.029257,0.051401,-1
[INFO ] 399	Cold:0.009064,0.007170,0.029862,0.046957,0.533813,0.017151,0.026399,0.024543,-1
[INFO ] 404	Whole:0.019733,0.017153,0.024199,0.041148,0.568611,0.016335,0.029254,0.051914,-1
[INFO ] 404	Cold:0.008952,0.007072,0.029282,0.046360,0.533392,0.017064,0.026193,0.024507,-1
[INFO ] 409	Whole:0.019749,0.017129,0.024270,0.040821,0.568242,0.016167,0.029015,0.051399,-1
[INFO ] 409	Cold:0.008755,0.006917,0.028810,0.045175,0.532480,0.016656,0.025558,0.023839,-1
[INFO ] 414	Whole:0.019733,0.017219,0.024430,0.040933,0.568939,0.016162,0.029101,0.051767,-1
[INFO ] 414	Cold:0.008783,0.006959,0.029291,0.045904,0.532830,0.016297,0.025399,0.023249,-1
[INFO ] 419	Whole:0.019692,0.017264,0.024280,0.041239,0.569226,0.016071,0.029050,0.051187,-1
[INFO ] 419	Cold:0.008615,0.007030,0.028644,0.045918,0.533041,0.016268,0.025393,0.023199,-1
[INFO ] 424	Whole:0.019659,0.017285,0.024096,0.041316,0.568939,0.016098,0.029101,0.051526,-1
[INFO ] 424	Cold:0.008671,0.007142,0.028494,0.046851,0.533742,0.016441,0.025782,0.023646,-1
[INFO ] 429	Whole:0.019560,0.017326,0.024017,0.041188,0.569329,0.016249,0.029223,0.051974,-1
[INFO ] 429	Cold:0.008671,0.007002,0.028623,0.045822,0.532901,0.016485,0.025549,0.023619,-1
[INFO ] 434	Whole:0.019642,0.017432,0.024093,0.041183,0.569452,0.016204,0.029217,0.051957,-1
[INFO ] 434	Cold:0.008559,0.006988,0.028646,0.045712,0.532760,0.016379,0.025410,0.023435,-1
[INFO ] 439	Whole:0.019872,0.017321,0.024325,0.041036,0.568980,0.016241,0.029182,0.051938,-1
[INFO ] 439	Cold:0.008587,0.006931,0.028524,0.045385,0.532480,0.016446,0.025391,0.023470,-1




[INFO ] Training: ...earch/ssh/epinion/train0.2_folder_1, Testing:: ...search/ssh/epinion/test0.2_folder_1.
[DEBUG] User amount: 38451, item amount: 123271
[DEBUG] Rate amount: 531860, scales: {1.0}
[DEBUG] User amount: 38451, item amount: 123271
[DEBUG] Rate amount: 113693, scales: {1.0}
[INFO ] WARP: 30,5.0E-4,0.44,600,10,-1,10000,1.0,1.6
[INFO ] 104	Whole:0.019995,0.017432,0.025748,0.043388,0.570231,0.017009,0.030546,0.052478,-1
[INFO ] 104	Cold:0.008727,0.007507,0.029369,0.049685,0.535426,0.017614,0.027371,0.024799,-1
[INFO ] 109	Whole:0.020110,0.017670,0.025430,0.044257,0.570559,0.017283,0.031021,0.053061,-1
[INFO ] 109	Cold:0.008671,0.007563,0.028815,0.050276,0.535847,0.017783,0.027660,0.025167,-1
[INFO ] 114	Whole:0.020495,0.018055,0.025854,0.044528,0.572363,0.017399,0.031355,0.054191,-1
[INFO ] 114	Cold:0.008840,0.007535,0.029393,0.049724,0.535777,0.018050,0.027778,0.025658,-1
[INFO ] 119	Whole:0.020823,0.018170,0.026635,0.045552,0.572835,0.017840,0.032003,0.054777,-1
[INFO ] 119	Cold:0.009120,0.007731,0.030853,0.051220,0.536548,0.018247,0.028298,0.025752,-1
[INFO ] 124	Whole:0.021160,0.018310,0.027193,0.045854,0.572999,0.018257,0.032492,0.055539,-1
[INFO ] 124	Cold:0.009232,0.007759,0.031182,0.051184,0.536268,0.019039,0.028934,0.026642,-1
[INFO ] 129	Whole:0.021414,0.018498,0.027639,0.046194,0.573839,0.018157,0.032526,0.055744,-1
[INFO ] 129	Cold:0.009345,0.007773,0.031767,0.051073,0.536619,0.018727,0.028707,0.026428,-1
[INFO ] 134	Whole:0.021931,0.018945,0.028035,0.047086,0.574926,0.018538,0.033207,0.056509,-1
[INFO ] 134	Cold:0.009373,0.007984,0.031585,0.051944,0.537039,0.019020,0.029163,0.026773,-1
[INFO ] 139	Whole:0.021734,0.019109,0.027887,0.047719,0.575767,0.018876,0.033684,0.057298,-1
[INFO ] 139	Cold:0.009289,0.008096,0.031545,0.052757,0.537741,0.019799,0.029923,0.027495,-1
[INFO ] 144	Whole:0.022004,0.018986,0.027995,0.047672,0.575562,0.018818,0.033642,0.057452,-1
[INFO ] 144	Cold:0.009513,0.008152,0.032106,0.052758,0.537601,0.019732,0.029917,0.027545,-1


[INFO ] Training: ...earch/ssh/epinion/train0.2_folder_1, Testing:: ...search/ssh/epinion/test0.2_folder_1.
[DEBUG] User amount: 38451, item amount: 123271
[DEBUG] Rate amount: 531860, scales: {1.0}
[DEBUG] User amount: 38451, item amount: 123271
[DEBUG] Rate amount: 113693, scales: {1.0}
[INFO ] WARP: 30,5.0E-4,0.44,600,10,-1,10000,1.0,1.6
[INFO ] 104     Whole:0.019610,0.017285,0.024618,0.043120,0.569022,0.017011,0.030322,0.052041,-1
[INFO ] 104     Cold:0.008559,0.007072,0.027745,0.047982,0.533742,0.016841,0.026253,0.023911,-1
[INFO ] 109     Whole:0.020069,0.017592,0.025514,0.043762,0.570088,0.017526,0.031034,0.053255,-1
[INFO ] 109     Cold:0.008699,0.007282,0.028528,0.048627,0.534514,0.017163,0.026807,0.024756,-1
[INFO ] 114     Whole:0.020397,0.017998,0.026196,0.044713,0.571113,0.017869,0.031613,0.053708,-1
[INFO ] 114     Cold:0.009036,0.007479,0.030068,0.049843,0.535426,0.017446,0.027294,0.024931,-1
[INFO ] 119     Whole:0.020766,0.018187,0.026799,0.044923,0.571646,0.017992,0.031864,0.054334,-1
[INFO ] 119     Cold:0.009204,0.007521,0.030852,0.049741,0.535286,0.017750,0.027595,0.025377,-1
[INFO ] 124     Whole:0.021291,0.018621,0.027457,0.046163,0.573040,0.018389,0.032602,0.055248,-1
[INFO ] 124     Cold:0.009569,0.007689,0.031446,0.051161,0.536128,0.018511,0.028572,0.026663,-1
[INFO ] 129     Whole:0.021422,0.018679,0.027571,0.045901,0.573327,0.018498,0.032710,0.055881,-1
[INFO ] 129     Cold:0.009569,0.007675,0.031667,0.051137,0.536198,0.018662,0.028652,0.026509,-1
[INFO ] 134     Whole:0.021488,0.018851,0.027582,0.046716,0.574167,0.018715,0.033062,0.055948,-1
[INFO ] 134     Cold:0.009485,0.007815,0.031068,0.052128,0.536759,0.019431,0.029528,0.027794,-1
[INFO ] 139     Whole:0.021816,0.019118,0.027750,0.047225,0.574926,0.019148,0.033714,0.057182,-1
[INFO ] 139     Cold:0.009401,0.008012,0.030779,0.052838,0.537040,0.019767,0.029954,0.027804,-1
[INFO ] 144     Whole:0.022119,0.019179,0.028303,0.047190,0.575131,0.019334,0.033879,0.057601,-1
[INFO ] 144     Cold:0.009822,0.007900,0.032325,0.052359,0.536969,0.019725,0.029867,0.028090,-1
[INFO ] 149     Whole:0.021980,0.019241,0.028182,0.047410,0.575685,0.019245,0.033903,0.057902,-1
[INFO ] 149     Cold:0.009934,0.007914,0.032657,0.052230,0.537040,0.020031,0.030123,0.028605,-1
[INFO ] 154     Whole:0.022259,0.019265,0.028710,0.047231,0.575479,0.019391,0.034004,0.058294,-1
[INFO ] 154     Cold:0.009878,0.007928,0.032903,0.052518,0.537040,0.019776,0.029956,0.028090,-1
[INFO ] 159     Whole:0.022201,0.019290,0.028200,0.047564,0.575500,0.019405,0.034056,0.058089,-1
[INFO ] 159     Cold:0.009878,0.008082,0.032637,0.053258,0.537601,0.019861,0.030199,0.028172,-1
[INFO ] 164     Whole:0.022267,0.019368,0.028525,0.048067,0.575767,0.019596,0.034301,0.058046,-1
[INFO ] 164     Cold:0.009962,0.008096,0.033050,0.053609,0.537531,0.020369,0.030682,0.028860,-1
[INFO ] 169     Whole:0.022291,0.019470,0.028592,0.047696,0.576012,0.019467,0.034203,0.058462,-1
[INFO ] 169     Cold:0.009962,0.008082,0.033560,0.053324,0.537671,0.020150,0.030495,0.028760,-1
[INFO ] 174     Whole:0.022308,0.019454,0.028507,0.047930,0.576320,0.019597,0.034308,0.058135,-1
[INFO ] 174     Cold:0.009962,0.008138,0.033423,0.053780,0.537741,0.020689,0.031022,0.029357,-1
[INFO ] 179     Whole:0.022415,0.019425,0.028640,0.047591,0.575890,0.019380,0.034063,0.057947,-1
[INFO ] 179     Cold:0.009990,0.007984,0.033809,0.052607,0.537110,0.020286,0.030386,0.028716,-1
[INFO ] 184     Whole:0.022250,0.019429,0.028418,0.047760,0.576074,0.019505,0.034164,0.058158,-1
[INFO ] 184     Cold:0.009822,0.008040,0.033717,0.053444,0.537531,0.020487,0.030712,0.028785,-1
[INFO ] 189     Whole:0.022045,0.019351,0.028219,0.047604,0.575582,0.019216,0.033919,0.057787,-1
[INFO ] 189     Cold:0.009934,0.008012,0.033879,0.053421,0.537320,0.019696,0.030069,0.027941,-1
[INFO ] 264     Whole:0.022447,0.019597,0.027180,0.046534,0.575623,0.018645,0.033292,0.058143,-1
[INFO ] 264     Cold:0.008671,0.007156,0.028907,0.048219,0.533532,0.017096,0.026537,0.024520,-1
[INFO ] 269     Whole:0.022177,0.019405,0.026823,0.045914,0.574741,0.018537,0.032979,0.057411,-1
[INFO ] 269     Cold:0.008447,0.007072,0.028135,0.047945,0.533321,0.016832,0.026219,0.024030,-1
[INFO ] 274     Whole:0.022152,0.019343,0.026665,0.046206,0.574680,0.018386,0.032904,0.057587,-1
[INFO ] 274     Cold:0.008419,0.007198,0.028428,0.048410,0.533883,0.016538,0.026056,0.023511,-1
[INFO ] 279     Whole:0.022111,0.019565,0.026581,0.046281,0.575008,0.018526,0.033115,0.058328,-1
[INFO ] 279     Cold:0.008503,0.007184,0.028521,0.047884,0.533462,0.016796,0.026189,0.023940,-1
[INFO ] 284     Whole:0.022521,0.019470,0.027206,0.045558,0.574495,0.018650,0.033038,0.058390,-1
[INFO ] 284     Cold:0.008391,0.007044,0.028369,0.046605,0.532760,0.016517,0.025709,0.023700,-1
[INFO ] 289     Whole:0.022415,0.019466,0.027026,0.045849,0.574926,0.018579,0.033065,0.058392,-1
[INFO ] 289     Cold:0.008419,0.007100,0.028778,0.047115,0.532971,0.016569,0.025840,0.023514,-1
[INFO ] 294     Whole:0.022086,0.019585,0.026383,0.046160,0.575151,0.018564,0.033140,0.058377,-1
[INFO ] 294     Cold:0.008166,0.006945,0.027235,0.046811,0.532620,0.016704,0.025836,0.023958,-1
[INFO ] 299     Whole:0.022111,0.019540,0.026400,0.045740,0.574905,0.018373,0.032833,0.057665,-1
[INFO ] 299     Cold:0.007998,0.006833,0.027064,0.046016,0.532059,0.016207,0.025201,0.023047,-1
[INFO ] 304     Whole:0.022644,0.019433,0.027002,0.045438,0.574352,0.018640,0.033003,0.058403,-1
[INFO ] 304     Cold:0.008054,0.006791,0.027247,0.045034,0.531778,0.016272,0.025045,0.022989,-1
[INFO ] 309     Whole:0.022693,0.019560,0.027029,0.045422,0.574700,0.018694,0.033100,0.058699,-1
[INFO ] 309     Cold:0.008278,0.006847,0.027434,0.046144,0.532269,0.016199,0.025226,0.022998,-1
[INFO ] 314     Whole:0.022644,0.019577,0.027040,0.046074,0.575151,0.018504,0.033035,0.057814,-1
[INFO ] 314     Cold:0.008110,0.006875,0.026896,0.046406,0.532199,0.016089,0.025141,0.022663,-1
[INFO ] 319     Whole:0.022529,0.019482,0.026840,0.045340,0.574803,0.018386,0.032798,0.057904,-1
[INFO ] 319     Cold:0.008082,0.006777,0.026966,0.045571,0.531918,0.015951,0.024865,0.022575,-1
[INFO ] 324     Whole:0.022603,0.019560,0.026855,0.045547,0.574762,0.018567,0.032999,0.058357,-1
[INFO ] 324     Cold:0.007745,0.006707,0.025879,0.045267,0.531498,0.016004,0.024796,0.022668,-1
[INFO ] 329     Whole:0.022521,0.019396,0.026555,0.045280,0.574475,0.018387,0.032732,0.057698,-1
[INFO ] 329     Cold:0.007801,0.006735,0.025773,0.045321,0.531638,0.015672,0.024554,0.022311,-1
[INFO ] 334     Whole:0.022808,0.019359,0.027316,0.044742,0.574126,0.018385,0.032618,0.057762,-1
[INFO ] 334     Cold:0.008026,0.006468,0.026503,0.043324,0.530515,0.015569,0.024035,0.022254,-1
[INFO ] 339     Whole:0.022562,0.019528,0.026712,0.045003,0.574475,0.018366,0.032653,0.057723,-1
[INFO ] 339     Cold:0.007886,0.006496,0.026381,0.043436,0.530445,0.015433,0.023916,0.021889,-1
[INFO ] 344     Whole:0.022447,0.019359,0.026563,0.045202,0.574475,0.018155,0.032507,0.057348,-1
[INFO ] 344     Cold:0.007521,0.006440,0.025123,0.043654,0.530515,0.015220,0.023741,0.021576,-1


