[INFO ] Training: ...earch/ssh/epinion/train0.5_folder_1, Testing:: ...search/ssh/epinion/test0.5_folder_1.
[DEBUG] User amount: 34688, item amount: 93469
[DEBUG] Rate amount: 332412, scales: {1.0}
[DEBUG] User amount: 34688, item amount: 93469
[DEBUG] Rate amount: 268867, scales: {1.0}
[INFO ] WARP: 30,5.0E-4,0.42,600,10,1600,100,1.0,1.6
[INFO ] 154	Whole:0.024929,0.022584,0.015308,0.026852,0.583137,0.013261,0.023631,0.062289,-1
[INFO ] 154	Cold:0.009887,0.008597,0.015768,0.027393,0.537820,0.009855,0.018556,0.027430,-1
[INFO ] 159	Whole:0.025406,0.022721,0.015912,0.026835,0.583137,0.013454,0.023872,0.063393,-1
[INFO ] 159	Cold:0.010208,0.008646,0.016627,0.027217,0.538099,0.009871,0.018622,0.027806,-1
[INFO ] 164	Whole:0.025644,0.023194,0.015946,0.027711,0.584592,0.013752,0.024461,0.064281,-1
[INFO ] 164	Cold:0.010403,0.008981,0.016672,0.028464,0.539493,0.010199,0.019299,0.028497,-1
[INFO ] 169	Whole:0.025833,0.023457,0.016129,0.028164,0.585801,0.013897,0.024837,0.064983,-1
[INFO ] 169	Cold:0.010766,0.009148,0.016967,0.028991,0.540260,0.010445,0.019767,0.029574,-1
[INFO ] 174	Whole:0.026282,0.023541,0.016525,0.028427,0.586098,0.014112,0.025086,0.065458,-1
[INFO ] 174	Cold:0.010835,0.009197,0.017374,0.029324,0.540539,0.010708,0.020046,0.029730,-1
[INFO ] 179	Whole:0.026128,0.023797,0.016588,0.028758,0.586624,0.014316,0.025422,0.066185,-1
[INFO ] 179	Cold:0.011017,0.009336,0.017654,0.029807,0.540922,0.010976,0.020457,0.030357,-1
[INFO ] 184	Whole:0.026485,0.023898,0.016771,0.029128,0.586642,0.014376,0.025551,0.066128,-1
[INFO ] 184	Cold:0.011170,0.009469,0.017936,0.030407,0.541829,0.010981,0.020658,0.030668,-1
[INFO ] 189	Whole:0.026871,0.024105,0.016956,0.029594,0.587728,0.014571,0.025954,0.067046,-1
[INFO ] 189	Cold:0.011184,0.009587,0.018058,0.030943,0.542386,0.011310,0.021156,0.031691,-1
[INFO ] 194	Whole:0.027179,0.024253,0.017046,0.029776,0.588464,0.014718,0.026165,0.067755,-1
[INFO ] 194	Cold:0.011477,0.009720,0.018112,0.031153,0.542770,0.011462,0.021377,0.031914,-1
[INFO ] 199	Whole:0.027179,0.024501,0.017302,0.030038,0.589060,0.014802,0.026361,0.067542,-1
[INFO ] 199	Cold:0.011616,0.009852,0.018554,0.031343,0.543223,0.011656,0.021624,0.032211,-1
[INFO ] 204	Whole:0.027411,0.024533,0.017440,0.029986,0.588657,0.014833,0.026351,0.067696,-1
[INFO ] 204	Cold:0.011616,0.009775,0.018536,0.031257,0.542770,0.011561,0.021500,0.031964,-1
[INFO ] 209	Whole:0.027249,0.024649,0.017477,0.030244,0.589043,0.015010,0.026597,0.068119,-1
[INFO ] 209	Cold:0.011714,0.009915,0.018761,0.031519,0.543328,0.011822,0.021853,0.032427,-1
[INFO ] 214	Whole:0.027467,0.024754,0.017628,0.030694,0.589936,0.014974,0.026752,0.068408,-1
[INFO ] 214	Cold:0.011853,0.010131,0.019002,0.032206,0.544408,0.011732,0.022008,0.032470,-1
[INFO ] 219	Whole:0.027691,0.024940,0.017726,0.030774,0.589901,0.015174,0.026950,0.068770,-1
[INFO ] 219	Cold:0.011909,0.010180,0.018904,0.032271,0.544652,0.011914,0.022198,0.032805,-1
[INFO ] 224	Whole:0.027993,0.025157,0.017873,0.031033,0.590182,0.015267,0.027135,0.068909,-1
[INFO ] 224	Cold:0.012062,0.010319,0.019005,0.032617,0.545001,0.011983,0.022399,0.033155,-1
[INFO ] 229	Whole:0.028007,0.025038,0.018056,0.030810,0.590094,0.015191,0.026978,0.068522,-1
[INFO ] 229	Cold:0.012132,0.010138,0.019493,0.032285,0.544408,0.011895,0.022190,0.032785,-1
[INFO ] 234	Whole:0.027929,0.025024,0.017960,0.030791,0.589831,0.015252,0.026979,0.068664,-1
[INFO ] 234	Cold:0.012090,0.010208,0.019322,0.032528,0.544757,0.011972,0.022348,0.033014,-1
[INFO ] 239	Whole:0.027859,0.025069,0.017973,0.030865,0.589883,0.015294,0.027025,0.068804,-1
[INFO ] 239	Cold:0.012230,0.010375,0.019511,0.032867,0.545384,0.012091,0.022597,0.033459,-1
[INFO ] 244	Whole:0.027845,0.025136,0.017886,0.030785,0.590111,0.015315,0.027061,0.069137,-1
[INFO ] 244	Cold:0.012118,0.010326,0.019373,0.032524,0.545384,0.012075,0.022534,0.033683,-1
[INFO ] 249	Whole:0.028105,0.025069,0.018087,0.030708,0.589866,0.015291,0.026974,0.068712,-1
[INFO ] 249	Cold:0.012230,0.010305,0.019520,0.032343,0.545070,0.012062,0.022442,0.033321,-1
[INFO ] 254	Whole:0.027901,0.025090,0.017998,0.030773,0.589621,0.015388,0.027073,0.068896,-1
[INFO ] 254	Cold:0.012258,0.010396,0.019536,0.032605,0.545558,0.012160,0.022622,0.033522,-1
[INFO ] 259	Whole:0.027880,0.025188,0.017965,0.030947,0.589551,0.015482,0.027174,0.069098,-1
[INFO ] 259	Cold:0.012132,0.010445,0.019562,0.032895,0.545767,0.012250,0.022770,0.033632,-1
[INFO ] 264	Whole:0.028189,0.025209,0.018331,0.031124,0.589656,0.015638,0.027367,0.069809,-1
[INFO ] 264	Cold:0.012537,0.010438,0.020218,0.033251,0.545733,0.012366,0.022970,0.034070,-1
[INFO ] 269	Whole:0.028049,0.025273,0.018400,0.031194,0.589498,0.015606,0.027355,0.069386,-1
[INFO ] 269	Cold:0.012551,0.010535,0.020421,0.033329,0.546012,0.012375,0.023032,0.034090,-1
[INFO ] 274	Whole:0.028301,0.025150,0.018352,0.030838,0.589200,0.015613,0.027229,0.069288,-1
[INFO ] 274	Cold:0.012509,0.010522,0.020234,0.033057,0.545977,0.012432,0.023042,0.034268,-1
[INFO ] 279	Whole:0.028084,0.025339,0.018033,0.031245,0.589481,0.015656,0.027289,0.068730,-1
[INFO ] 279	Cold:0.012300,0.010563,0.019660,0.033608,0.546186,0.012511,0.023182,0.034085,-1
[INFO ] 284	Whole:0.028252,0.025336,0.018299,0.031060,0.589130,0.015698,0.027298,0.068829,-1
[INFO ] 284	Cold:0.012439,0.010591,0.020240,0.033414,0.546221,0.012563,0.023213,0.034195,-1
[INFO ] 289	Whole:0.027817,0.025192,0.017621,0.031039,0.588937,0.015560,0.027129,0.068774,-1
[INFO ] 289	Cold:0.012035,0.010522,0.019125,0.033372,0.545977,0.012326,0.022958,0.033774,-1
[INFO ] 294	Whole:0.027866,0.025150,0.017793,0.030734,0.588692,0.015579,0.027017,0.068688,-1
[INFO ] 294	Cold:0.012146,0.010403,0.019608,0.032908,0.545349,0.012409,0.022891,0.033801,-1
[INFO ] 299	Whole:0.028084,0.025202,0.017982,0.030788,0.588814,0.015514,0.026959,0.068433,-1
[INFO ] 299	Cold:0.012383,0.010445,0.019985,0.032807,0.545454,0.012294,0.022770,0.033454,-1
[INFO ] 304	Whole:0.027943,0.025237,0.017832,0.031087,0.588797,0.015600,0.027062,0.068277,-1
[INFO ] 304	Cold:0.012244,0.010647,0.019727,0.033735,0.546465,0.012563,0.023247,0.034046,-1
[INFO ] 309	Whole:0.028000,0.025206,0.017736,0.030940,0.588657,0.015569,0.026977,0.068427,-1
[INFO ] 309	Cold:0.012341,0.010612,0.019756,0.033418,0.546186,0.012459,0.023061,0.033733,-1
[INFO ] 314	Whole:0.028063,0.025266,0.017763,0.030884,0.588341,0.015605,0.026938,0.067812,-1
[INFO ] 314	Cold:0.012258,0.010466,0.019710,0.033120,0.545524,0.012532,0.023012,0.033743,-1
[INFO ] 319	Whole:0.027740,0.025227,0.017570,0.030843,0.588779,0.015545,0.026887,0.067848,-1
[INFO ] 319	Cold:0.012174,0.010626,0.019682,0.033374,0.546325,0.012545,0.023138,0.033909,-1
[INFO ] 324	Whole:0.027803,0.025136,0.017688,0.030615,0.588236,0.015537,0.026793,0.068112,-1
[INFO ] 324	Cold:0.012160,0.010563,0.019793,0.033140,0.545942,0.012414,0.022939,0.033456,-1
[INFO ] 329	Whole:0.027733,0.025125,0.017204,0.030601,0.588184,0.015550,0.026739,0.068030,-1
[INFO ] 329	Cold:0.011714,0.010445,0.018849,0.032991,0.545733,0.012405,0.022828,0.033304,-1
[INFO ] 334	Whole:0.027579,0.025251,0.017184,0.030737,0.588446,0.015497,0.026746,0.068068,-1
[INFO ] 334	Cold:0.011909,0.010584,0.019086,0.033231,0.546081,0.012286,0.022845,0.033290,-1
[INFO ] 339	Whole:0.027642,0.025259,0.017364,0.030699,0.588341,0.015413,0.026659,0.067507,-1
[INFO ] 339	Cold:0.011895,0.010480,0.019453,0.033111,0.545523,0.012254,0.022755,0.033215,-1
[INFO ] 344	Whole:0.027565,0.025048,0.017197,0.030418,0.587728,0.015371,0.026479,0.067605,-1
[INFO ] 344	Cold:0.011811,0.010396,0.019148,0.032990,0.545593,0.012129,0.022583,0.032892,-1
[INFO ] 349	Whole:0.027628,0.025041,0.017207,0.030203,0.587290,0.015365,0.026402,0.067518,-1
[INFO ] 349	Cold:0.011909,0.010347,0.019087,0.032694,0.545105,0.012130,0.022486,0.032710,-1
[INFO ] 354	Whole:0.027509,0.025094,0.017095,0.030071,0.587359,0.015342,0.026309,0.067338,-1
[INFO ] 354	Cold:0.011784,0.010257,0.018933,0.032424,0.544582,0.012034,0.022303,0.032342,-1
[INFO ] 359	Whole:0.027677,0.025174,0.017293,0.030161,0.587359,0.015500,0.026403,0.067259,-1
[INFO ] 359	Cold:0.011811,0.010284,0.019253,0.032596,0.544722,0.012274,0.022530,0.032711,-1
[INFO ] 364	Whole:0.027551,0.025073,0.017089,0.030214,0.587570,0.015384,0.026368,0.067193,-1
[INFO ] 364	Cold:0.011672,0.010312,0.018943,0.032708,0.545140,0.012225,0.022558,0.032854,-1
[INFO ] 369	Whole:0.027509,0.025192,0.017134,0.030148,0.587640,0.015421,0.026372,0.067182,-1
[INFO ] 369	Cold:0.011560,0.010284,0.018972,0.032549,0.544513,0.012247,0.022507,0.032665,-1
[INFO ] 374	Whole:0.027530,0.025108,0.016890,0.029964,0.586921,0.015512,0.026328,0.067473,-1
[INFO ] 374	Cold:0.011226,0.010257,0.018349,0.032544,0.544513,0.012209,0.022446,0.032619,-1
[INFO ] 379	Whole:0.027369,0.025101,0.016713,0.029876,0.587044,0.015488,0.026256,0.067362,-1
[INFO ] 379	Cold:0.011254,0.010152,0.018241,0.032285,0.544269,0.012224,0.022354,0.032503,-1
[INFO ] 384	Whole:0.027740,0.025111,0.016925,0.030033,0.587184,0.015498,0.026311,0.067314,-1
[INFO ] 384	Cold:0.011602,0.010187,0.018583,0.032498,0.544094,0.012213,0.022361,0.032258,-1
[INFO ] 389	Whole:0.027565,0.025038,0.016680,0.029981,0.587009,0.015421,0.026203,0.067326,-1
[INFO ] 389	Cold:0.011282,0.010159,0.018205,0.032538,0.544338,0.012043,0.022210,0.031950,-1
[INFO ] 394	Whole:0.027719,0.024964,0.016864,0.029675,0.586728,0.015375,0.026091,0.067326,-1
[INFO ] 394	Cold:0.011309,0.010082,0.018391,0.032051,0.543746,0.011970,0.022047,0.031936,-1
[INFO ] 399	Whole:0.027803,0.024947,0.016951,0.029710,0.586623,0.015389,0.026122,0.067477,-1
[INFO ] 399	Cold:0.011449,0.010013,0.018743,0.031938,0.543537,0.012019,0.022055,0.031958,-1


[INFO ] Training: ...earch/ssh/epinion/train0.5_folder_1, Testing:: ...search/ssh/epinion/test0.5_folder_1.
[DEBUG] User amount: 34688, item amount: 93469
[DEBUG] Rate amount: 332412, scales: {1.0}
[DEBUG] User amount: 34688, item amount: 93469
[DEBUG] Rate amount: 268867, scales: {1.0}
[INFO ] WARP: 30,5.0E-4,0.42,600,10,-1,10000,1.0,1.6
[INFO ] 154	Whole:0.031862,0.028480,0.020756,0.035653,0.599485,0.018329,0.031519,0.078938,-1
[INFO ] 154	Cold:0.013973,0.011553,0.022659,0.037336,0.548905,0.014667,0.026243,0.038796,-1
[INFO ] 159	Whole:0.032003,0.028532,0.020827,0.035871,0.599695,0.018285,0.031530,0.078531,-1
[INFO ] 159	Cold:0.014001,0.011484,0.022692,0.037400,0.548766,0.014583,0.026191,0.038749,-1
[INFO ] 164	Whole:0.031897,0.028659,0.020866,0.036226,0.599310,0.018295,0.031538,0.077841,-1
[INFO ] 164	Cold:0.013931,0.011798,0.022632,0.038445,0.550125,0.014627,0.026524,0.038707,-1
[INFO ] 169	Whole:0.031820,0.028522,0.020779,0.035826,0.598206,0.018373,0.031480,0.078150,-1
[INFO ] 169	Cold:0.013847,0.011560,0.022686,0.037688,0.548835,0.014618,0.026275,0.038627,-1
[INFO ] 174	Whole:0.031848,0.028483,0.020729,0.035797,0.598276,0.018274,0.031364,0.077748,-1
[INFO ] 174	Cold:0.014043,0.011679,0.022866,0.037953,0.549532,0.014481,0.026280,0.038583,-1
[INFO ] 179	Whole:0.031771,0.028326,0.020894,0.035888,0.597506,0.018250,0.031273,0.077079,-1
[INFO ] 179	Cold:0.013959,0.011763,0.023018,0.038440,0.549672,0.014655,0.026488,0.038572,-1
[INFO ] 184	Whole:0.031764,0.028280,0.020461,0.035601,0.596962,0.018193,0.031051,0.076657,-1
[INFO ] 184	Cold:0.013792,0.011707,0.022424,0.038039,0.549288,0.014423,0.026135,0.037658,-1
[INFO ] 189	Whole:0.031484,0.028336,0.020133,0.035410,0.597155,0.017974,0.030822,0.076155,-1
[INFO ] 189	Cold:0.013652,0.011679,0.021885,0.037851,0.549288,0.014182,0.025924,0.037513,-1
[INFO ] 194	Whole:0.031273,0.028280,0.020063,0.035191,0.596506,0.018091,0.030773,0.076373,-1
[INFO ] 194	Cold:0.013415,0.011581,0.021767,0.037624,0.548905,0.014297,0.025913,0.037619,-1
[INFO ] 199	Whole:0.031245,0.028080,0.019952,0.035047,0.595928,0.017917,0.030543,0.075718,-1
[INFO ] 199	Cold:0.013318,0.011512,0.021602,0.037513,0.548556,0.014117,0.025689,0.037119,-1
[INFO ] 204	Whole:0.031063,0.027993,0.019955,0.034769,0.595490,0.017826,0.030309,0.075006,-1
[INFO ] 204	Cold:0.013387,0.011393,0.021821,0.037083,0.547929,0.014026,0.025438,0.036580,-1
[INFO ] 209	Whole:0.031133,0.027972,0.019886,0.034466,0.595280,0.017741,0.030199,0.075289,-1
[INFO ] 209	Cold:0.013290,0.011295,0.021741,0.036474,0.547476,0.013696,0.025016,0.036086,-1
[INFO ] 214	Whole:0.030895,0.027740,0.019581,0.034052,0.594035,0.017667,0.029925,0.074955,-1
[INFO ] 214	Cold:0.013150,0.010968,0.021401,0.035860,0.546116,0.013638,0.024703,0.035870,-1
[INFO ] 219	Whole:0.030530,0.027723,0.019324,0.034082,0.594123,0.017557,0.029772,0.074420,-1
[INFO ] 219	Cold:0.012774,0.011100,0.021065,0.036308,0.546988,0.013536,0.024735,0.035643,-1
[INFO ] 224	Whole:0.030643,0.027579,0.019247,0.033559,0.593230,0.017358,0.029435,0.073622,-1
[INFO ] 224	Cold:0.012857,0.010961,0.020857,0.035565,0.546395,0.013296,0.024352,0.035388,-1
[INFO ] 229	Whole:0.030579,0.027330,0.019174,0.033234,0.592441,0.017301,0.029197,0.073340,-1
[INFO ] 229	Cold:0.012620,0.010787,0.020679,0.035205,0.545733,0.013163,0.024031,0.034556,-1
[INFO ] 234	Whole:0.030432,0.027351,0.019131,0.033099,0.592125,0.017297,0.029092,0.072876,-1
[INFO ] 234	Cold:0.012774,0.010703,0.020807,0.034988,0.545140,0.013150,0.023935,0.034338,-1
[INFO ] 239	Whole:0.030299,0.027393,0.018754,0.033309,0.592406,0.017228,0.029063,0.072712,-1
[INFO ] 239	Cold:0.012383,0.010689,0.020173,0.035265,0.545245,0.012998,0.023815,0.033883,-1
[INFO ] 244	Whole:0.030173,0.027190,0.018736,0.032746,0.591477,0.017136,0.028834,0.072875,-1
[INFO ] 244	Cold:0.012369,0.010570,0.020366,0.034518,0.544652,0.012759,0.023448,0.033677,-1
[INFO ] 249	Whole:0.030089,0.027235,0.018491,0.032347,0.591634,0.016956,0.028519,0.072168,-1
[INFO ] 249	Cold:0.012104,0.010424,0.019698,0.033804,0.543920,0.012482,0.022968,0.032996,-1
[INFO ] 254	Whole:0.029991,0.027228,0.018615,0.032624,0.591232,0.016922,0.028512,0.071629,-1
[INFO ] 254	Cold:0.012202,0.010501,0.020072,0.034330,0.544199,0.012482,0.023050,0.032624,-1
[INFO ] 259	Whole:0.029829,0.027330,0.018365,0.032577,0.591179,0.017034,0.028534,0.071675,-1
[INFO ] 259	Cold:0.011881,0.010438,0.019593,0.034132,0.544060,0.012470,0.022955,0.032403,-1
[INFO ] 264	Whole:0.029794,0.027400,0.018335,0.032456,0.591494,0.017021,0.028525,0.072023,-1
[INFO ] 264	Cold:0.011867,0.010417,0.019528,0.033842,0.543955,0.012485,0.022914,0.032549,-1
[INFO ] 269	Whole:0.029948,0.027253,0.018096,0.032214,0.590723,0.016927,0.028339,0.071542,-1
[INFO ] 269	Cold:0.011700,0.010201,0.019080,0.033462,0.543188,0.012339,0.022607,0.032122,-1
[INFO ] 274	Whole:0.029815,0.027015,0.017972,0.031752,0.590373,0.016791,0.028053,0.071436,-1
[INFO ] 274	Cold:0.011728,0.010075,0.018968,0.032900,0.542875,0.012153,0.022317,0.031909,-1
[INFO ] 279	Whole:0.030033,0.027060,0.017913,0.031841,0.590285,0.016717,0.028037,0.071730,-1
[INFO ] 279	Cold:0.011616,0.009999,0.018811,0.032655,0.542212,0.011882,0.021984,0.031384,-1
[INFO ] 284	Whole:0.029941,0.027158,0.018050,0.031726,0.590198,0.016771,0.028002,0.071579,-1
[INFO ] 284	Cold:0.011491,0.009824,0.018903,0.032317,0.541550,0.011881,0.021835,0.031139,-1
[INFO ] 289	Whole:0.029801,0.026892,0.017757,0.031412,0.589410,0.016660,0.027743,0.071132,-1
[INFO ] 289	Cold:0.011309,0.009810,0.018487,0.032206,0.541306,0.011788,0.021663,0.030565,-1
[INFO ] 294	Whole:0.030047,0.026952,0.017929,0.031046,0.589567,0.016673,0.027682,0.070995,-1
[INFO ] 294	Cold:0.011421,0.009727,0.018759,0.031541,0.541027,0.011757,0.021464,0.030411,-1
[INFO ] 299	Whole:0.029815,0.026969,0.017850,0.030909,0.589251,0.016667,0.027608,0.071061,-1
[INFO ] 299	Cold:0.011421,0.009587,0.018637,0.031208,0.540400,0.011710,0.021294,0.030225,-1


[INFO ] Training: ...earch/ssh/epinion/train0.5_folder_1, Testing:: ...search/ssh/epinion/test0.5_folder_1.
[DEBUG] User amount: 34688, item amount: 93469
[DEBUG] Rate amount: 332412, scales: {1.0}
[DEBUG] User amount: 34688, item amount: 93469
[DEBUG] Rate amount: 268867, scales: {1.0}
[INFO ] WARP: 30,5.0E-4,0.42,600,10,1600,100,1.0,1.0
[INFO ] 154	Whole:0.016159,0.014988,0.009107,0.017010,0.558347,0.008052,0.014786,0.041316,-1
[INFO ] 154	Cold:0.005899,0.005522,0.008956,0.017276,0.524853,0.005626,0.011227,0.016515,-1
[INFO ] 159	Whole:0.016587,0.015048,0.009484,0.017170,0.558907,0.008200,0.015039,0.041781,-1
[INFO ] 159	Cold:0.006164,0.005543,0.009348,0.017375,0.524958,0.005814,0.011468,0.017125,-1



[INFO ] Training: ...earch/ssh/epinion/train0.5_folder_1, Testing:: ...search/ssh/epinion/test0.5_folder_1.
[DEBUG] User amount: 34688, item amount: 93469
[DEBUG] Rate amount: 332412, scales: {1.0}
[DEBUG] User amount: 34688, item amount: 93469
[DEBUG] Rate amount: 268867, scales: {1.0}
[INFO ] WARP: 30,0.001,0.38,600,10,1600,100,1.0,1.8
[INFO ] 54	Whole:0.023352,0.021185,0.013839,0.024178,0.578179,0.012013,0.021585,0.058337,-1
[INFO ] 54	Cold:0.008674,0.007544,0.013974,0.023807,0.533916,0.008415,0.016065,0.023622,-1
[INFO ] 59	Whole:0.024242,0.022027,0.014809,0.025853,0.581595,0.012724,0.022856,0.060637,-1
[INFO ] 59	Cold:0.009524,0.008214,0.015445,0.026142,0.536565,0.009283,0.017560,0.025498,-1
[INFO ] 64	Whole:0.025237,0.022658,0.015499,0.026746,0.583435,0.013171,0.023665,0.062445,-1
[INFO ] 64	Cold:0.009999,0.008409,0.016169,0.026920,0.537541,0.009707,0.018232,0.026563,-1
[INFO ] 69	Whole:0.025805,0.023211,0.016400,0.028259,0.585590,0.013782,0.024793,0.064123,-1
[INFO ] 69	Cold:0.010626,0.009009,0.017399,0.029332,0.539563,0.010631,0.019786,0.028645,-1
[INFO ] 74	Whole:0.026647,0.023615,0.017175,0.029031,0.587098,0.014186,0.025553,0.065820,-1
[INFO ] 74	Cold:0.011100,0.009294,0.018409,0.029906,0.540643,0.010927,0.020298,0.029286,-1
[INFO ] 79	Whole:0.026794,0.023713,0.017675,0.030011,0.587572,0.014610,0.026265,0.067082,-1
[INFO ] 79	Cold:0.011282,0.009608,0.019063,0.031625,0.541898,0.011630,0.021416,0.030900,-1
[INFO ] 84	Whole:0.026899,0.024014,0.017831,0.030556,0.588553,0.014835,0.026710,0.068120,-1
[INFO ] 84	Cold:0.011477,0.009859,0.019119,0.032263,0.543084,0.011799,0.021818,0.031511,-1
[INFO ] 89	Whole:0.027397,0.024256,0.018233,0.030958,0.589307,0.015007,0.027105,0.068767,-1
[INFO ] 89	Cold:0.011602,0.010054,0.019446,0.032609,0.543781,0.011921,0.022141,0.032221,-1
[INFO ] 94	Whole:0.027130,0.024207,0.018498,0.031262,0.589149,0.015179,0.027374,0.068516,-1
[INFO ] 94	Cold:0.012049,0.010236,0.020262,0.033442,0.544513,0.012381,0.022808,0.033247,-1
[INFO ] 99	Whole:0.026871,0.024193,0.018502,0.031343,0.588834,0.015295,0.027456,0.068658,-1
[INFO ] 99	Cold:0.012202,0.010138,0.020469,0.033330,0.544269,0.012664,0.023060,0.034045,-1
[INFO ] 104	Whole:0.026997,0.024351,0.018686,0.031469,0.589412,0.015214,0.027507,0.068332,-1
[INFO ] 104	Cold:0.012620,0.010194,0.020750,0.033181,0.544339,0.012559,0.022995,0.034034,-1
[INFO ] 109	Whole:0.026871,0.024249,0.018776,0.031703,0.588834,0.015250,0.027526,0.067808,-1
[INFO ] 109	Cold:0.012704,0.010445,0.021056,0.033770,0.544792,0.012784,0.023344,0.034163,-1
[INFO ] 114	Whole:0.026499,0.023948,0.018313,0.031632,0.587976,0.015167,0.027420,0.067937,-1
[INFO ] 114	Cold:0.012481,0.010431,0.020402,0.033921,0.545105,0.012693,0.023346,0.034326,-1



[INFO ] Training: ...earch/ssh/epinion/train0.5_folder_1, Testing:: ...search/ssh/epinion/test0.5_folder_1.
[DEBUG] User amount: 34688, item amount: 93469
[DEBUG] Rate amount: 332412, scales: {1.0}
[DEBUG] User amount: 34688, item amount: 93469
[DEBUG] Rate amount: 268867, scales: {1.0}
[INFO ] WARP: 30,5.0E-4,0.42,600,10,3200,100,1.0,1.6
[INFO ] 154	Whole:0.027270,0.024442,0.016718,0.028846,0.587465,0.014786,0.025969,0.068248,-1
[INFO ] 154	Cold:0.010501,0.009113,0.017242,0.029087,0.539598,0.010831,0.019975,0.029011,-1
[INFO ] 159	Whole:0.027600,0.024452,0.017085,0.028967,0.587431,0.014711,0.026002,0.068354,-1
[INFO ] 159	Cold:0.010752,0.009127,0.017657,0.029210,0.539563,0.010733,0.019946,0.029096,-1
[INFO ] 164	Whole:0.027901,0.024785,0.017202,0.029647,0.588517,0.014887,0.026333,0.068366,-1
[INFO ] 164	Cold:0.011003,0.009406,0.017775,0.030214,0.540957,0.010879,0.020323,0.029102,-1
[INFO ] 169	Whole:0.028063,0.024982,0.017484,0.029911,0.588727,0.015093,0.026671,0.069014,-1
[INFO ] 169	Cold:0.011086,0.009455,0.018023,0.030300,0.540957,0.011089,0.020591,0.029823,-1
[INFO ] 174	Whole:0.028392,0.025244,0.017526,0.030264,0.589586,0.015278,0.026969,0.069929,-1
[INFO ] 174	Cold:0.011142,0.009678,0.018081,0.030887,0.541829,0.011251,0.020967,0.030418,-1
[INFO ] 179	Whole:0.028680,0.025216,0.017924,0.030405,0.589744,0.015368,0.027106,0.069830,-1
[INFO ] 179	Cold:0.011630,0.009720,0.018706,0.031044,0.542073,0.011496,0.021256,0.030983,-1
[INFO ] 184	Whole:0.028694,0.025304,0.017830,0.030762,0.590322,0.015371,0.027200,0.069941,-1
[INFO ] 184	Cold:0.011644,0.009838,0.018704,0.031643,0.542247,0.011540,0.021447,0.030958,-1
[INFO ] 189	Whole:0.028827,0.025483,0.018112,0.030923,0.590672,0.015469,0.027442,0.070476,-1
[INFO ] 189	Cold:0.011839,0.010054,0.019146,0.031948,0.543188,0.011562,0.021692,0.031565,-1
[INFO ] 194	Whole:0.028771,0.025469,0.018064,0.031040,0.590725,0.015538,0.027522,0.070792,-1
[INFO ] 194	Cold:0.011951,0.010096,0.019160,0.032173,0.543537,0.011724,0.021937,0.032126,-1
[INFO ] 199	Whole:0.029044,0.025602,0.018633,0.031228,0.591128,0.015633,0.027644,0.070907,-1
[INFO ] 199	Cold:0.012104,0.010145,0.019944,0.032249,0.543676,0.011723,0.021930,0.031795,-1
[INFO ] 204	Whole:0.029023,0.025518,0.018637,0.031378,0.591339,0.015541,0.027603,0.070406,-1
[INFO ] 204	Cold:0.012160,0.010201,0.020118,0.032683,0.544129,0.011790,0.022127,0.032192,-1
[INFO ] 209	Whole:0.029086,0.025672,0.018529,0.031396,0.591881,0.015567,0.027654,0.070527,-1
[INFO ] 209	Cold:0.012216,0.010250,0.019777,0.032380,0.544373,0.011826,0.022115,0.032258,-1
[INFO ] 214	Whole:0.029093,0.025893,0.018551,0.031997,0.592460,0.015864,0.028077,0.071137,-1
[INFO ] 214	Cold:0.012174,0.010368,0.019954,0.033091,0.544443,0.012164,0.022590,0.032885,-1
[INFO ] 219	Whole:0.028841,0.025921,0.018432,0.031768,0.592617,0.015726,0.027911,0.070771,-1
[INFO ] 219	Cold:0.012104,0.010445,0.019712,0.032823,0.544861,0.012020,0.022443,0.032676,-1
[INFO ] 224	Whole:0.028939,0.025872,0.018566,0.031707,0.592354,0.015832,0.027945,0.070912,-1
[INFO ] 224	Cold:0.012272,0.010410,0.020074,0.032792,0.544861,0.012204,0.022610,0.033078,-1
[INFO ] 229	Whole:0.028995,0.025949,0.018489,0.032001,0.592442,0.015877,0.028050,0.070977,-1
[INFO ] 229	Cold:0.012146,0.010508,0.019712,0.033420,0.545279,0.012294,0.022835,0.033273,-1
[INFO ] 234	Whole:0.028855,0.025963,0.018442,0.031936,0.591794,0.015934,0.028048,0.070838,-1
[INFO ] 234	Cold:0.012244,0.010396,0.019843,0.033277,0.544722,0.012283,0.022758,0.033049,-1
[INFO ] 239	Whole:0.028799,0.025812,0.018492,0.031824,0.591549,0.015795,0.027867,0.070512,-1
[INFO ] 239	Cold:0.012481,0.010466,0.020084,0.033267,0.545070,0.012183,0.022694,0.033004,-1
[INFO ] 244	Whole:0.028638,0.025704,0.018335,0.031433,0.590935,0.015656,0.027633,0.070114,-1
[INFO ] 244	Cold:0.012300,0.010389,0.019808,0.032658,0.544722,0.012002,0.022383,0.032601,-1
[INFO ] 249	Whole:0.028483,0.025830,0.018449,0.031653,0.591181,0.015677,0.027648,0.069796,-1
[INFO ] 249	Cold:0.012341,0.010382,0.020297,0.033019,0.544757,0.012050,0.022487,0.032544,-1
[INFO ] 254	Whole:0.028469,0.025714,0.018427,0.031506,0.590883,0.015626,0.027531,0.069402,-1
[INFO ] 254	Cold:0.012230,0.010347,0.020159,0.032766,0.544826,0.011988,0.022402,0.032665,-1
[INFO ] 259	Whole:0.028729,0.025700,0.018549,0.031563,0.590900,0.015788,0.027668,0.070170,-1
[INFO ] 259	Cold:0.012411,0.010396,0.020333,0.032999,0.545070,0.012160,0.022632,0.033121,-1
[INFO ] 264	Whole:0.028602,0.025651,0.018402,0.031550,0.590322,0.015885,0.027727,0.070283,-1
[INFO ] 264	Cold:0.012272,0.010424,0.019983,0.033247,0.544757,0.012302,0.022794,0.033305,-1
[INFO ] 269	Whole:0.028469,0.025465,0.018225,0.031301,0.589849,0.015668,0.027383,0.069479,-1
[INFO ] 269	Cold:0.012341,0.010347,0.019885,0.033206,0.544548,0.012017,0.022482,0.032458,-1
[INFO ] 274	Whole:0.028441,0.025336,0.018128,0.030986,0.589271,0.015605,0.027198,0.069035,-1
[INFO ] 274	Cold:0.012244,0.010278,0.019856,0.032633,0.544234,0.011987,0.022314,0.032306,-1
[INFO ] 279	Whole:0.028350,0.025378,0.018097,0.030984,0.588780,0.015616,0.027143,0.068653,-1
[INFO ] 279	Cold:0.012286,0.010278,0.020021,0.032893,0.544164,0.011981,0.022344,0.032126,-1
[INFO ] 284	Whole:0.028084,0.025455,0.017867,0.031044,0.589201,0.015625,0.027185,0.069005,-1
[INFO ] 284	Cold:0.011993,0.010284,0.019709,0.032925,0.544129,0.011969,0.022344,0.032293,-1
[INFO ] 289	Whole:0.028308,0.025476,0.018036,0.031262,0.589603,0.015641,0.027258,0.068896,-1
[INFO ] 289	Cold:0.012132,0.010319,0.019857,0.033290,0.544548,0.012062,0.022514,0.032326,-1
[INFO ] 294	Whole:0.028280,0.025378,0.017974,0.031114,0.588815,0.015716,0.027214,0.069028,-1
[INFO ] 294	Cold:0.012062,0.010208,0.019825,0.033087,0.544025,0.012141,0.022500,0.032554,-1
[INFO ] 299	Whole:0.028119,0.025483,0.017861,0.030983,0.589043,0.015678,0.027144,0.068927,-1
[INFO ] 299	Cold:0.011825,0.010284,0.019636,0.032967,0.544338,0.012050,0.022412,0.032228,-1
[INFO ] 304	Whole:0.028014,0.025325,0.017773,0.031023,0.588447,0.015627,0.027060,0.068293,-1
[INFO ] 304	Cold:0.011937,0.010257,0.019659,0.033181,0.544478,0.012113,0.022527,0.032463,-1
[INFO ] 309	Whole:0.027943,0.025360,0.017638,0.030760,0.588184,0.015557,0.026889,0.067755,-1
[INFO ] 309	Cold:0.011881,0.010222,0.019545,0.032847,0.544094,0.012021,0.022326,0.032033,-1
[INFO ] 314	Whole:0.028021,0.025357,0.017519,0.030744,0.588289,0.015532,0.026801,0.067608,-1
[INFO ] 314	Cold:0.011811,0.010138,0.019319,0.032881,0.544025,0.012021,0.022319,0.032144,-1
[INFO ] 319	Whole:0.027852,0.025294,0.017325,0.030747,0.587798,0.015462,0.026697,0.067242,-1
[INFO ] 319	Cold:0.011686,0.010159,0.019256,0.033056,0.543851,0.011912,0.022253,0.031773,-1
[INFO ] 324	Whole:0.027901,0.025353,0.017834,0.031122,0.588376,0.015611,0.026975,0.067883,-1
[INFO ] 324	Cold:0.012076,0.010194,0.020337,0.033428,0.544095,0.012220,0.022621,0.032398,-1
[INFO ] 329	Whole:0.027979,0.025202,0.017727,0.030517,0.587518,0.015489,0.026644,0.067116,-1
[INFO ] 329	Cold:0.011770,0.010082,0.019874,0.032701,0.543467,0.012031,0.022232,0.031737,-1
[INFO ] 334	Whole:0.027852,0.025227,0.017465,0.030573,0.587623,0.015373,0.026509,0.066711,-1
[INFO ] 334	Cold:0.011658,0.010040,0.019594,0.032850,0.543467,0.011887,0.022093,0.031340,-1
[INFO ] 339	Whole:0.027972,0.025230,0.017769,0.030393,0.587430,0.015394,0.026444,0.066792,-1
[INFO ] 339	Cold:0.011686,0.009999,0.019999,0.032669,0.543362,0.011782,0.021970,0.031262,-1
[INFO ] 344	Whole:0.027943,0.025262,0.017606,0.030491,0.587150,0.015501,0.026529,0.067055,-1
[INFO ] 344	Cold:0.011728,0.010047,0.019882,0.033011,0.543362,0.011922,0.022146,0.031345,-1
[INFO ] 349	Whole:0.027929,0.025199,0.017642,0.030260,0.587412,0.015392,0.026407,0.066816,-1
[INFO ] 349	Cold:0.011658,0.009936,0.019866,0.032364,0.542805,0.011789,0.021872,0.031036,-1
[INFO ] 354	Whole:0.027733,0.025080,0.017574,0.029844,0.586712,0.015310,0.026161,0.066412,-1
[INFO ] 354	Cold:0.011560,0.009762,0.019812,0.031873,0.542387,0.011627,0.021559,0.030624,-1
[INFO ] 359	Whole:0.027474,0.025062,0.017362,0.030099,0.586291,0.015303,0.026200,0.066300,-1
[INFO ] 359	Cold:0.011421,0.009873,0.019593,0.032439,0.542596,0.011710,0.021764,0.030772,-1
[INFO ] 364	Whole:0.027558,0.025122,0.017224,0.030045,0.586554,0.015198,0.026127,0.066142,-1
[INFO ] 364	Cold:0.011379,0.009810,0.019161,0.032301,0.542456,0.011500,0.021533,0.030410,-1
[INFO ] 369	Whole:0.027691,0.025013,0.017145,0.029934,0.586694,0.015179,0.026041,0.066101,-1
[INFO ] 369	Cold:0.011282,0.009810,0.019105,0.032260,0.542317,0.011470,0.021472,0.030208,-1
[INFO ] 374	Whole:0.027523,0.024985,0.017150,0.029828,0.586221,0.015170,0.026006,0.065935,-1
[INFO ] 374	Cold:0.011198,0.009775,0.019123,0.031951,0.542177,0.011444,0.021388,0.030228,-1
[INFO ] 379	Whole:0.027404,0.025024,0.016828,0.029878,0.586151,0.015221,0.026034,0.066155,-1
[INFO ] 379	Cold:0.010877,0.009734,0.018484,0.031943,0.541968,0.011507,0.021412,0.030335,-1
[INFO ] 384	Whole:0.027810,0.024978,0.016997,0.029988,0.586396,0.015109,0.025949,0.066243,-1
[INFO ] 384	Cold:0.011100,0.009817,0.018562,0.032484,0.542561,0.011359,0.021417,0.030110,-1
[INFO ] 389	Whole:0.027684,0.025118,0.016865,0.029825,0.585975,0.015143,0.025909,0.065911,-1
[INFO ] 389	Cold:0.010947,0.009734,0.018393,0.031874,0.541899,0.011312,0.021234,0.029941,-1
[INFO ] 394	Whole:0.027537,0.024982,0.016562,0.029570,0.585801,0.015120,0.025823,0.066038,-1
[INFO ] 394	Cold:0.010877,0.009594,0.018022,0.031362,0.541585,0.011206,0.020969,0.029678,-1
[INFO ] 399	Whole:0.027446,0.025052,0.016466,0.029725,0.585800,0.015184,0.025896,0.066256,-1
[INFO ] 399	Cold:0.010473,0.009608,0.017732,0.031699,0.541550,0.011230,0.021049,0.029624,-1
[INFO ] 404	Whole:0.027712,0.024894,0.016829,0.029417,0.585257,0.015170,0.025798,0.066217,-1
[INFO ] 404	Cold:0.010807,0.009476,0.018196,0.031137,0.540992,0.011189,0.020830,0.029322,-1
[INFO ] 409	Whole:0.027600,0.024911,0.016659,0.029415,0.585187,0.015195,0.025802,0.066225,-1
[INFO ] 409	Cold:0.010696,0.009566,0.017893,0.031511,0.541236,0.011276,0.021012,0.029571,-1
[INFO ] 414	Whole:0.028070,0.024915,0.017031,0.029356,0.585310,0.015117,0.025731,0.065889,-1
[INFO ] 414	Cold:0.010891,0.009573,0.018258,0.031432,0.541306,0.011160,0.020905,0.029371,-1
[INFO ] 419	Whole:0.027782,0.025034,0.016514,0.029445,0.585905,0.015133,0.025749,0.066217,-1
[INFO ] 419	Cold:0.010696,0.009469,0.017541,0.031379,0.541132,0.011082,0.020799,0.029360,-1


[INFO ] Training: ...earch/ssh/epinion/train0.5_folder_1, Testing:: ...search/ssh/epinion/test0.5_folder_1.
[DEBUG] User amount: 34688, item amount: 93469
[DEBUG] Rate amount: 332412, scales: {1.0}
[DEBUG] User amount: 34688, item amount: 93469
[DEBUG] Rate amount: 268867, scales: {1.0}
[INFO ] WARP: 30,5.0E-4,0.5,600,10,-1,10000,1.0,1.6
[INFO ] 104	Whole:0.029570,0.026419,0.018068,0.031063,0.593211,0.016098,0.028020,0.072586,-1
[INFO ] 104	Cold:0.011379,0.009908,0.018267,0.031005,0.542909,0.011709,0.021634,0.032466,-1
[INFO ] 109	Whole:0.030523,0.026846,0.018867,0.031651,0.594192,0.016504,0.028629,0.074257,-1
[INFO ] 109	Cold:0.011825,0.010040,0.019175,0.031647,0.543362,0.011997,0.022138,0.033485,-1
[INFO ] 114	Whole:0.031028,0.027302,0.019403,0.032669,0.595682,0.016813,0.029287,0.075154,-1
[INFO ] 114	Cold:0.012467,0.010431,0.019972,0.032858,0.545349,0.012320,0.022863,0.034540,-1
[INFO ] 119	Whole:0.031344,0.027670,0.019531,0.033189,0.597084,0.017082,0.029796,0.076487,-1
[INFO ] 119	Cold:0.012662,0.010591,0.020282,0.033214,0.545977,0.012539,0.023252,0.035408,-1
[INFO ] 124	Whole:0.031729,0.027719,0.019676,0.033463,0.596786,0.017237,0.030008,0.076833,-1
[INFO ] 124	Cold:0.012578,0.010703,0.020045,0.033809,0.546221,0.012583,0.023425,0.035392,-1
[INFO ] 129	Whole:0.032045,0.028196,0.019891,0.034498,0.598013,0.017733,0.030752,0.077824,-1
[INFO ] 129	Cold:0.012913,0.011017,0.020276,0.035064,0.547406,0.013374,0.024510,0.037039,-1
[INFO ] 134	Whole:0.032276,0.028021,0.020365,0.034240,0.597890,0.017712,0.030729,0.078629,-1
[INFO ] 134	Cold:0.013345,0.011079,0.021349,0.034982,0.547859,0.013265,0.024480,0.037193,-1
[INFO ] 139	Whole:0.032500,0.028354,0.020517,0.034775,0.598398,0.017908,0.031105,0.079102,-1
[INFO ] 139	Cold:0.013555,0.011261,0.021254,0.035749,0.548730,0.013595,0.025033,0.038161,-1
[INFO ] 144	Whole:0.032514,0.028515,0.020801,0.034905,0.598766,0.018048,0.031241,0.079263,-1
[INFO ] 144	Cold:0.013680,0.011275,0.022010,0.035651,0.548382,0.013666,0.025044,0.037861,-1
[INFO ] 149	Whole:0.032500,0.028424,0.020813,0.035039,0.598171,0.018106,0.031223,0.078633,-1
[INFO ] 149	Cold:0.013875,0.011247,0.022062,0.035954,0.548347,0.013878,0.025336,0.038583,-1
[INFO ] 154	Whole:0.032262,0.028455,0.020596,0.034982,0.597838,0.018091,0.031171,0.078851,-1
[INFO ] 154	Cold:0.013485,0.011316,0.021756,0.036024,0.548487,0.013818,0.025313,0.038527,-1
[INFO ] 159	Whole:0.032388,0.028375,0.020841,0.035181,0.597593,0.018103,0.031227,0.078340,-1
[INFO ] 159	Cold:0.013806,0.011449,0.022141,0.036423,0.548940,0.013940,0.025495,0.038285,-1
[INFO ] 164	Whole:0.032192,0.028466,0.020455,0.034967,0.597663,0.018007,0.031062,0.078276,-1
[INFO ] 164	Cold:0.013624,0.011358,0.021593,0.036061,0.548696,0.013718,0.025257,0.038271,-1
[INFO ] 169	Whole:0.032458,0.028340,0.020838,0.034799,0.597120,0.018131,0.031075,0.078306,-1
[INFO ] 169	Cold:0.014015,0.011386,0.022377,0.036124,0.548766,0.013992,0.025550,0.038856,-1
[INFO ] 174	Whole:0.031904,0.028199,0.020371,0.034614,0.596349,0.018050,0.030836,0.077487,-1
[INFO ] 174	Cold:0.013443,0.011365,0.021692,0.036124,0.548556,0.013996,0.025442,0.038229,-1
[INFO ] 179	Whole:0.031722,0.028185,0.020030,0.034736,0.596068,0.018013,0.030784,0.077386,-1
[INFO ] 179	Cold:0.013345,0.011330,0.021294,0.036418,0.548173,0.013863,0.025351,0.037924,-1
[INFO ] 184	Whole:0.031659,0.028112,0.020188,0.034496,0.595385,0.017954,0.030588,0.076743,-1
[INFO ] 184	Cold:0.013248,0.011295,0.021663,0.036254,0.548243,0.013835,0.025301,0.037951,-1
[INFO ] 189	Whole:0.031799,0.028077,0.019903,0.034458,0.594825,0.017872,0.030430,0.076667,-1
[INFO ] 189	Cold:0.013108,0.011268,0.021066,0.036382,0.547824,0.013651,0.025105,0.037353,-1
[INFO ] 194	Whole:0.031645,0.028021,0.019744,0.034477,0.595210,0.017866,0.030421,0.076451,-1
[INFO ] 194	Cold:0.013122,0.011323,0.020802,0.036462,0.548312,0.013841,0.025289,0.037553,-1
[INFO ] 199	Whole:0.031379,0.027863,0.019643,0.034347,0.594684,0.017625,0.030099,0.075794,-1
[INFO ] 199	Cold:0.013234,0.011226,0.021153,0.036392,0.547894,0.013495,0.024908,0.036746,-1
[INFO ] 204	Whole:0.030902,0.027530,0.019333,0.033442,0.592950,0.017493,0.029602,0.074702,-1
[INFO ] 204	Cold:0.012941,0.010961,0.020611,0.035302,0.546674,0.013360,0.024470,0.036396,-1
[INFO ] 209	Whole:0.030979,0.027796,0.019441,0.033864,0.593563,0.017615,0.029794,0.075176,-1
[INFO ] 209	Cold:0.013053,0.011003,0.020916,0.035765,0.546813,0.013336,0.024535,0.036285,-1
[INFO ] 214	Whole:0.030741,0.027800,0.019041,0.033901,0.593825,0.017610,0.029790,0.075319,-1
[INFO ] 214	Cold:0.012955,0.011038,0.020645,0.035764,0.546988,0.013432,0.024639,0.036644,-1
[INFO ] 219	Whole:0.030853,0.027639,0.019086,0.033549,0.593142,0.017510,0.029538,0.074237,-1
[INFO ] 219	Cold:0.012802,0.010863,0.020438,0.035240,0.546360,0.013364,0.024354,0.035895,-1
[INFO ] 224	Whole:0.030551,0.027568,0.018882,0.033270,0.592721,0.017304,0.029211,0.073936,-1
[INFO ] 224	Cold:0.012648,0.010633,0.020368,0.034781,0.545210,0.013086,0.023918,0.035244,-1
[INFO ] 229	Whole:0.030818,0.027393,0.018789,0.032752,0.592178,0.017199,0.028932,0.073524,-1
[INFO ] 229	Cold:0.012425,0.010445,0.019757,0.034005,0.544827,0.012902,0.023553,0.035020,-1
[INFO ] 234	Whole:0.030607,0.027278,0.018748,0.032531,0.591898,0.016978,0.028715,0.073559,-1
[INFO ] 234	Cold:0.012578,0.010382,0.020029,0.033604,0.544583,0.012476,0.023090,0.034184,-1
[INFO ] 239	Whole:0.030495,0.027369,0.018643,0.032330,0.591529,0.017061,0.028679,0.073561,-1
[INFO ] 239	Cold:0.012327,0.010354,0.019859,0.033522,0.544164,0.012534,0.023068,0.034054,-1
[INFO ] 244	Whole:0.030327,0.027186,0.018305,0.031998,0.591056,0.016868,0.028375,0.072949,-1
[INFO ] 244	Cold:0.012104,0.010089,0.019263,0.032927,0.543119,0.012246,0.022620,0.033682,-1
[INFO ] 249	Whole:0.030341,0.027193,0.018439,0.031976,0.591074,0.016894,0.028388,0.073011,-1
[INFO ] 249	Cold:0.012104,0.010096,0.019574,0.032863,0.542979,0.012344,0.022687,0.033824,-1
[INFO ] 254	Whole:0.030152,0.027197,0.018160,0.031649,0.590705,0.016753,0.028125,0.072630,-1
[INFO ] 254	Cold:0.011714,0.009971,0.019112,0.032338,0.542247,0.012044,0.022211,0.032801,-1
[INFO ] 259	Whole:0.030236,0.027043,0.018001,0.031390,0.590215,0.016590,0.027900,0.072552,-1
[INFO ] 259	Cold:0.011519,0.009908,0.018562,0.032053,0.542038,0.011723,0.021868,0.032386,-1
[INFO ] 264	Whole:0.030355,0.027018,0.018119,0.031461,0.589795,0.016563,0.027861,0.072323,-1
[INFO ] 264	Cold:0.011630,0.009866,0.018760,0.032258,0.542003,0.011647,0.021808,0.032085,-1
[INFO ] 269	Whole:0.030397,0.027162,0.018209,0.031374,0.590110,0.016625,0.027922,0.072608,-1
[INFO ] 269	Cold:0.011686,0.009810,0.019130,0.031754,0.541689,0.011646,0.021683,0.031998,-1
[INFO ] 274	Whole:0.030061,0.026987,0.017847,0.031297,0.589654,0.016497,0.027671,0.071718,-1
[INFO ] 274	Cold:0.011463,0.009824,0.018502,0.032172,0.541550,0.011521,0.021618,0.031590,-1
[INFO ] 279	Whole:0.030208,0.027109,0.017894,0.031350,0.589917,0.016564,0.027761,0.072001,-1
[INFO ] 279	Cold:0.011547,0.009755,0.018675,0.031944,0.541376,0.011563,0.021601,0.031729,-1
[INFO ] 284	Whole:0.029857,0.026815,0.017590,0.031093,0.589462,0.016489,0.027652,0.072147,-1
[INFO ] 284	Cold:0.011309,0.009671,0.018273,0.031723,0.541062,0.011555,0.021513,0.031725,-1
[INFO ] 289	Whole:0.029977,0.027134,0.017816,0.031147,0.590215,0.016539,0.027709,0.072286,-1
[INFO ] 289	Cold:0.011295,0.009580,0.018473,0.031480,0.540888,0.011487,0.021353,0.031430,-1
[INFO ] 294	Whole:0.030089,0.026892,0.017647,0.030799,0.589356,0.016433,0.027458,0.072044,-1
[INFO ] 294	Cold:0.011226,0.009469,0.018225,0.031087,0.540539,0.011289,0.021052,0.031065,-1
[INFO ] 299	Whole:0.030082,0.026920,0.017834,0.030765,0.588883,0.016412,0.027391,0.071280,-1
[INFO ] 299	Cold:0.011212,0.009413,0.018624,0.031117,0.540295,0.011246,0.020968,0.030663,-1
[INFO ] 304	Whole:0.029941,0.026832,0.017595,0.030451,0.588621,0.016390,0.027310,0.071702,-1
[INFO ] 304	Cold:0.011100,0.009420,0.018180,0.030637,0.540225,0.011173,0.020844,0.030741,-1
[INFO ] 309	Whole:0.029955,0.027123,0.017396,0.030852,0.589304,0.016403,0.027408,0.071735,-1
[INFO ] 309	Cold:0.010835,0.009573,0.017676,0.031233,0.540609,0.011066,0.020869,0.030233,-1
[INFO ] 314	Whole:0.030033,0.027032,0.017591,0.030693,0.589601,0.016321,0.027349,0.071936,-1
[INFO ] 314	Cold:0.010975,0.009329,0.017938,0.030685,0.539947,0.010985,0.020599,0.030016,-1
[INFO ] 319	Whole:0.029738,0.027018,0.017371,0.030669,0.589199,0.016380,0.027340,0.071930,-1
[INFO ] 319	Cold:0.010807,0.009350,0.017519,0.030791,0.539807,0.010979,0.020615,0.029942,-1
[INFO ] 324	Whole:0.030012,0.026787,0.017198,0.030281,0.588726,0.016329,0.027197,0.071966,-1
[INFO ] 324	Cold:0.010710,0.009218,0.017287,0.030095,0.539354,0.010897,0.020337,0.029678,-1
[INFO ] 329	Whole:0.030313,0.026867,0.017327,0.030497,0.588883,0.016352,0.027238,0.072045,-1
[INFO ] 329	Cold:0.010752,0.009232,0.017314,0.030514,0.539598,0.010886,0.020379,0.029449,-1
[INFO ] 334	Whole:0.030082,0.026853,0.017393,0.030332,0.588761,0.016350,0.027145,0.071291,-1
[INFO ] 334	Cold:0.010724,0.009246,0.017585,0.030248,0.539319,0.010912,0.020339,0.029355,-1
[INFO ] 339	Whole:0.030222,0.026808,0.017353,0.030223,0.589041,0.016360,0.027151,0.071940,-1
[INFO ] 339	Cold:0.010682,0.009155,0.017361,0.029880,0.539005,0.010883,0.020216,0.029319,-1
[INFO ] 344	Whole:0.030187,0.026987,0.017237,0.030343,0.589076,0.016357,0.027197,0.071941,-1
[INFO ] 344	Cold:0.010529,0.009183,0.017104,0.030083,0.539005,0.010785,0.020164,0.029048,-1
[INFO ] 349	Whole:0.030131,0.026664,0.017481,0.029724,0.587990,0.016141,0.026801,0.071089,-1
[INFO ] 349	Cold:0.010570,0.008953,0.017463,0.029127,0.538273,0.010614,0.019750,0.028650,-1
[INFO ] 354	Whole:0.030117,0.026867,0.017323,0.029747,0.588112,0.016336,0.027005,0.071934,-1
[INFO ] 354	Cold:0.010515,0.008932,0.017024,0.028941,0.537925,0.010676,0.019766,0.028953,-1
[INFO ] 359	Whole:0.030467,0.026790,0.017278,0.029790,0.588656,0.016325,0.026998,0.072204,-1
[INFO ] 359	Cold:0.010445,0.008953,0.016958,0.029140,0.538378,0.010677,0.019798,0.028856,-1




[INFO ] Training: ...earch/ssh/epinion/train0.5_folder_1, Testing:: ...search/ssh/epinion/test0.5_folder_1.
[DEBUG] User amount: 34688, item amount: 93469
[DEBUG] Rate amount: 332412, scales: {1.0}
[DEBUG] User amount: 34688, item amount: 93469
[DEBUG] Rate amount: 268867, scales: {1.0}
[INFO ] WARP: 30,5.0E-4,0.38,600,10,-1,10000,1.0,1.6
[INFO ] 104	Whole:0.029002,0.026026,0.017714,0.030577,0.591652,0.015684,0.027538,0.072575,-1
[INFO ] 104	Cold:0.010933,0.009490,0.017811,0.030156,0.541829,0.010971,0.020661,0.031024,-1
[INFO ] 109	Whole:0.029970,0.026661,0.018535,0.031973,0.593422,0.016120,0.028445,0.073548,-1
[INFO ] 109	Cold:0.011547,0.009971,0.018869,0.031957,0.543641,0.011383,0.021560,0.031880,-1
[INFO ] 114	Whole:0.029991,0.027235,0.018836,0.032869,0.595297,0.016526,0.029131,0.075016,-1
[INFO ] 114	Cold:0.011477,0.010298,0.018964,0.033199,0.545419,0.011693,0.022258,0.032796,-1
[INFO ] 119	Whole:0.030706,0.027414,0.019271,0.033084,0.595613,0.017036,0.029697,0.076370,-1
[INFO ] 119	Cold:0.012146,0.010354,0.019710,0.033175,0.545349,0.012317,0.022869,0.034171,-1
[INFO ] 124	Whole:0.031435,0.027695,0.019681,0.033583,0.596489,0.017109,0.029919,0.076496,-1
[INFO ] 124	Cold:0.012104,0.010508,0.019919,0.033864,0.546012,0.012280,0.023052,0.034295,-1
[INFO ] 129	Whole:0.031547,0.027845,0.019999,0.033825,0.596857,0.017369,0.030251,0.077049,-1
[INFO ] 129	Cold:0.012425,0.010675,0.020461,0.034083,0.546813,0.012632,0.023502,0.035049,-1
[INFO ] 134	Whole:0.031974,0.028052,0.020333,0.034188,0.597453,0.017758,0.030727,0.078098,-1
[INFO ] 134	Cold:0.012620,0.010912,0.020834,0.034641,0.547301,0.013245,0.024202,0.036106,-1
[INFO ] 139	Whole:0.032031,0.028245,0.020472,0.034852,0.598294,0.017795,0.030953,0.077846,-1
[INFO ] 139	Cold:0.013150,0.011079,0.021208,0.035648,0.548138,0.013367,0.024600,0.036616,-1
[INFO ] 144	Whole:0.031953,0.028375,0.020454,0.034868,0.597978,0.017930,0.031010,0.077645,-1
[INFO ] 144	Cold:0.013108,0.011038,0.021359,0.035562,0.547650,0.013445,0.024604,0.036348,-1
[INFO ] 149	Whole:0.031960,0.028438,0.020770,0.034902,0.598118,0.017940,0.030995,0.077276,-1
[INFO ] 149	Cold:0.013290,0.011107,0.022004,0.035713,0.547859,0.013450,0.024698,0.036433,-1
[INFO ] 154	Whole:0.032010,0.028578,0.020710,0.035329,0.598399,0.018094,0.031259,0.077612,-1
[INFO ] 154	Cold:0.013555,0.011379,0.022122,0.036346,0.549079,0.013786,0.025278,0.037574,-1
[INFO ] 159	Whole:0.032213,0.028564,0.020828,0.035112,0.598049,0.018153,0.031190,0.077651,-1
[INFO ] 159	Cold:0.013582,0.011240,0.022274,0.036141,0.548556,0.013716,0.025127,0.037354,-1
[INFO ] 164	Whole:0.032339,0.028248,0.020610,0.034931,0.597120,0.018051,0.030984,0.077510,-1
[INFO ] 164	Cold:0.013471,0.011240,0.021634,0.036201,0.548347,0.013611,0.025056,0.037374,-1
[INFO ] 169	Whole:0.032486,0.028315,0.020777,0.034842,0.596962,0.018073,0.030949,0.077211,-1
[INFO ] 169	Cold:0.013610,0.011219,0.022047,0.036142,0.548591,0.013577,0.025028,0.037361,-1
[INFO ] 174	Whole:0.032108,0.028448,0.020587,0.035051,0.596910,0.017966,0.030886,0.076619,-1
[INFO ] 174	Cold:0.013569,0.011435,0.021899,0.036617,0.549218,0.013477,0.025109,0.037150,-1
[INFO ] 179	Whole:0.031722,0.028262,0.020277,0.034642,0.596454,0.017723,0.030523,0.076135,-1
[INFO ] 179	Cold:0.013359,0.011379,0.021494,0.036120,0.549149,0.013279,0.024833,0.037007,-1
[INFO ] 184	Whole:0.031841,0.028319,0.020306,0.034691,0.596174,0.017829,0.030566,0.076150,-1
[INFO ] 184	Cold:0.013080,0.011323,0.021470,0.036244,0.548905,0.013273,0.024802,0.036771,-1
[INFO ] 189	Whole:0.031610,0.028101,0.019973,0.034259,0.595245,0.017724,0.030254,0.075587,-1
[INFO ] 189	Cold:0.013136,0.011275,0.021264,0.035908,0.548626,0.013302,0.024714,0.036593,-1
[INFO ] 194	Whole:0.032045,0.028210,0.020119,0.034316,0.595385,0.017868,0.030325,0.075584,-1
[INFO ] 194	Cold:0.013290,0.011261,0.021236,0.035953,0.548556,0.013405,0.024780,0.036501,-1
[INFO ] 199	Whole:0.031673,0.028315,0.019781,0.034107,0.595735,0.017593,0.030025,0.074990,-1
[INFO ] 199	Cold:0.013192,0.011247,0.021009,0.035595,0.548312,0.012949,0.024265,0.035346,-1
[INFO ] 204	Whole:0.031463,0.027824,0.019714,0.033744,0.593563,0.017533,0.029742,0.074517,-1
[INFO ] 204	Cold:0.013108,0.011058,0.021032,0.035518,0.547127,0.012998,0.024237,0.035584,-1
[INFO ] 209	Whole:0.031273,0.027726,0.019295,0.033456,0.593563,0.017276,0.029412,0.073663,-1
[INFO ] 209	Cold:0.012899,0.010961,0.020577,0.035108,0.546848,0.012788,0.023875,0.034715,-1
[INFO ] 214	Whole:0.031014,0.027684,0.018991,0.033373,0.593212,0.017256,0.029311,0.073554,-1
[INFO ] 214	Cold:0.012551,0.010863,0.019974,0.035077,0.546813,0.012679,0.023756,0.034690,-1


[INFO ] Training: ...earch/ssh/epinion/train0.5_folder_1, Testing:: ...search/ssh/epinion/test0.5_folder_1.
[DEBUG] User amount: 34688, item amount: 93469
[DEBUG] Rate amount: 332412, scales: {1.0}
[DEBUG] User amount: 34688, item amount: 93469
[DEBUG] Rate amount: 268867, scales: {1.0}
[INFO ] WARP: 30,5.0E-4,0.44,600,10,-1,10000,1.0,1.6
[INFO ] 104	Whole:0.029696,0.026447,0.018466,0.031402,0.592966,0.016088,0.028222,0.074125,-1
[INFO ] 104	Cold:0.011644,0.009769,0.018648,0.031132,0.541794,0.011525,0.021352,0.031363,-1
[INFO ] 109	Whole:0.030271,0.027113,0.018913,0.032559,0.594876,0.016565,0.029025,0.074930,-1
[INFO ] 109	Cold:0.012021,0.010110,0.019209,0.032482,0.543118,0.012020,0.022159,0.032133,-1
[INFO ] 114	Whole:0.030418,0.027460,0.019004,0.033065,0.596050,0.016677,0.029337,0.075299,-1
[INFO ] 114	Cold:0.012202,0.010305,0.019451,0.033013,0.543676,0.012147,0.022489,0.032765,-1
[INFO ] 119	Whole:0.031245,0.027446,0.019528,0.033236,0.595998,0.017063,0.029748,0.076508,-1
[INFO ] 119	Cold:0.012537,0.010375,0.020015,0.033369,0.544269,0.012640,0.023088,0.034230,-1
[INFO ] 124	Whole:0.031042,0.027863,0.019687,0.033852,0.596786,0.017372,0.030188,0.076828,-1
[INFO ] 124	Cold:0.012620,0.010549,0.020389,0.033951,0.545105,0.012902,0.023498,0.034625,-1
[INFO ] 129	Whole:0.031463,0.028070,0.020072,0.034381,0.597347,0.017390,0.030444,0.076912,-1
[INFO ] 129	Cold:0.013094,0.010738,0.021000,0.034547,0.545628,0.012889,0.023717,0.034865,-1
[INFO ] 134	Whole:0.031512,0.028312,0.020165,0.034689,0.597926,0.017547,0.030722,0.077337,-1
[INFO ] 134	Cold:0.013136,0.010933,0.021256,0.034914,0.546430,0.013078,0.024062,0.035390,-1
[INFO ] 139	Whole:0.031911,0.028280,0.020786,0.035007,0.597926,0.017708,0.030975,0.077581,-1
[INFO ] 139	Cold:0.013359,0.011031,0.021768,0.035561,0.546918,0.013393,0.024520,0.036071,-1
[INFO ] 144	Whole:0.032115,0.028280,0.020833,0.035111,0.598049,0.017848,0.031114,0.078008,-1
[INFO ] 144	Cold:0.013304,0.011163,0.021666,0.035834,0.547197,0.013612,0.024809,0.036615,-1
[INFO ] 149	Whole:0.031855,0.028347,0.020552,0.035322,0.598311,0.017939,0.031176,0.077928,-1
[INFO ] 149	Cold:0.013276,0.011282,0.021536,0.036543,0.547964,0.013772,0.025155,0.036912,-1
[INFO ] 154	Whole:0.032073,0.028410,0.020816,0.035422,0.597699,0.018102,0.031367,0.078135,-1
[INFO ] 154	Cold:0.013638,0.011365,0.022117,0.036493,0.548138,0.014010,0.025438,0.037752,-1
[INFO ] 159	Whole:0.031806,0.028378,0.020723,0.035391,0.597698,0.018094,0.031330,0.077847,-1
[INFO ] 159	Cold:0.013624,0.011268,0.022078,0.036379,0.547964,0.014034,0.025439,0.037852,-1
[INFO ] 164	Whole:0.031750,0.028357,0.020579,0.035266,0.597803,0.017946,0.031130,0.077307,-1
[INFO ] 164	Cold:0.013499,0.011337,0.021954,0.036602,0.548173,0.013807,0.025248,0.037031,-1
[INFO ] 169	Whole:0.031827,0.028227,0.020665,0.035226,0.597453,0.017982,0.031104,0.077536,-1
[INFO ] 169	Cold:0.013485,0.011295,0.022188,0.036427,0.547999,0.013865,0.025222,0.036949,-1
[INFO ] 174	Whole:0.031722,0.028259,0.020841,0.035232,0.597225,0.017906,0.031017,0.076971,-1
[INFO ] 174	Cold:0.013624,0.011219,0.022476,0.036531,0.547650,0.013843,0.025224,0.037043,-1
[INFO ] 179	Whole:0.031589,0.028056,0.020530,0.035022,0.596314,0.018068,0.030955,0.076931,-1
[INFO ] 179	Cold:0.013485,0.011205,0.022176,0.036628,0.547580,0.014100,0.025456,0.037574,-1
[INFO ] 184	Whole:0.031561,0.028035,0.020429,0.034750,0.595788,0.017984,0.030756,0.076426,-1
[INFO ] 184	Cold:0.013513,0.011051,0.022225,0.036136,0.547058,0.013908,0.025107,0.036952,-1
[INFO ] 189	Whole:0.031596,0.027898,0.020418,0.034536,0.595508,0.017854,0.030582,0.076269,-1
[INFO ] 189	Cold:0.013541,0.010989,0.022209,0.035984,0.546814,0.013821,0.024970,0.036741,-1
[INFO ] 194	Whole:0.031610,0.027772,0.020441,0.034506,0.595000,0.017878,0.030513,0.076170,-1
[INFO ] 194	Cold:0.013499,0.010926,0.022326,0.036207,0.546744,0.013873,0.024990,0.036401,-1
[INFO ] 199	Whole:0.031294,0.027747,0.020019,0.034289,0.594877,0.017655,0.030217,0.075140,-1
[INFO ] 199	Cold:0.013164,0.010898,0.021610,0.035680,0.546500,0.013694,0.024727,0.036254,-1
[INFO ] 204	Whole:0.031470,0.027463,0.020208,0.033952,0.593773,0.017680,0.030123,0.075622,-1
[INFO ] 204	Cold:0.013318,0.010870,0.021970,0.035769,0.546256,0.013842,0.024870,0.036518,-1
[INFO ] 209	Whole:0.031168,0.027435,0.019896,0.033784,0.593108,0.017637,0.029908,0.075089,-1
[INFO ] 209	Cold:0.013067,0.010780,0.021526,0.035399,0.545872,0.013661,0.024565,0.036017,-1
[INFO ] 214	Whole:0.031035,0.027530,0.019954,0.034112,0.593388,0.017588,0.029941,0.074378,-1
[INFO ] 214	Cold:0.013094,0.010940,0.021841,0.036155,0.546604,0.013665,0.024722,0.035711,-1
[INFO ] 219	Whole:0.030972,0.027463,0.019668,0.033838,0.592687,0.017416,0.029621,0.073941,-1
[INFO ] 219	Cold:0.012871,0.010856,0.021248,0.035973,0.546151,0.013416,0.024391,0.034943,-1
[INFO ] 224	Whole:0.030818,0.027495,0.019520,0.033582,0.592372,0.017389,0.029472,0.073538,-1
[INFO ] 224	Cold:0.012704,0.010724,0.021202,0.035356,0.545419,0.013217,0.024023,0.034343,-1


