[INFO ] Training: ...earch/ssh/epinion/train0.5_folder_1, Testing:: ...search/ssh/epinion/test0.5_folder_1.
[DEBUG] User amount: 34688, item amount: 93469
[DEBUG] Rate amount: 332412, scales: {1.0}
[DEBUG] User amount: 34688, item amount: 93469
[DEBUG] Rate amount: 268867, scales: {1.0}
[INFO ] AsyWalkRanker: 30,5.0E-4,0.25,0.25,100,1600,1,100,0.45,10
[INFO ] 806999  Whole:0.043850,0.036142,0.026477,0.042030,0.618894,0.024616,0.039760,0.106599,-1
[INFO ] 806999  Cold:0.016734,0.013178,0.027530,0.042439,0.556225,0.017695,0.030930,0.046456,-1
[INFO ] 809999  Whole:0.044032,0.036426,0.026379,0.042519,0.619613,0.024828,0.040095,0.107436,-1
[INFO ] 809999  Cold:0.016595,0.013436,0.027145,0.043343,0.557306,0.017804,0.031236,0.046324,-1
[INFO ] 812999  Whole:0.043535,0.036072,0.026035,0.042043,0.619052,0.024454,0.039614,0.106591,-1
[INFO ] 812999  Cold:0.016427,0.013269,0.027001,0.042645,0.556678,0.017484,0.030764,0.045917,-1
[INFO ] 815999  Whole:0.043591,0.036079,0.026510,0.042446,0.619892,0.024443,0.039719,0.106360,-1
[INFO ] 815999  Cold:0.016790,0.013283,0.027759,0.043654,0.557306,0.017684,0.031149,0.046211,-1
[INFO ] 818999  Whole:0.043619,0.036170,0.026426,0.042589,0.619332,0.024602,0.039903,0.106762,-1
[INFO ] 818999  Cold:0.016678,0.013366,0.027565,0.043682,0.557201,0.017826,0.031322,0.046715,-1
[INFO ] 821999  Whole:0.043387,0.036083,0.026336,0.042654,0.619367,0.024507,0.039823,0.106551,-1
[INFO ] 821999  Cold:0.016595,0.013352,0.027631,0.043921,0.557271,0.017733,0.031277,0.046461,-1
[INFO ] 824999  Whole:0.043990,0.036121,0.026501,0.042642,0.619122,0.024777,0.040017,0.106490,-1
[INFO ] 824999  Cold:0.016860,0.013387,0.027701,0.043957,0.557132,0.018066,0.031594,0.046777,-1
[INFO ] 827999  Whole:0.043661,0.036132,0.026330,0.042770,0.619332,0.024730,0.039993,0.106660,-1
[INFO ] 827999  Cold:0.016413,0.013338,0.027330,0.043938,0.557201,0.017958,0.031446,0.046606,-1
[INFO ] 830999  Whole:0.043857,0.036205,0.026478,0.042553,0.619700,0.024637,0.039945,0.106877,-1
[INFO ] 830999  Cold:0.016692,0.013234,0.027553,0.043494,0.557341,0.017800,0.031300,0.047010,-1
[INFO ] 833999  Whole:0.043696,0.036202,0.026196,0.042364,0.619630,0.024579,0.039814,0.106868,-1
[INFO ] 833999  Cold:0.016497,0.013206,0.027018,0.043073,0.556748,0.017569,0.030957,0.046430,-1
[INFO ] 836999  Whole:0.043829,0.036335,0.026469,0.042428,0.619420,0.024694,0.039888,0.107023,-1
[INFO ] 836999  Cold:0.016734,0.013290,0.027640,0.043325,0.557271,0.017606,0.031063,0.046384,-1
[INFO ] 839999  Whole:0.043696,0.036118,0.026637,0.042562,0.618947,0.024682,0.039940,0.106866,-1
[INFO ] 839999  Cold:0.016887,0.013276,0.028031,0.043636,0.556888,0.017835,0.031314,0.046652,-1
[INFO ] 842999  Whole:0.043577,0.036048,0.026338,0.042362,0.619052,0.024477,0.039689,0.106338,-1
[INFO ] 842999  Cold:0.016497,0.013241,0.027451,0.043303,0.556922,0.017710,0.031143,0.046607,-1
[INFO ] 845999  Whole:0.044039,0.036170,0.026780,0.042605,0.619718,0.024628,0.039951,0.107053,-1
[INFO ] 845999  Cold:0.016971,0.013380,0.028088,0.043706,0.557620,0.017823,0.031395,0.046982,-1
[INFO ] 848999  Whole:0.043745,0.036177,0.026481,0.042783,0.619805,0.024603,0.039932,0.106686,-1
[INFO ] 848999  Cold:0.016399,0.013366,0.027291,0.043976,0.557375,0.017737,0.031284,0.046382,-1
[INFO ] 851999  Whole:0.043864,0.036356,0.026371,0.043006,0.619840,0.024755,0.040102,0.106927,-1
[INFO ] 851999  Cold:0.016650,0.013429,0.027391,0.044179,0.557445,0.017894,0.031502,0.046838,-1
[INFO ] 854999  Whole:0.043170,0.036230,0.025841,0.042716,0.619350,0.024722,0.039967,0.107207,-1
[INFO ] 854999  Cold:0.016288,0.013241,0.026661,0.043766,0.556713,0.017756,0.031173,0.046125,-1
[INFO ] 857999  Whole:0.043205,0.036135,0.025740,0.042638,0.619630,0.024437,0.039776,0.106496,-1
[INFO ] 857999  Cold:0.016204,0.013283,0.026353,0.043436,0.556887,0.017437,0.030882,0.045813,-1
[INFO ] 860999  Whole:0.043556,0.036170,0.025987,0.042827,0.619315,0.024391,0.039729,0.106374,-1
[INFO ] 860999  Cold:0.016190,0.013248,0.026703,0.043840,0.556922,0.017368,0.030889,0.045726,-1
[INFO ] 863999  Whole:0.043219,0.036188,0.025776,0.042569,0.619630,0.024461,0.039723,0.106543,-1
[INFO ] 863999  Cold:0.016065,0.013178,0.026497,0.043396,0.556434,0.017534,0.030922,0.046077,-1
[INFO ] 866999  Whole:0.043591,0.036247,0.026264,0.042722,0.619560,0.024646,0.039902,0.107126,-1
[INFO ] 866999  Cold:0.016316,0.013269,0.027228,0.043788,0.556957,0.017630,0.031110,0.046201,-1
[INFO ] 869999  Whole:0.043668,0.036223,0.026082,0.042503,0.619525,0.024665,0.039908,0.107121,-1
[INFO ] 869999  Cold:0.016316,0.013262,0.026782,0.043511,0.556992,0.017767,0.031227,0.046721,-1
[INFO ] 872999  Whole:0.043296,0.036100,0.026290,0.042331,0.619332,0.024514,0.039679,0.106738,-1
[INFO ] 872999  Cold:0.016455,0.013255,0.027428,0.043297,0.556783,0.017462,0.030892,0.045999,-1
[INFO ] 944999  Whole:0.043429,0.036212,0.026055,0.042596,0.619350,0.024534,0.039722,0.106366,-1
[INFO ] 944999  Cold:0.016148,0.013318,0.026880,0.044010,0.557131,0.017604,0.031143,0.046231,-1
[INFO ] 947999  Whole:0.043422,0.036451,0.025772,0.042637,0.620208,0.024547,0.039765,0.106546,-1
[INFO ] 947999  Cold:0.015911,0.013234,0.026332,0.043643,0.556992,0.017434,0.030887,0.045974,-1
[INFO ] 950999  Whole:0.043296,0.036254,0.025895,0.042401,0.619560,0.024393,0.039602,0.106063,-1
[INFO ] 950999  Cold:0.016190,0.013185,0.026779,0.043227,0.556609,0.017346,0.030681,0.045466,-1
[INFO ] 953999  Whole:0.043429,0.036111,0.025928,0.042461,0.619402,0.024321,0.039543,0.105711,-1
[INFO ] 953999  Cold:0.016288,0.013185,0.026782,0.043435,0.556609,0.017475,0.030876,0.045902,-1
[INFO ] 956999  Whole:0.043226,0.036083,0.025883,0.042650,0.619560,0.024526,0.039778,0.106434,-1
[INFO ] 956999  Cold:0.016107,0.013338,0.026678,0.044113,0.557375,0.017785,0.031323,0.046457,-1
[INFO ] 959999  Whole:0.043787,0.036111,0.025794,0.042136,0.619052,0.024493,0.039590,0.106870,-1
[INFO ] 959999  Cold:0.016288,0.013241,0.026494,0.043040,0.556818,0.017507,0.030902,0.046384,-1
[INFO ] 962999  Whole:0.043422,0.036012,0.025670,0.042293,0.619297,0.024384,0.039567,0.106652,-1
[INFO ] 962999  Cold:0.015953,0.013185,0.026193,0.043244,0.556713,0.017445,0.030824,0.045974,-1
[INFO ] 965999  Whole:0.043240,0.036005,0.025936,0.042414,0.619139,0.024509,0.039658,0.106534,-1
[INFO ] 965999  Cold:0.016134,0.013178,0.026630,0.043651,0.556818,0.017552,0.030995,0.046036,-1
[INFO ] 968999  Whole:0.043205,0.036111,0.025803,0.042304,0.619069,0.024372,0.039509,0.105870,-1
[INFO ] 968999  Cold:0.015856,0.013171,0.026553,0.043292,0.556609,0.017414,0.030758,0.045631,-1
[INFO ] 971999  Whole:0.043226,0.036090,0.025773,0.042173,0.618596,0.024552,0.039591,0.106118,-1
[INFO ] 971999  Cold:0.015967,0.013122,0.026368,0.043205,0.556225,0.017571,0.030805,0.045691,-1
[INFO ] 974999  Whole:0.043549,0.035949,0.026048,0.042169,0.618631,0.024620,0.039681,0.106865,-1
[INFO ] 974999  Cold:0.016107,0.013220,0.026760,0.043450,0.557062,0.017702,0.031075,0.046318,-1
[INFO ] 977999  Whole:0.043724,0.036258,0.026359,0.042604,0.619560,0.024714,0.039937,0.107004,-1
[INFO ] 977999  Cold:0.016413,0.013276,0.027272,0.043778,0.557027,0.017837,0.031262,0.046275,-1
[INFO ] 980999  Whole:0.043794,0.036240,0.026229,0.042382,0.619472,0.024607,0.039841,0.107047,-1
[INFO ] 980999  Cold:0.016204,0.013185,0.027003,0.043349,0.557062,0.017724,0.031104,0.046382,-1
[INFO ] 983999  Whole:0.043422,0.036240,0.026001,0.042102,0.619524,0.024460,0.039570,0.106197,-1
[INFO ] 983999  Cold:0.016358,0.013101,0.026934,0.043046,0.556748,0.017590,0.030870,0.046091,-1
[INFO ] 986999  Whole:0.043654,0.036086,0.026029,0.041775,0.618981,0.024519,0.039512,0.106757,-1
[INFO ] 986999  Cold:0.016120,0.012885,0.026769,0.042428,0.555702,0.017543,0.030641,0.046120,-1
[INFO ] 989999  Whole:0.043394,0.036156,0.026152,0.042191,0.618736,0.024684,0.039755,0.106745,-1
[INFO ] 989999  Cold:0.016316,0.013067,0.026937,0.043093,0.555946,0.017760,0.031019,0.046379,-1
[INFO ] 992999  Whole:0.043521,0.036324,0.026002,0.041873,0.619069,0.024760,0.039748,0.107253,-1
[INFO ] 992999  Cold:0.016399,0.013018,0.026813,0.042309,0.555807,0.017574,0.030743,0.046474,-1
[INFO ] 995999  Whole:0.043514,0.035939,0.026100,0.041798,0.618176,0.024589,0.039485,0.106209,-1
[INFO ] 995999  Cold:0.016190,0.012829,0.026853,0.042514,0.555319,0.017600,0.030693,0.046259,-1
[INFO ] 998999  Whole:0.043289,0.036062,0.026007,0.042123,0.618491,0.024584,0.039655,0.106301,-1
[INFO ] 998999  Cold:0.016190,0.012969,0.026889,0.042862,0.555772,0.017698,0.030882,0.046358,-1

[INFO ] Training: ...earch/ssh/epinion/train0.5_folder_1, Testing:: ...search/ssh/epinion/test0.5_folder_1.
[DEBUG] User amount: 34688, item amount: 93469
[DEBUG] Rate amount: 332412, scales: {1.0}
[DEBUG] User amount: 34688, item amount: 93469
[DEBUG] Rate amount: 268867, scales: {1.0}
[INFO ] AsyWalkRanker: 30,5.0E-4,0.25,0.25,100,1600,1,120,0.32,8
[INFO ] 1/1
[INFO ] 1/1
[INFO ] 1/1
[INFO ] 1/1
[INFO ] 500999	Whole:0.044733,0.037032,0.026882,0.043418,0.622714,0.024885,0.040934,0.109128,-1
[INFO ] 500999	Cold:0.017097,0.013520,0.027044,0.043120,0.558595,0.017398,0.031184,0.048356,-1
[INFO ] 503999	Whole:0.044867,0.037120,0.026706,0.043560,0.622907,0.024992,0.040989,0.109163,-1
[INFO ] 503999	Cold:0.016929,0.013589,0.026778,0.043582,0.559188,0.017491,0.031350,0.048335,-1
[INFO ] 506999	Whole:0.044979,0.036987,0.026854,0.042871,0.622311,0.024999,0.040906,0.109541,-1
[INFO ] 506999	Cold:0.017097,0.013506,0.026944,0.042362,0.558456,0.017531,0.031173,0.048700,-1
[INFO ] 509999	Whole:0.044516,0.037054,0.026708,0.042826,0.622083,0.024785,0.040664,0.108833,-1



[INFO ] Training: ...earch/ssh/epinion/train0.5_folder_1, Testing:: ...search/ssh/epinion/test0.5_folder_1.
[DEBUG] User amount: 34688, item amount: 93469
[DEBUG] Rate amount: 332412, scales: {1.0}
[DEBUG] User amount: 34688, item amount: 93469
[DEBUG] Rate amount: 268867, scales: {1.0}
[INFO ] AsyWalkRanker: 30,5.0E-4,0.25,0.25,100,1600,1,200,0.12,8
[INFO ] 1/1
[INFO ] 1/1
[INFO ] 1/1
[INFO ] 1/1
[INFO ] 500999	Whole:0.046717,0.038662,0.028589,0.045274,0.627164,0.026409,0.043014,0.115529,-1
[INFO ] 500999	Cold:0.018143,0.014224,0.029809,0.046080,0.561733,0.019036,0.033679,0.052458,-1
[INFO ] 503999	Whole:0.046437,0.038298,0.028137,0.044984,0.626007,0.026093,0.042504,0.113955,-1
[INFO ] 503999	Cold:0.017933,0.014112,0.029408,0.046086,0.561070,0.018729,0.033246,0.051005,-1
[INFO ] 506999	Whole:0.047229,0.038722,0.028581,0.045336,0.627093,0.026701,0.043256,0.116244,-1
[INFO ] 506999	Cold:0.018059,0.013980,0.029439,0.045612,0.560617,0.019054,0.033461,0.052067,-1
[INFO ] 509999	Whole:0.047047,0.038389,0.028452,0.044628,0.625955,0.026280,0.042636,0.115262,-1
[INFO ] 509999	Cold:0.017808,0.014036,0.029272,0.045029,0.560548,0.018628,0.032985,0.051370,-1
[INFO ] 1/1
[INFO ] 512999	Whole:0.046816,0.038494,0.028604,0.044962,0.626060,0.026262,0.042819,0.115229,-1
[INFO ] 512999	Cold:0.018101,0.014071,0.029662,0.045409,0.561001,0.018685,0.033156,0.051458,-1
[INFO ] 515999	Whole:0.046830,0.038554,0.028210,0.045424,0.626463,0.026302,0.042968,0.115553,-1
[INFO ] 515999	Cold:0.017989,0.014140,0.028858,0.046096,0.561210,0.018663,0.033325,0.051800,-1
[INFO ] 518999	Whole:0.046837,0.038375,0.028233,0.044800,0.625990,0.026290,0.042649,0.114746,-1
[INFO ] 518999	Cold:0.018073,0.014085,0.029113,0.045411,0.560861,0.018765,0.033217,0.051587,-1
[INFO ] 521999	Whole:0.046773,0.038803,0.028081,0.045278,0.627304,0.026236,0.042836,0.114832,-1
[INFO ] 521999	Cold:0.017864,0.014064,0.028754,0.045749,0.560861,0.018671,0.033221,0.051767,-1


[INFO ] 524999	Whole:0.046970,0.038701,0.028132,0.045083,0.627129,0.026569,0.043134,0.116054,-1
[INFO ] 524999	Cold:0.017989,0.014098,0.028835,0.045412,0.561140,0.019045,0.033565,0.052588,-1
[INFO ] 527999	Whole:0.047138,0.038582,0.028674,0.045481,0.626515,0.026790,0.043347,0.116010,-1
[INFO ] 527999	Cold:0.018129,0.014238,0.029714,0.046726,0.561663,0.019584,0.034292,0.053497,-1
[INFO ] 530999	Whole:0.046626,0.038396,0.027693,0.044709,0.626235,0.026122,0.042561,0.114801,-1
[INFO ] 530999	Cold:0.017557,0.013966,0.028150,0.045136,0.560269,0.018634,0.033063,0.051962,-1
[INFO ] 533999	Whole:0.046633,0.038074,0.028039,0.044391,0.625166,0.026055,0.042402,0.114651,-1
[INFO ] 533999	Cold:0.017836,0.013896,0.028740,0.044853,0.559816,0.018562,0.032856,0.051204,-1
[INFO ] 536999	Whole:0.046633,0.038165,0.028473,0.044522,0.625815,0.026221,0.042703,0.114989,-1
[INFO ] 536999	Cold:0.018073,0.014015,0.029531,0.044998,0.560408,0.018971,0.033302,0.052133,-1
[INFO ] 539999	Whole:0.046605,0.038214,0.028174,0.044321,0.625271,0.025986,0.042315,0.114091,-1
[INFO ] 539999	Cold:0.018045,0.013924,0.029071,0.044823,0.560095,0.018534,0.032894,0.051621,-1
[INFO ] 542999	Whole:0.046668,0.038501,0.028235,0.044805,0.626743,0.026335,0.042794,0.115078,-1
[INFO ] 542999	Cold:0.017933,0.013945,0.029211,0.044943,0.560513,0.018894,0.033165,0.051645,-1
[INFO ] 545999	Whole:0.046703,0.038543,0.027884,0.044969,0.625955,0.026451,0.042883,0.115050,-1
[INFO ] 545999	Cold:0.017919,0.014001,0.028571,0.045496,0.560269,0.018910,0.033300,0.051819,-1
[INFO ] 548999	Whole:0.046584,0.038589,0.028265,0.045249,0.626656,0.026619,0.043240,0.116125,-1
[INFO ] 548999	Cold:0.017878,0.014189,0.029129,0.045896,0.560827,0.019359,0.033887,0.052925,-1


[INFO ] Training: ...earch/ssh/epinion/train0.5_folder_1, Testing:: ...search/ssh/epinion/test0.5_folder_1.
[DEBUG] User amount: 34688, item amount: 93469
[DEBUG] Rate amount: 332412, scales: {1.0}
[DEBUG] User amount: 34688, item amount: 93469
[DEBUG] Rate amount: 268867, scales: {1.0}
[INFO ] AsyWalkRanker: 30,5.0E-4,0.25,0.25,100,1600,1,120,0.32,8
[INFO ] 1/1
[INFO ] 1/1
[INFO ] 1/1
[INFO ] 1/1
[INFO ] 500999	Whole:0.044733,0.037032,0.026882,0.043418,0.622714,0.024885,0.040934,0.109128,-1
[INFO ] 500999	Cold:0.017097,0.013520,0.027044,0.043120,0.558595,0.017398,0.031184,0.048356,-1
[INFO ] 503999	Whole:0.044867,0.037120,0.026706,0.043560,0.622907,0.024992,0.040989,0.109163,-1
[INFO ] 503999	Cold:0.016929,0.013589,0.026778,0.043582,0.559188,0.017491,0.031350,0.048335,-1
[INFO ] 506999	Whole:0.044979,0.036987,0.026854,0.042871,0.622311,0.024999,0.040906,0.109541,-1
[INFO ] 506999	Cold:0.017097,0.013506,0.026944,0.042362,0.558456,0.017531,0.031173,0.048700,-1
[INFO ] 509999	Whole:0.044516,0.037054,0.026708,0.042826,0.622083,0.024785,0.040664,0.108833,-1
[INFO ] 509999	Cold:0.016957,0.013443,0.026820,0.042450,0.558003,0.017172,0.030816,0.047828,-1
[INFO ] 1/1
[INFO ] 512999	Whole:0.044502,0.036924,0.026696,0.043072,0.621873,0.024725,0.040648,0.108299,-1
[INFO ] 512999	Cold:0.016887,0.013541,0.026923,0.042979,0.558561,0.017287,0.031048,0.047911,-1
[INFO ] 515999	Whole:0.044530,0.037057,0.026569,0.043033,0.621785,0.024786,0.040649,0.108376,-1
[INFO ] 515999	Cold:0.016790,0.013401,0.026643,0.042605,0.557829,0.017217,0.030882,0.048115,-1
[INFO ] 518999	Whole:0.044390,0.037148,0.026450,0.043221,0.622854,0.024764,0.040737,0.108667,-1
[INFO ] 518999	Cold:0.016999,0.013666,0.026611,0.043148,0.558874,0.017207,0.031040,0.047668,-1
[INFO ] 521999	Whole:0.044600,0.037047,0.026826,0.043308,0.622276,0.024875,0.040802,0.108827,-1
[INFO ] 521999	Cold:0.016846,0.013582,0.027029,0.043271,0.558874,0.017317,0.031136,0.047894,-1
[INFO ] 524999	Whole:0.044502,0.037029,0.026837,0.043222,0.622538,0.024800,0.040736,0.108529,-1
[INFO ] 524999	Cold:0.017138,0.013555,0.027350,0.043210,0.558665,0.017555,0.031373,0.048594,-1
[INFO ] 527999	Whole:0.044481,0.037032,0.026874,0.043349,0.622871,0.024953,0.040923,0.109299,-1
[INFO ] 527999	Cold:0.017376,0.013701,0.027463,0.043665,0.559571,0.017608,0.031570,0.048889,-1
[INFO ] 530999	Whole:0.044243,0.036917,0.026472,0.043380,0.622433,0.024938,0.040854,0.108839,-1
[INFO ] 530999	Cold:0.017166,0.013534,0.026873,0.043645,0.558700,0.017825,0.031687,0.049264,-1
[INFO ] 533999	Whole:0.043976,0.036878,0.026543,0.043116,0.621960,0.024819,0.040669,0.108024,-1
[INFO ] 533999	Cold:0.017097,0.013485,0.027122,0.043332,0.558700,0.017735,0.031532,0.049174,-1
[INFO ] 536999	Whole:0.044067,0.037106,0.026296,0.043422,0.622398,0.024791,0.040697,0.108017,-1
[INFO ] 536999	Cold:0.016846,0.013534,0.026590,0.043711,0.558595,0.017599,0.031447,0.048509,-1
[INFO ] 539999	Whole:0.044418,0.036861,0.026676,0.043238,0.621855,0.024849,0.040675,0.108201,-1
[INFO ] 539999	Cold:0.017222,0.013645,0.027154,0.043890,0.558770,0.017669,0.031533,0.048234,-1
[INFO ] 542999	Whole:0.043983,0.036927,0.026044,0.043262,0.622486,0.024638,0.040528,0.107834,-1
[INFO ] 542999	Cold:0.016623,0.013617,0.026035,0.043422,0.558909,0.017250,0.031035,0.047414,-1
[INFO ] 545999	Whole:0.044299,0.036966,0.026402,0.043558,0.622766,0.024800,0.040747,0.108102,-1
[INFO ] 545999	Cold:0.016943,0.013757,0.026895,0.044249,0.559537,0.017572,0.031599,0.048301,-1
[INFO ] 548999	Whole:0.044530,0.036931,0.026588,0.043167,0.622013,0.024742,0.040606,0.107658,-1
[INFO ] 548999	Cold:0.017194,0.013548,0.026996,0.043389,0.558526,0.017505,0.031317,0.048188,-1
[INFO ] 551999	Whole:0.044327,0.037208,0.026584,0.043537,0.622451,0.024847,0.040740,0.107751,-1
[INFO ] 551999	Cold:0.016901,0.013764,0.026994,0.043957,0.559467,0.017519,0.031473,0.048044,-1
[INFO ] 554999  Whole:0.044677,0.037036,0.026634,0.043526,0.622416,0.024928,0.040850,0.108998,-1
[INFO ] 554999	Cold:0.017097,0.013680,0.026919,0.044173,0.559537,0.017562,0.031581,0.048547,-1
[INFO ] 557999	Whole:0.044152,0.037050,0.026370,0.043289,0.622381,0.024726,0.040658,0.108379,-1


[INFO ] Training: ...earch/ssh/epinion/train0.5_folder_1, Testing:: ...search/ssh/epinion/test0.5_folder_1.
[DEBUG] User amount: 34688, item amount: 93469
[DEBUG] Rate amount: 332412, scales: {1.0}
[DEBUG] User amount: 34688, item amount: 93469
[DEBUG] Rate amount: 268867, scales: {1.0}
[INFO ] AsyWalkRanker: 30,5.0E-4,0.25,0.25,100,1600,1,120,0.32,8
[INFO ] 1/1
[INFO ] 1/1
[INFO ] 1/1
[INFO ] 1/1
[INFO ] 401999	Whole:0.045519,0.037649,0.027240,0.043419,0.623169,0.025216,0.041238,0.110472,-1
[INFO ] 401999	Cold:0.016999,0.013345,0.027285,0.042373,0.557654,0.017193,0.030756,0.047703,-1
[INFO ] 404999	Whole:0.045427,0.037593,0.026979,0.042996,0.622643,0.025171,0.041002,0.110275,-1
[INFO ] 404999	Cold:0.016999,0.013185,0.026752,0.041804,0.557097,0.017045,0.030480,0.047425,-1
[INFO ] 407999	Whole:0.045547,0.037628,0.027351,0.043559,0.622837,0.025287,0.041329,0.110171,-1
[INFO ] 407999	Cold:0.017473,0.013464,0.027394,0.042867,0.558386,0.017544,0.031250,0.048515,-1
[INFO ] 410999	Whole:0.045533,0.037734,0.027005,0.043518,0.622854,0.025605,0.041604,0.111327,-1
[INFO ] 410999	Cold:0.016985,0.013436,0.026778,0.042726,0.558038,0.017831,0.031464,0.049011,-1
[INFO ] 413999	Whole:0.045491,0.038003,0.027197,0.044043,0.623660,0.025509,0.041684,0.110699,-1
[INFO ] 413999	Cold:0.017069,0.013541,0.027104,0.043261,0.558561,0.017630,0.031472,0.048908,-1
[INFO ] 416999	Whole:0.045420,0.037621,0.027057,0.043743,0.623064,0.025314,0.041416,0.110630,-1
[INFO ] 416999	Cold:0.016943,0.013478,0.026779,0.042986,0.558142,0.017529,0.031297,0.048767,-1
[INFO ] 419999	Whole:0.045610,0.037677,0.027025,0.043429,0.622976,0.025213,0.041207,0.110329,-1
[INFO ] 419999	Cold:0.017111,0.013499,0.026769,0.042493,0.558107,0.017286,0.030934,0.047720,-1
[INFO ] 422999	Whole:0.045210,0.037513,0.026668,0.043453,0.622504,0.025107,0.041070,0.109911,-1
[INFO ] 422999	Cold:0.016887,0.013443,0.026358,0.042863,0.558386,0.017302,0.031043,0.048038,-1
[INFO ] 425999	Whole:0.045505,0.037688,0.027276,0.043619,0.623029,0.025345,0.041342,0.110242,-1
[INFO ] 425999	Cold:0.017125,0.013457,0.027378,0.042686,0.558247,0.017603,0.031268,0.048574,-1
[INFO ] 428999	Whole:0.045687,0.037562,0.027438,0.043774,0.623240,0.025491,0.041519,0.110604,-1
[INFO ] 428999	Cold:0.017348,0.013603,0.027552,0.043507,0.558840,0.017895,0.031731,0.049125,-1
[INFO ] 431999	Whole:0.045939,0.037604,0.027363,0.043833,0.623152,0.025575,0.041612,0.111211,-1
[INFO ] 431999	Cold:0.017403,0.013603,0.027475,0.043470,0.559049,0.017847,0.031755,0.049388,-1
[INFO ] 434999	Whole:0.045967,0.037670,0.027620,0.043712,0.623292,0.025725,0.041690,0.111292,-1
[INFO ] 434999	Cold:0.017389,0.013499,0.027852,0.043198,0.558805,0.018092,0.031825,0.049426,-1
[INFO ] 437999	Whole:0.045533,0.037828,0.027480,0.044098,0.623800,0.025654,0.041821,0.111038,-1
[INFO ] 437999	Cold:0.017487,0.013694,0.027931,0.043767,0.559537,0.018081,0.032011,0.049603,-1
[INFO ] 440999	Whole:0.045897,0.037951,0.027445,0.044462,0.624518,0.025725,0.041935,0.111080,-1
[INFO ] 440999	Cold:0.017348,0.013861,0.027531,0.044485,0.560269,0.018176,0.032248,0.049462,-1
[INFO ] 443999	Whole:0.045918,0.037800,0.027532,0.044058,0.624168,0.025625,0.041790,0.111296,-1
[INFO ] 443999	Cold:0.017236,0.013778,0.027498,0.043824,0.559955,0.018010,0.031974,0.049364,-1
[INFO ] 446999	Whole:0.045841,0.037881,0.027591,0.044102,0.623993,0.025725,0.041880,0.111523,-1
[INFO ] 446999	Cold:0.017376,0.013687,0.027763,0.043660,0.559572,0.018195,0.032123,0.050050,-1
[INFO ] 449999	Whole:0.045329,0.037937,0.027104,0.044198,0.623905,0.025803,0.041965,0.111575,-1
[INFO ] 449999	Cold:0.017125,0.013820,0.027046,0.044022,0.559711,0.018387,0.032337,0.050012,-1
[INFO ] 452999	Whole:0.045266,0.037555,0.027333,0.044040,0.622872,0.025431,0.041489,0.110040,-1
[INFO ] 452999	Cold:0.017640,0.013659,0.027872,0.043881,0.559293,0.018027,0.031984,0.049553,-1
[INFO ] 455999	Whole:0.045441,0.037681,0.027228,0.043937,0.623292,0.025569,0.041576,0.110857,-1
[INFO ] 455999	Cold:0.017111,0.013673,0.027129,0.043786,0.559537,0.017954,0.031850,0.049140,-1
[INFO ] 458999	Whole:0.045764,0.037705,0.027322,0.043758,0.623152,0.025532,0.041528,0.110725,-1
[INFO ] 458999	Cold:0.017069,0.013569,0.027256,0.043358,0.558770,0.017877,0.031640,0.048768,-1
[INFO ] 461999	Whole:0.045582,0.037663,0.027423,0.044170,0.623923,0.025681,0.041772,0.110766,-1
[INFO ] 461999	Cold:0.017152,0.013687,0.027323,0.044149,0.559885,0.018185,0.032138,0.049462,-1
[INFO ] 464999	Whole:0.045098,0.037576,0.027111,0.043838,0.623327,0.025316,0.041334,0.109860,-1
[INFO ] 464999	Cold:0.017083,0.013589,0.027218,0.043625,0.559432,0.017706,0.031650,0.049123,-1
[INFO ] 467999	Whole:0.045329,0.037705,0.027340,0.044274,0.624098,0.025470,0.041612,0.110449,-1
[INFO ] 467999	Cold:0.017222,0.013813,0.027609,0.044547,0.559920,0.017960,0.032050,0.049166,-1
[INFO ] 470999	Whole:0.044986,0.037618,0.027037,0.044211,0.623450,0.025391,0.041529,0.110148,-1
[INFO ] 470999	Cold:0.017194,0.013785,0.027379,0.044673,0.560094,0.017993,0.032117,0.049451,-1
[INFO ] 473999	Whole:0.045287,0.037965,0.027158,0.044486,0.624115,0.025572,0.041802,0.110627,-1
[INFO ] 473999	Cold:0.017194,0.013903,0.027284,0.044695,0.560443,0.018095,0.032269,0.049661,-1
[INFO ] 476999	Whole:0.045378,0.037467,0.027101,0.043898,0.623116,0.025476,0.041469,0.110354,-1
[INFO ] 476999	Cold:0.017208,0.013680,0.027071,0.043945,0.559432,0.018132,0.032080,0.049711,-1
[INFO ] 479999	Whole:0.045547,0.037530,0.027570,0.044206,0.623257,0.025468,0.041545,0.110009,-1
[INFO ] 479999	Cold:0.017487,0.013764,0.027894,0.044443,0.559955,0.018162,0.032272,0.049763,-1
[INFO ] 482999	Whole:0.045561,0.037401,0.027886,0.043992,0.622977,0.025559,0.041563,0.110415,-1
[INFO ] 482999	Cold:0.017710,0.013729,0.028613,0.044239,0.559362,0.018309,0.032348,0.050050,-1
[INFO ] 485999	Whole:0.045434,0.037418,0.027534,0.044091,0.622959,0.025667,0.041657,0.110589,-1
[INFO ] 485999	Cold:0.017334,0.013603,0.028190,0.044409,0.559293,0.018293,0.032279,0.049617,-1
[INFO ] 488999	Whole:0.045098,0.037611,0.027468,0.044086,0.623047,0.025467,0.041526,0.110059,-1
[INFO ] 488999	Cold:0.017445,0.013701,0.028098,0.044228,0.559362,0.018059,0.032064,0.049186,-1
[INFO ] 491999	Whole:0.045231,0.037509,0.027658,0.044262,0.623047,0.025525,0.041617,0.110442,-1
[INFO ] 491999	Cold:0.017501,0.013694,0.028335,0.044717,0.559432,0.018233,0.032371,0.049921,-1
[INFO ] 494999	Whole:0.045217,0.037639,0.027181,0.044141,0.623239,0.025438,0.041483,0.110051,-1
[INFO ] 494999	Cold:0.017097,0.013694,0.027392,0.044364,0.559293,0.018065,0.032067,0.049249,-1
[INFO ] 497999	Whole:0.045336,0.037737,0.027315,0.044229,0.623397,0.025334,0.041483,0.110432,-1
[INFO ] 497999	Cold:0.017222,0.013771,0.027634,0.044411,0.559850,0.017681,0.031804,0.048717,-1




