[INFO ] Training: ...research/ssh/yelp/train0.2_folder_1, Testing:: .../research/ssh/yelp/test0.2_folder_1.
[DEBUG] User amount: 16821, item amount: 14476
[DEBUG] Rate amount: 196088, scales: {1.0}
[DEBUG] User amount: 16821, item amount: 14476
[DEBUG] Rate amount: 48428, scales: {1.0}
[INFO ] AsyWalkRanker: 30,5.0E-4,0.35,0.35,100,1,100,0.4,10
[INFO ] 1/1
[INFO ] 1/1
[INFO ] 1/1
[INFO ] 1/1
[INFO ] 1/1
[INFO ] 1/1
[INFO ] 1/1
[INFO ] 200999	Whole:0.021436,0.017979,0.031222,0.051433,0.573143,0.020582,0.035274,0.057614,-1
[INFO ] 200999	Cold:0.008853,0.007299,0.027471,0.045537,0.535287,0.016250,0.025831,0.025422,-1
[INFO ] 203999	Whole:0.021602,0.018229,0.031322,0.052489,0.574128,0.021036,0.035981,0.058108,-1
[INFO ] 203999	Cold:0.008751,0.007552,0.027161,0.046720,0.536047,0.016786,0.026570,0.026000,-1
[INFO ] 206999	Whole:0.021936,0.018548,0.032000,0.053289,0.574885,0.021129,0.036279,0.058364,-1
[INFO ] 206999	Cold:0.008988,0.007636,0.027654,0.047021,0.536553,0.016555,0.026506,0.025866,-1
[INFO ] 209999	Whole:0.021921,0.018313,0.032000,0.052482,0.574280,0.021096,0.036126,0.058496,-1
[INFO ] 209999	Cold:0.009258,0.007603,0.028344,0.046086,0.536384,0.016328,0.026236,0.025962,-1
[INFO ] 212999	Whole:0.021693,0.018517,0.031301,0.053135,0.574810,0.021545,0.036710,0.060007,-1
[INFO ] 212999	Cold:0.008583,0.007738,0.026528,0.046905,0.537058,0.016622,0.026547,0.026146,-1
[INFO ] 215999	Whole:0.022466,0.018487,0.031885,0.053749,0.574698,0.021743,0.037021,0.060273,-1
[INFO ] 215999	Cold:0.008819,0.007738,0.026483,0.047349,0.537312,0.016554,0.026702,0.026648,-1
[INFO ] 218999	Whole:0.022406,0.018843,0.032169,0.054227,0.576058,0.021881,0.037281,0.060441,-1
[INFO ] 218999	Cold:0.008920,0.007856,0.027046,0.047693,0.537734,0.017003,0.027169,0.027066,-1
[INFO ] 1/1
[INFO ] 221999	Whole:0.022557,0.018881,0.032862,0.054740,0.576323,0.022204,0.037723,0.061296,-1
[INFO ] 221999	Cold:0.009529,0.007974,0.028639,0.048892,0.538072,0.017068,0.027492,0.027117,-1
[INFO ] 224999	Whole:0.023088,0.019404,0.034000,0.056024,0.578215,0.022802,0.038679,0.062321,-1
[INFO ] 224999	Cold:0.009495,0.008262,0.028816,0.050241,0.539675,0.017661,0.028377,0.028059,-1
[INFO ] 227999	Whole:0.023088,0.019427,0.033274,0.055708,0.577572,0.022490,0.038295,0.061755,-1
[INFO ] 227999	Cold:0.009191,0.008093,0.027919,0.049016,0.538747,0.017203,0.027643,0.027129,-1
[INFO ] 230999	Whole:0.023361,0.019442,0.033816,0.055887,0.577651,0.022688,0.038571,0.062015,-1
[INFO ] 230999	Cold:0.009630,0.008312,0.029008,0.050126,0.539844,0.017122,0.027915,0.027240,-1
[INFO ] 233999	Whole:0.023619,0.019647,0.034441,0.056529,0.578179,0.023347,0.039279,0.063113,-1
[INFO ] 233999	Cold:0.009596,0.008245,0.029442,0.050783,0.539592,0.018313,0.029000,0.028698,-1
[INFO ] 236999	Whole:0.023528,0.019450,0.034426,0.056272,0.577801,0.022782,0.038728,0.062181,-1
[INFO ] 236999	Cold:0.009765,0.008346,0.029810,0.051694,0.540351,0.017781,0.028791,0.028269,-1
[INFO ] 239999	Whole:0.023497,0.019738,0.034061,0.057689,0.579239,0.023048,0.039326,0.062883,-1
[INFO ] 239999	Cold:0.009596,0.008380,0.029110,0.052246,0.540435,0.017848,0.028944,0.028117,-1
[INFO ] 242999	Whole:0.023133,0.019480,0.033985,0.057100,0.578557,0.023020,0.039050,0.062384,-1
[INFO ] 242999	Cold:0.009630,0.008447,0.030030,0.052533,0.540604,0.017949,0.029008,0.027766,-1
[INFO ] 245999	Whole:0.023467,0.019912,0.034285,0.058587,0.580146,0.023782,0.040085,0.063626,-1
[INFO ] 245999	Cold:0.009529,0.008701,0.029555,0.053987,0.541870,0.019020,0.030301,0.029543,-1
[INFO ] 248999	Whole:0.023891,0.019995,0.035267,0.057876,0.579580,0.023710,0.040015,0.064412,-1
[INFO ] 248999	Cold:0.009968,0.008616,0.030813,0.053200,0.541448,0.018673,0.029906,0.029245,-1
[INFO ] 1/1
[INFO ] 251999	Whole:0.023710,0.020033,0.035327,0.058509,0.580261,0.024137,0.040482,0.064547,-1
[INFO ] 251999	Cold:0.009833,0.008667,0.030546,0.053651,0.541617,0.019198,0.030347,0.029368,-1
[INFO ] 254999	Whole:0.023891,0.020344,0.034629,0.058531,0.581736,0.023919,0.040482,0.064902,-1
[INFO ] 254999	Cold:0.009698,0.008735,0.029007,0.052908,0.542123,0.018495,0.029805,0.029404,-1
[INFO ] 257999	Whole:0.024528,0.020299,0.035836,0.059287,0.581132,0.024152,0.040836,0.065502,-1
[INFO ] 257999	Cold:0.010340,0.008785,0.031206,0.053856,0.542292,0.018298,0.029840,0.029016,-1
[INFO ] 260999	Whole:0.023831,0.020640,0.035159,0.060260,0.581965,0.024410,0.041315,0.065348,-1
[INFO ] 260999	Cold:0.009968,0.009106,0.030075,0.055219,0.543557,0.018621,0.030393,0.028923,-1
[INFO ] 263999	Whole:0.024043,0.020390,0.035234,0.059721,0.581511,0.024390,0.041150,0.065853,-1
[INFO ] 263999	Cold:0.010204,0.008887,0.030542,0.054144,0.542714,0.019084,0.030548,0.029764,-1
[INFO ] 266999	Whole:0.024437,0.020602,0.035765,0.060818,0.582192,0.024872,0.041793,0.066643,-1
[INFO ] 266999	Cold:0.010002,0.008971,0.030246,0.055180,0.543136,0.018889,0.030526,0.029134,-1
[INFO ] 269999	Whole:0.024240,0.020609,0.035568,0.060014,0.581662,0.024654,0.041472,0.066109,-1
[INFO ] 269999	Cold:0.009765,0.008988,0.029971,0.054804,0.543051,0.018882,0.030494,0.029396,-1
[INFO ] 272999	Whole:0.024179,0.020609,0.035528,0.059786,0.581889,0.024585,0.041312,0.065436,-1
[INFO ] 272999	Cold:0.010171,0.008904,0.030851,0.053876,0.542714,0.019026,0.030405,0.029510,-1
[INFO ] 275999	Whole:0.024286,0.020913,0.035809,0.061723,0.583403,0.025209,0.042402,0.067116,-1
[INFO ] 275999	Cold:0.009968,0.009106,0.030578,0.055675,0.543642,0.019276,0.031065,0.030171,-1
[INFO ] 278999	Whole:0.023937,0.021057,0.035480,0.061723,0.583630,0.024738,0.041981,0.065795,-1
[INFO ] 278999	Cold:0.009934,0.009208,0.030526,0.056279,0.544065,0.019493,0.031390,0.030248,-1
[INFO ] 1/1
[INFO ] 281999	Whole:0.024756,0.021201,0.035739,0.062343,0.583743,0.025484,0.042748,0.067414,-1
[INFO ] 281999	Cold:0.010035,0.009258,0.030512,0.056703,0.544317,0.019817,0.031669,0.030514,-1
[INFO ] 284999	Whole:0.025089,0.021170,0.037155,0.062037,0.583820,0.025490,0.042779,0.068099,-1
[INFO ] 284999	Cold:0.010069,0.009208,0.031151,0.056146,0.544402,0.019489,0.031349,0.030158,-1
[INFO ] 287999	Whole:0.025195,0.021352,0.037736,0.063237,0.584237,0.025833,0.043293,0.067793,-1
[INFO ] 287999	Cold:0.010509,0.009309,0.032035,0.058044,0.544909,0.020304,0.032405,0.031176,-1
[INFO ] 290999	Whole:0.024983,0.021420,0.036921,0.062413,0.584463,0.025758,0.043143,0.068555,-1
[INFO ] 290999	Cold:0.010407,0.009326,0.031472,0.056727,0.544909,0.019826,0.031853,0.031203,-1
[INFO ] 293999	Whole:0.025210,0.021739,0.037376,0.064345,0.586091,0.026297,0.044095,0.069229,-1
[INFO ] 293999	Cold:0.010711,0.009833,0.032219,0.059751,0.547018,0.020850,0.033423,0.032428,-1
[INFO ] 296999	Whole:0.025498,0.021557,0.037793,0.063056,0.585071,0.026350,0.043927,0.069651,-1
[INFO ] 296999	Cold:0.010914,0.009731,0.032689,0.058653,0.546597,0.020687,0.033154,0.032472,-1
[INFO ] 299999	Whole:0.025514,0.021792,0.037965,0.064346,0.586055,0.026341,0.044198,0.069018,-1
[INFO ] 299999	Cold:0.010509,0.009714,0.032442,0.059464,0.546597,0.020547,0.033124,0.031943,-1
[INFO ] 302999	Whole:0.025817,0.021602,0.038554,0.064303,0.585450,0.026604,0.044418,0.070371,-1
[INFO ] 302999	Cold:0.010779,0.009698,0.033296,0.059484,0.546513,0.020407,0.033034,0.031933,-1
[INFO ] 305999	Whole:0.025877,0.021602,0.038163,0.063447,0.584995,0.026314,0.043961,0.070285,-1
[INFO ] 305999	Cold:0.010509,0.009579,0.032197,0.058583,0.546259,0.020195,0.032561,0.031317,-1
[INFO ] 308999	Whole:0.025756,0.021792,0.038390,0.064197,0.585827,0.026968,0.044610,0.070124,-1
[INFO ] 308999	Cold:0.011319,0.009714,0.034301,0.059312,0.546851,0.021533,0.033934,0.033266,-1
[INFO ] 311999	Whole:0.026044,0.021898,0.038962,0.064542,0.586281,0.026851,0.044620,0.070229,-1
[INFO ] 311999	Cold:0.011218,0.009900,0.034224,0.060427,0.547525,0.021353,0.033993,0.032811,-1
[INFO ] 1/1
[INFO ] 314999	Whole:0.026135,0.022247,0.039088,0.065832,0.587796,0.027599,0.045716,0.071817,-1
[INFO ] 314999	Cold:0.011488,0.010002,0.034706,0.060714,0.548201,0.021516,0.034351,0.033602,-1
[INFO ] 317999	Whole:0.026347,0.021989,0.039147,0.063846,0.587076,0.026526,0.044337,0.069786,-1
[INFO ] 317999	Cold:0.011049,0.009647,0.033200,0.057677,0.546343,0.020199,0.032530,0.031653,-1
[INFO ] 320999	Whole:0.026453,0.021890,0.039792,0.064093,0.586471,0.027332,0.045085,0.071925,-1
[INFO ] 320999	Cold:0.011184,0.009630,0.034473,0.058349,0.546260,0.021821,0.033953,0.033627,-1
[INFO ] 323999	Whole:0.026590,0.022080,0.039597,0.065407,0.587607,0.027082,0.045170,0.071034,-1
[INFO ] 323999	Cold:0.011151,0.009968,0.034481,0.061652,0.548286,0.021695,0.034574,0.033371,-1
[INFO ] 326999	Whole:0.026408,0.022353,0.039921,0.065976,0.588212,0.027963,0.046042,0.072558,-1
[INFO ] 326999	Cold:0.011387,0.010069,0.035392,0.061593,0.548454,0.022427,0.035212,0.034529,-1
[INFO ] 329999	Whole:0.026484,0.022277,0.039720,0.066611,0.588099,0.027632,0.045898,0.071919,-1
[INFO ] 329999	Cold:0.011556,0.010086,0.035051,0.062387,0.548623,0.022116,0.035133,0.034261,-1
[INFO ] 332999	Whole:0.025983,0.022391,0.039242,0.067233,0.588062,0.027998,0.046248,0.071434,-1
[INFO ] 332999	Cold:0.011387,0.010306,0.034471,0.063091,0.549636,0.022639,0.035759,0.034690,-1
[INFO ] 335999	Whole:0.026544,0.022330,0.040550,0.066416,0.588289,0.028315,0.046429,0.072525,-1
[INFO ] 335999	Cold:0.011657,0.010204,0.036401,0.062595,0.549215,0.023006,0.035954,0.035147,-1
[INFO ] 338999	Whole:0.027136,0.022247,0.040949,0.066379,0.588251,0.028025,0.046219,0.073124,-1
[INFO ] 338999	Cold:0.011894,0.010035,0.036306,0.061078,0.548708,0.022697,0.035411,0.035185,-1
[INFO ] 341999	Whole:0.026802,0.022133,0.040066,0.065369,0.587607,0.027341,0.045402,0.071900,-1
[INFO ] 341999	Cold:0.011522,0.009833,0.034688,0.060336,0.547526,0.021592,0.034253,0.033489,-1
[INFO ] 1/1
[INFO ] 344999	Whole:0.026302,0.022095,0.040247,0.066482,0.587798,0.027873,0.046112,0.072752,-1
[INFO ] 344999	Cold:0.011894,0.010272,0.036654,0.063102,0.549552,0.022358,0.035620,0.034725,-1
[INFO ] 347999	Whole:0.026362,0.022171,0.039973,0.065748,0.587834,0.027074,0.045268,0.070804,-1
[INFO ] 347999	Cold:0.011759,0.010086,0.036494,0.061562,0.548624,0.021618,0.034679,0.033746,-1
[INFO ] 350999	Whole:0.026362,0.022330,0.039110,0.066669,0.588363,0.027272,0.045654,0.071992,-1
[INFO ] 350999	Cold:0.011421,0.010306,0.034795,0.062176,0.549551,0.021995,0.035150,0.034465,-1
[INFO ] 353999	Whole:0.026650,0.022201,0.039703,0.066059,0.588024,0.027738,0.045961,0.072868,-1
[INFO ] 353999	Cold:0.011455,0.010356,0.035018,0.062517,0.549720,0.022544,0.035664,0.034952,-1
[INFO ] 356999	Whole:0.026878,0.022648,0.041229,0.067317,0.589500,0.027880,0.046378,0.072146,-1
[INFO ] 356999	Cold:0.011691,0.010390,0.036521,0.062885,0.550058,0.022259,0.035490,0.034154,-1
[INFO ] 359999	Whole:0.027196,0.022444,0.041141,0.066503,0.588214,0.027883,0.046122,0.072385,-1
[INFO ] 359999	Cold:0.012130,0.010356,0.037553,0.063841,0.550059,0.022766,0.036036,0.034555,-1
[INFO ] 362999	Whole:0.027120,0.022535,0.040997,0.067450,0.589539,0.028226,0.046681,0.072970,-1
[INFO ] 362999	Cold:0.011961,0.010694,0.036514,0.064972,0.551324,0.023508,0.037038,0.036081,-1
[INFO ] 365999	Whole:0.026726,0.022466,0.040740,0.067460,0.588517,0.027621,0.046086,0.071225,-1
[INFO ] 365999	Cold:0.012401,0.010525,0.037778,0.064307,0.550313,0.022866,0.036353,0.035170,-1
[INFO ] 368999	Whole:0.026999,0.022535,0.040929,0.067024,0.589501,0.027960,0.046421,0.072277,-1
[INFO ] 368999	Cold:0.012536,0.010492,0.038630,0.063092,0.550312,0.022998,0.036279,0.035511,-1
[INFO ] 371999	Whole:0.027333,0.022595,0.041735,0.067253,0.589123,0.027946,0.046448,0.072524,-1
[INFO ] 371999	Cold:0.012536,0.010492,0.038478,0.064171,0.550650,0.022843,0.036318,0.035090,-1
[INFO ] 374999	Whole:0.026999,0.022603,0.041523,0.067049,0.588631,0.027862,0.046386,0.073109,-1
[INFO ] 374999	Cold:0.012468,0.010356,0.038461,0.062629,0.549806,0.022307,0.035554,0.034495,-1
[INFO ] 1/1
[INFO ] 377999	Whole:0.027166,0.022595,0.041216,0.068242,0.589615,0.027877,0.046588,0.071916,-1
[INFO ] 377999	Cold:0.012603,0.010694,0.038281,0.065318,0.551662,0.023061,0.036808,0.035633,-1
[INFO ] 380999	Whole:0.027151,0.022595,0.040643,0.067303,0.589502,0.028607,0.047050,0.074023,-1
[INFO ] 380999	Cold:0.012198,0.010559,0.037336,0.064240,0.550903,0.023931,0.037245,0.036778,-1
[INFO ] 383999	Whole:0.027454,0.022997,0.041197,0.069082,0.590561,0.028346,0.047199,0.073257,-1
[INFO ] 383999	Cold:0.012029,0.010694,0.037212,0.065307,0.551493,0.023908,0.037379,0.036398,-1
[INFO ] 386999	Whole:0.027909,0.022868,0.041375,0.067720,0.589992,0.028211,0.046820,0.073165,-1
[INFO ] 386999	Cold:0.012266,0.010340,0.036848,0.063012,0.549722,0.023038,0.036188,0.035637,-1
[INFO ] 389999	Whole:0.027651,0.022648,0.041610,0.066523,0.589009,0.028119,0.046442,0.072875,-1
[INFO ] 389999	Cold:0.012164,0.010356,0.037017,0.062356,0.550059,0.022890,0.035981,0.035589,-1
[INFO ] 392999	Whole:0.027393,0.022754,0.042383,0.068180,0.590258,0.028910,0.047487,0.074400,-1
[INFO ] 392999	Cold:0.012671,0.010509,0.039193,0.064316,0.550904,0.024096,0.037394,0.036945,-1
[INFO ] 395999	Whole:0.027621,0.022603,0.041775,0.067226,0.589426,0.028363,0.046776,0.073361,-1
[INFO ] 395999	Cold:0.012772,0.010458,0.038951,0.063778,0.550228,0.023903,0.037127,0.036851,-1
[INFO ] 398999	Whole:0.027348,0.022853,0.041806,0.068709,0.590561,0.028506,0.047274,0.073400,-1
[INFO ] 398999	Cold:0.012637,0.010779,0.038599,0.064826,0.551831,0.023675,0.037317,0.036878,-1
[INFO ] 401999	Whole:0.027560,0.022520,0.041980,0.066743,0.589651,0.027973,0.046393,0.072753,-1
[INFO ] 401999	Cold:0.012941,0.010323,0.039323,0.062167,0.549806,0.023031,0.036121,0.035928,-1
[INFO ] 404999	Whole:0.027348,0.022739,0.041965,0.068955,0.590523,0.028048,0.046996,0.072684,-1
[INFO ] 404999	Cold:0.013077,0.010576,0.039438,0.065355,0.551073,0.024144,0.037700,0.037328,-1
[INFO ] 1/1
[INFO ] 407999	Whole:0.027136,0.022762,0.041542,0.068171,0.590447,0.028256,0.046993,0.073507,-1
[INFO ] 407999	Cold:0.012401,0.010475,0.038308,0.064122,0.550650,0.023719,0.037036,0.036699,-1
[INFO ] 410999	Whole:0.027424,0.022785,0.041712,0.068958,0.590637,0.028344,0.047229,0.073669,-1
[INFO ] 410999	Cold:0.012671,0.010728,0.038592,0.065346,0.551832,0.023940,0.037637,0.037321,-1
[INFO ] 413999	Whole:0.027090,0.022883,0.041408,0.068071,0.590635,0.028116,0.046929,0.073785,-1
[INFO ] 413999	Cold:0.012401,0.010509,0.038054,0.063108,0.550565,0.022906,0.036262,0.035785,-1
[INFO ] 416999	Whole:0.027560,0.022732,0.041510,0.067328,0.590144,0.028386,0.046882,0.073793,-1
[INFO ] 416999	Cold:0.012401,0.010424,0.038505,0.062700,0.550228,0.023546,0.036653,0.036534,-1
[INFO ] 419999	Whole:0.027211,0.022770,0.041538,0.068092,0.589955,0.028345,0.047081,0.073606,-1
[INFO ] 419999	Cold:0.012570,0.010694,0.038564,0.065263,0.551832,0.024109,0.037755,0.037531,-1
[INFO ] 422999	Whole:0.026575,0.022777,0.040399,0.068785,0.589955,0.028465,0.047211,0.073000,-1
[INFO ] 422999	Cold:0.012536,0.010677,0.038508,0.066283,0.551494,0.024451,0.038098,0.037491,-1
[INFO ] 425999	Whole:0.027424,0.022686,0.041807,0.067871,0.589842,0.028182,0.046895,0.073292,-1
[INFO ] 425999	Cold:0.012806,0.010627,0.038986,0.065064,0.551072,0.023657,0.037305,0.036814,-1
[INFO ] 428999	Whole:0.027257,0.022588,0.041381,0.067635,0.589351,0.028291,0.046818,0.072804,-1
[INFO ] 428999	Cold:0.012705,0.010593,0.039349,0.065251,0.551241,0.024109,0.037659,0.037228,-1
[INFO ] 431999	Whole:0.027075,0.022717,0.040948,0.068883,0.589728,0.028259,0.047035,0.072937,-1
[INFO ] 431999	Cold:0.012333,0.010711,0.037979,0.066085,0.551747,0.023207,0.037145,0.036136,-1
[INFO ] 434999	Whole:0.026954,0.023058,0.041307,0.068558,0.591052,0.028312,0.047171,0.073806,-1
[INFO ] 434999	Cold:0.012333,0.010644,0.038724,0.065044,0.551662,0.023514,0.037182,0.036701,-1
[INFO ] 437999	Whole:0.026696,0.022785,0.040635,0.067779,0.590218,0.028113,0.046737,0.072983,-1
[INFO ] 437999	Cold:0.012164,0.010610,0.037711,0.064826,0.551494,0.023725,0.037316,0.037215,-1
[INFO ] 1/1
[INFO ] 440999	Whole:0.027302,0.023073,0.041347,0.069210,0.591696,0.028236,0.047280,0.073265,-1
[INFO ] 440999	Cold:0.012333,0.010694,0.038430,0.065715,0.551578,0.023550,0.037283,0.036315,-1
[INFO ] 443999	Whole:0.027424,0.022626,0.041375,0.067298,0.588783,0.027751,0.046333,0.072403,-1
[INFO ] 443999	Cold:0.012603,0.010424,0.038274,0.064081,0.550145,0.023609,0.036950,0.036421,-1
[INFO ] 446999	Whole:0.027621,0.023058,0.041507,0.068793,0.590900,0.028382,0.047207,0.073540,-1
[INFO ] 446999	Cold:0.012637,0.010728,0.038544,0.066004,0.551832,0.023998,0.037787,0.037432,-1
[INFO ] 449999	Whole:0.027484,0.023058,0.041619,0.070020,0.591508,0.028430,0.047617,0.073833,-1
[INFO ] 449999	Cold:0.012198,0.010948,0.037737,0.066957,0.552928,0.023896,0.037969,0.037487,-1
[INFO ] 452999	Whole:0.027408,0.022906,0.041512,0.068966,0.590902,0.027961,0.047031,0.073354,-1
[INFO ] 452999	Cold:0.012637,0.010796,0.038747,0.066008,0.552169,0.023892,0.037717,0.037120,-1
[INFO ] 455999	Whole:0.027393,0.023187,0.041799,0.069196,0.591431,0.028612,0.047600,0.073712,-1
[INFO ] 455999	Cold:0.012705,0.010813,0.039428,0.066270,0.552339,0.024792,0.038585,0.038516,-1
[INFO ] 458999	Whole:0.027227,0.022732,0.040935,0.067271,0.590294,0.028242,0.046814,0.074020,-1
[INFO ] 458999	Cold:0.012502,0.010458,0.037724,0.064015,0.550313,0.023906,0.037239,0.037330,-1
[INFO ] 461999	Whole:0.026863,0.022989,0.040319,0.069110,0.591166,0.028295,0.047277,0.073989,-1
[INFO ] 461999	Cold:0.012435,0.010948,0.038246,0.066875,0.552928,0.024014,0.038019,0.037154,-1
[INFO ] 464999	Whole:0.027560,0.022717,0.042274,0.067916,0.590295,0.028144,0.046824,0.072942,-1
[INFO ] 464999	Cold:0.012941,0.010644,0.040259,0.065289,0.551579,0.024573,0.038055,0.037761,-1
[INFO ] 467999	Whole:0.026817,0.022853,0.041181,0.069018,0.590145,0.028477,0.047288,0.073043,-1
[INFO ] 467999	Cold:0.012739,0.010779,0.039837,0.066447,0.552001,0.025065,0.038778,0.038763,-1
[INFO ] 1/1
[INFO ] 470999	Whole:0.027227,0.022694,0.040952,0.067595,0.590106,0.028290,0.046953,0.073618,-1
[INFO ] 470999	Cold:0.012570,0.010694,0.038161,0.065153,0.551917,0.024319,0.037953,0.037956,-1
[INFO ] 473999	Whole:0.027712,0.022974,0.042387,0.069104,0.590675,0.028636,0.047547,0.073959,-1
[INFO ] 473999	Cold:0.012874,0.010880,0.040248,0.067006,0.552676,0.024811,0.038695,0.038080,-1
[INFO ] 476999	Whole:0.027348,0.022914,0.041522,0.067784,0.590408,0.028079,0.046777,0.072795,-1
[INFO ] 476999	Cold:0.012468,0.010644,0.038232,0.065065,0.551494,0.024059,0.037593,0.037186,-1
[INFO ] 479999	Whole:0.027060,0.022610,0.041078,0.067906,0.589993,0.027715,0.046418,0.072830,-1
[INFO ] 479999	Cold:0.012637,0.010728,0.039273,0.065908,0.551831,0.023589,0.037416,0.036768,-1
[INFO ] 482999	Whole:0.027454,0.022451,0.041553,0.067081,0.589048,0.028112,0.046532,0.072858,-1
[INFO ] 482999	Cold:0.012739,0.010424,0.039158,0.063498,0.550229,0.023817,0.037038,0.036839,-1
[INFO ] 485999	Whole:0.027393,0.022656,0.041401,0.067922,0.589766,0.028024,0.046804,0.073509,-1
[INFO ] 485999	Cold:0.012739,0.010711,0.038679,0.065196,0.551410,0.023486,0.037207,0.036613,-1
[INFO ] 488999	Whole:0.027227,0.022777,0.041755,0.068230,0.590258,0.027972,0.046791,0.073068,-1
[INFO ] 488999	Cold:0.012806,0.010677,0.039240,0.065518,0.551410,0.023940,0.037585,0.036978,-1
[INFO ] 491999	Whole:0.026954,0.022747,0.041107,0.068288,0.590295,0.028161,0.046924,0.073113,-1
[INFO ] 491999	Cold:0.013144,0.010576,0.040355,0.064902,0.551326,0.024119,0.037680,0.037640,-1
[INFO ] 494999	Whole:0.027590,0.022952,0.040885,0.068133,0.590862,0.027853,0.046706,0.073193,-1
[INFO ] 494999	Cold:0.012705,0.010559,0.038313,0.064157,0.550819,0.023383,0.036881,0.036446,-1
[INFO ] 497999	Whole:0.027090,0.022679,0.040876,0.067745,0.590182,0.027671,0.046470,0.072838,-1
[INFO ] 497999	Cold:0.012772,0.010644,0.039048,0.064804,0.551494,0.023861,0.037482,0.037454,-1
[INFO ] 1/1
[INFO ] 500999	Whole:0.027257,0.023027,0.041704,0.069728,0.590940,0.028579,0.047621,0.073825,-1
[INFO ] 500999	Cold:0.012874,0.010813,0.039648,0.066767,0.551748,0.024845,0.038588,0.038030,-1
[INFO ] 503999	Whole:0.027287,0.022921,0.041858,0.068051,0.590258,0.028231,0.047005,0.073466,-1
[INFO ] 503999	Cold:0.012840,0.010948,0.039837,0.066647,0.552507,0.024397,0.038341,0.037916,-1
[INFO ] 506999	Whole:0.027136,0.022876,0.040803,0.067817,0.590296,0.027952,0.046763,0.073289,-1
[INFO ] 506999	Cold:0.012266,0.010542,0.037403,0.064082,0.550819,0.023440,0.036885,0.036515,-1
[INFO ] 509999	Whole:0.027075,0.022588,0.041177,0.066700,0.589464,0.028568,0.046977,0.073881,-1
[INFO ] 509999	Cold:0.012941,0.010424,0.039510,0.062838,0.550229,0.024178,0.037302,0.037681,-1
[INFO ] 512999	Whole:0.027454,0.022739,0.041805,0.068091,0.589956,0.028871,0.047605,0.074911,-1
[INFO ] 512999	Cold:0.012874,0.010525,0.039856,0.064878,0.550820,0.024442,0.037878,0.037848,-1
[INFO ] 515999	Whole:0.027227,0.022762,0.041730,0.068442,0.590674,0.028290,0.047095,0.073354,-1
[INFO ] 515999	Cold:0.012908,0.010830,0.040349,0.066073,0.551747,0.024119,0.037874,0.037012,-1
[INFO ] 518999	Whole:0.027318,0.022641,0.041722,0.066753,0.589727,0.027902,0.046340,0.072817,-1
[INFO ] 518999	Cold:0.012536,0.010525,0.039165,0.063432,0.550482,0.023825,0.037049,0.036709,-1
[INFO ] 521999	Whole:0.026984,0.022717,0.041181,0.067465,0.590370,0.027681,0.046360,0.072151,-1
[INFO ] 521999	Cold:0.012705,0.010796,0.039355,0.065175,0.551916,0.024086,0.037779,0.037641,-1
[INFO ] 524999	Whole:0.027484,0.022626,0.041644,0.067689,0.590294,0.027954,0.046625,0.073133,-1
[INFO ] 524999	Cold:0.012874,0.010593,0.039589,0.063881,0.550735,0.023690,0.037077,0.036686,-1
[INFO ] 527999	Whole:0.027621,0.022527,0.042629,0.067623,0.589577,0.028374,0.046924,0.073767,-1
[INFO ] 527999	Cold:0.013077,0.010576,0.040355,0.064179,0.550988,0.024221,0.037579,0.037611,-1
[INFO ] 530999	Whole:0.026999,0.022929,0.040619,0.067938,0.590522,0.028109,0.046856,0.073300,-1
[INFO ] 530999	Cold:0.012367,0.010542,0.037911,0.063944,0.550734,0.023291,0.036778,0.036743,-1
[INFO ] 1/1
[INFO ] 533999	Whole:0.027272,0.022815,0.041408,0.068291,0.590106,0.028152,0.046874,0.072862,-1
[INFO ] 533999	Cold:0.012435,0.010525,0.038088,0.064342,0.550819,0.023848,0.037182,0.036608,-1
[INFO ] 536999	Whole:0.027287,0.022792,0.040958,0.067688,0.590560,0.027872,0.046608,0.073002,-1
[INFO ] 536999	Cold:0.012570,0.010559,0.037614,0.064127,0.550988,0.023395,0.036841,0.036392,-1
[INFO ] 539999	Whole:0.026969,0.022770,0.041013,0.067688,0.590068,0.028256,0.046875,0.073317,-1
[INFO ] 539999	Cold:0.012502,0.010627,0.038392,0.064299,0.551072,0.024476,0.037825,0.038130,-1
[INFO ] 542999	Whole:0.027045,0.022717,0.040764,0.067499,0.589615,0.027646,0.046333,0.072506,-1
[INFO ] 542999	Cold:0.012164,0.010407,0.037401,0.063298,0.549975,0.023097,0.036395,0.035829,-1
[INFO ] 545999	Whole:0.027363,0.022641,0.040766,0.066716,0.589387,0.028200,0.046614,0.073192,-1
[INFO ] 545999	Cold:0.012502,0.010289,0.037408,0.062122,0.549300,0.023477,0.036458,0.036845,-1
[INFO ] 548999	Whole:0.027181,0.022671,0.041005,0.067470,0.589766,0.028023,0.046629,0.073341,-1
[INFO ] 548999	Cold:0.012435,0.010407,0.038146,0.063530,0.550060,0.023785,0.037037,0.037230,-1
[INFO ] 551999	Whole:0.027439,0.022603,0.041071,0.066462,0.589425,0.027730,0.046209,0.072802,-1
[INFO ] 551999	Cold:0.011995,0.010306,0.036969,0.061723,0.549468,0.023086,0.036091,0.036460,-1
[INFO ] 554999	Whole:0.027166,0.022391,0.040312,0.066330,0.588403,0.027447,0.045763,0.071709,-1
[INFO ] 554999	Cold:0.012029,0.010424,0.036458,0.062951,0.550143,0.023524,0.036689,0.036804,-1
[INFO ] 557999	Whole:0.027211,0.022588,0.040637,0.066953,0.589160,0.027605,0.046128,0.072331,-1
[INFO ] 557999	Cold:0.012299,0.010492,0.037866,0.063309,0.550397,0.024198,0.037406,0.038044,-1
[INFO ] 560999	Whole:0.026999,0.022580,0.041265,0.067009,0.589387,0.027721,0.046236,0.072263,-1
[INFO ] 560999	Cold:0.012536,0.010390,0.038392,0.062526,0.549975,0.023637,0.036737,0.036969,-1
[INFO ] 1/1
[INFO ] 563999	Whole:0.026544,0.022747,0.039789,0.067054,0.589727,0.027718,0.046291,0.072347,-1
[INFO ] 563999	Cold:0.012232,0.010593,0.036753,0.064033,0.550819,0.023637,0.037041,0.036903,-1
[INFO ] 566999	Whole:0.027014,0.022641,0.041161,0.066415,0.589765,0.027527,0.045989,0.072075,-1
[INFO ] 566999	Cold:0.012603,0.010509,0.038767,0.063423,0.550481,0.023101,0.036484,0.035992,-1
[INFO ] 569999	Whole:0.027454,0.022671,0.041682,0.067105,0.589879,0.028007,0.046508,0.072307,-1
[INFO ] 569999	Cold:0.012739,0.010323,0.039400,0.063011,0.549638,0.024356,0.037352,0.037630,-1
[INFO ] 572999	Whole:0.027060,0.022557,0.040502,0.065853,0.589197,0.027699,0.045941,0.072767,-1
[INFO ] 572999	Cold:0.011860,0.010086,0.036224,0.061235,0.548709,0.022945,0.035662,0.035445,-1
[INFO ] 575999	Whole:0.027075,0.022754,0.040693,0.066901,0.589993,0.027646,0.046189,0.072332,-1
[INFO ] 575999	Cold:0.012299,0.010424,0.037773,0.062536,0.550059,0.023226,0.036320,0.036000,-1
[INFO ] 578999	Whole:0.026969,0.022808,0.041086,0.067550,0.590824,0.027473,0.046195,0.071603,-1
[INFO ] 578999	Cold:0.012299,0.010306,0.037970,0.062866,0.549637,0.023276,0.036389,0.036119,-1
[INFO ] 581999	Whole:0.027136,0.022413,0.040914,0.066467,0.589424,0.027614,0.045979,0.072074,-1
[INFO ] 581999	Cold:0.012401,0.010204,0.037702,0.062044,0.549300,0.023056,0.036144,0.036548,-1
[INFO ] 584999	Whole:0.027333,0.022520,0.040675,0.066807,0.589727,0.027739,0.046206,0.072888,-1
[INFO ] 584999	Cold:0.012502,0.010424,0.037840,0.062835,0.549890,0.023097,0.036291,0.035972,-1
[INFO ] 587999	Whole:0.026696,0.022269,0.040172,0.066211,0.588440,0.027561,0.045844,0.072284,-1
[INFO ] 587999	Cold:0.012063,0.010306,0.036561,0.062066,0.549552,0.023119,0.036124,0.036256,-1
[INFO ] 590999	Whole:0.027227,0.022732,0.041139,0.067291,0.589802,0.027780,0.046324,0.072663,-1
[INFO ] 590999	Cold:0.012367,0.010306,0.037953,0.062384,0.549215,0.023608,0.036542,0.036727,-1
[INFO ] 593999	Whole:0.026817,0.022565,0.040397,0.067014,0.589273,0.028153,0.046592,0.072792,-1
[INFO ] 593999	Cold:0.012198,0.010356,0.036779,0.062938,0.549553,0.023475,0.036605,0.036650,-1
[INFO ] 1/1
[INFO ] 596999	Whole:0.027045,0.022535,0.041678,0.067268,0.589274,0.027776,0.046360,0.072550,-1
[INFO ] 596999	Cold:0.012603,0.010306,0.038837,0.063125,0.549807,0.023887,0.037024,0.037369,-1
[INFO ] 599999	Whole:0.026817,0.022641,0.039837,0.067015,0.589388,0.027548,0.046145,0.072150,-1
[INFO ] 599999	Cold:0.011725,0.010424,0.035754,0.062888,0.550650,0.023239,0.036529,0.036908,-1
[INFO ] 602999	Whole:0.027333,0.022656,0.041058,0.066689,0.589425,0.027957,0.046391,0.072750,-1
[INFO ] 602999	Cold:0.012063,0.010238,0.036838,0.061938,0.549469,0.023461,0.036458,0.037042,-1
[INFO ] 605999	Whole:0.026863,0.022823,0.040733,0.067426,0.590105,0.028280,0.046834,0.073460,-1
[INFO ] 605999	Cold:0.012029,0.010340,0.037043,0.062780,0.550143,0.024005,0.037037,0.037604,-1
[INFO ] 608999	Whole:0.026923,0.022565,0.040107,0.066529,0.589613,0.027547,0.045972,0.072322,-1
[INFO ] 608999	Cold:0.012097,0.010441,0.036409,0.063147,0.550312,0.022753,0.036070,0.035620,-1
[INFO ] 611999	Whole:0.026817,0.022899,0.040667,0.066692,0.590029,0.027821,0.046333,0.072700,-1
[INFO ] 611999	Cold:0.012097,0.010204,0.037284,0.061844,0.549637,0.022886,0.035863,0.035835,-1
[INFO ] 614999	Whole:0.026711,0.022754,0.039651,0.066146,0.589423,0.027703,0.046078,0.072338,-1
[INFO ] 614999	Cold:0.011691,0.010306,0.035267,0.062159,0.549721,0.023621,0.036527,0.036896,-1
[INFO ] 617999	Whole:0.027545,0.022739,0.041629,0.067465,0.590296,0.028458,0.047101,0.074330,-1
[INFO ] 617999	Cold:0.012705,0.010492,0.038789,0.063018,0.550651,0.024708,0.037873,0.039216,-1
[INFO ] 620999	Whole:0.027454,0.022785,0.041819,0.066933,0.590181,0.027871,0.046487,0.073175,-1
[INFO ] 620999	Cold:0.012502,0.010610,0.038294,0.063647,0.551156,0.023750,0.037177,0.037443,-1
[INFO ] 623999	Whole:0.027318,0.022451,0.040570,0.066219,0.588857,0.027680,0.046035,0.072425,-1
[INFO ] 623999	Cold:0.012772,0.010356,0.038799,0.062970,0.549638,0.023771,0.036948,0.037438,-1
[INFO ] 1/1
[INFO ] 626999	Whole:0.027151,0.022565,0.040724,0.065990,0.589082,0.027344,0.045740,0.072304,-1
[INFO ] 626999	Cold:0.012570,0.010171,0.038085,0.061690,0.548878,0.022859,0.035846,0.035832,-1
[INFO ] 629999	Whole:0.026575,0.022087,0.039650,0.065340,0.588100,0.026998,0.045171,0.071426,-1
[INFO ] 629999	Cold:0.012097,0.010221,0.036458,0.061585,0.549046,0.022972,0.035887,0.036053,-1
[INFO ] 632999	Whole:0.026499,0.022595,0.039466,0.067089,0.589347,0.027596,0.046083,0.071797,-1
[INFO ] 632999	Cold:0.011826,0.010424,0.035216,0.063429,0.550059,0.023779,0.036931,0.037018,-1
[INFO ] 635999	Whole:0.027166,0.022466,0.041068,0.065752,0.588478,0.027521,0.045755,0.071891,-1
[INFO ] 635999	Cold:0.012468,0.010204,0.037956,0.061545,0.549047,0.023346,0.036273,0.036760,-1
[INFO ] 638999	Whole:0.026817,0.022504,0.040057,0.066796,0.589045,0.027319,0.045764,0.070921,-1
[INFO ] 638999	Cold:0.012435,0.010475,0.037740,0.063381,0.550650,0.023691,0.036939,0.037059,-1
[INFO ] 641999	Whole:0.026787,0.022504,0.039943,0.066475,0.588858,0.027775,0.046143,0.072274,-1
[INFO ] 641999	Cold:0.012299,0.010272,0.036832,0.062287,0.549638,0.023771,0.036738,0.037357,-1
[INFO ] 644999	Whole:0.027181,0.022777,0.040059,0.066593,0.589688,0.027853,0.046332,0.072745,-1
[INFO ] 644999	Cold:0.012164,0.010272,0.037012,0.061303,0.549553,0.023362,0.036237,0.036878,-1
[INFO ] 647999	Whole:0.027439,0.022762,0.041990,0.067349,0.589993,0.027884,0.046584,0.073235,-1
[INFO ] 647999	Cold:0.012637,0.010424,0.038606,0.062384,0.550228,0.023669,0.036825,0.037422,-1
[INFO ] 650999	Whole:0.026817,0.022845,0.039913,0.067875,0.589726,0.027959,0.046547,0.072201,-1
[INFO ] 650999	Cold:0.012299,0.010458,0.037302,0.063988,0.550144,0.024126,0.037361,0.037408,-1
[INFO ] 653999	Whole:0.027196,0.022466,0.040108,0.066672,0.588668,0.027435,0.045834,0.071869,-1
[INFO ] 653999	Cold:0.012468,0.010289,0.037271,0.061775,0.549469,0.022982,0.036049,0.036373,-1
[INFO ] 656999	Whole:0.026848,0.022535,0.039939,0.067181,0.589386,0.027128,0.045766,0.071599,-1
[INFO ] 656999	Cold:0.012130,0.010458,0.037336,0.062853,0.550228,0.023279,0.036500,0.036312,-1
[INFO ] 1/1
[INFO ] 659999	Whole:0.027393,0.022610,0.040619,0.067681,0.589349,0.028076,0.046625,0.072794,-1
[INFO ] 659999	Cold:0.012435,0.010661,0.037350,0.065493,0.551579,0.024232,0.037957,0.038292,-1
[INFO ] 662999	Whole:0.027090,0.022429,0.040298,0.066747,0.588441,0.027572,0.045960,0.071681,-1
[INFO ] 662999	Cold:0.012401,0.010441,0.037252,0.062914,0.550144,0.023291,0.036540,0.036548,-1
[INFO ] 665999	Whole:0.026560,0.022497,0.039574,0.066427,0.588364,0.027411,0.045708,0.071281,-1
[INFO ] 665999	Cold:0.012198,0.010289,0.036781,0.062280,0.549468,0.022882,0.035898,0.035374,-1
[INFO ] 668999	Whole:0.027227,0.022603,0.040803,0.065971,0.589121,0.027690,0.046020,0.072950,-1
[INFO ] 668999	Cold:0.012739,0.010356,0.038741,0.062155,0.549722,0.023353,0.036377,0.036302,-1
[INFO ] 671999	Whole:0.026605,0.022489,0.039309,0.066522,0.588478,0.027596,0.045976,0.072218,-1
[INFO ] 671999	Cold:0.012401,0.010306,0.037553,0.062393,0.549384,0.023672,0.036685,0.037209,-1
[INFO ] 674999	Whole:0.027075,0.022633,0.040031,0.066685,0.589348,0.027385,0.045970,0.072916,-1
[INFO ] 674999	Cold:0.012198,0.010373,0.036458,0.061911,0.550059,0.022827,0.035992,0.036311,-1
[INFO ] 677999	Whole:0.027060,0.022656,0.040181,0.066824,0.589046,0.027413,0.045925,0.072326,-1
[INFO ] 677999	Cold:0.012198,0.010475,0.037302,0.063581,0.550228,0.023876,0.037112,0.037254,-1
[INFO ] 680999	Whole:0.026787,0.022459,0.039630,0.066004,0.588895,0.027174,0.045547,0.071813,-1
[INFO ] 680999	Cold:0.012333,0.009968,0.037191,0.060329,0.548456,0.023227,0.035859,0.036773,-1
[INFO ] 683999	Whole:0.026999,0.022542,0.040085,0.065919,0.589008,0.027657,0.045950,0.072534,-1
[INFO ] 683999	Cold:0.012536,0.010306,0.037947,0.061897,0.549721,0.023877,0.036760,0.037497,-1
[INFO ] 686999	Whole:0.026923,0.022550,0.039791,0.066754,0.588667,0.027912,0.046318,0.072578,-1
[INFO ] 686999	Cold:0.012198,0.010441,0.036708,0.062438,0.549890,0.023812,0.036855,0.037259,-1
[INFO ] 1/1
[INFO ] 689999	Whole:0.026635,0.022656,0.040263,0.066540,0.589006,0.027637,0.046098,0.073172,-1
[INFO ] 689999	Cold:0.012468,0.010576,0.037612,0.063253,0.550059,0.023222,0.036635,0.036724,-1
[INFO ] 692999	Whole:0.026635,0.022368,0.039762,0.065035,0.587796,0.027589,0.045694,0.072889,-1
[INFO ] 692999	Cold:0.011860,0.010340,0.036641,0.061803,0.549383,0.023277,0.036179,0.036128,-1
[INFO ] 695999	Whole:0.026423,0.022808,0.038669,0.067221,0.589499,0.027477,0.046041,0.071900,-1
[INFO ] 695999	Cold:0.011691,0.010542,0.035238,0.063603,0.550649,0.023286,0.036670,0.036672,-1
[INFO ] 698999	Whole:0.026544,0.022520,0.039112,0.065921,0.588552,0.027192,0.045485,0.071256,-1
[INFO ] 698999	Cold:0.011657,0.010323,0.035790,0.062895,0.549890,0.023370,0.036463,0.036418,-1
[INFO ] 701999	Whole:0.027075,0.022686,0.039943,0.067344,0.589840,0.027860,0.046394,0.073290,-1
[INFO ] 701999	Cold:0.012097,0.010694,0.036658,0.064735,0.551409,0.023976,0.037437,0.037247,-1
[INFO ] 704999	Whole:0.026772,0.022436,0.039889,0.065056,0.588440,0.027687,0.045844,0.072916,-1
[INFO ] 704999	Cold:0.011995,0.010154,0.036632,0.060027,0.548793,0.023196,0.035747,0.036179,-1
[INFO ] 707999	Whole:0.026802,0.022701,0.039778,0.066199,0.589272,0.027657,0.046057,0.072668,-1
[INFO ] 707999	Cold:0.012063,0.010475,0.036994,0.062319,0.550143,0.023592,0.036626,0.036925,-1
[INFO ] 710999	Whole:0.026711,0.022436,0.040338,0.065777,0.588819,0.028072,0.046293,0.073057,-1
[INFO ] 710999	Cold:0.012232,0.010272,0.038068,0.061601,0.549637,0.024146,0.036920,0.037646,-1
[INFO ] 713999	Whole:0.026438,0.022686,0.039688,0.066271,0.589726,0.027550,0.046066,0.073145,-1
[INFO ] 713999	Cold:0.012435,0.009917,0.037868,0.059673,0.547782,0.022974,0.035532,0.036390,-1
[INFO ] 716999	Whole:0.026787,0.022709,0.039327,0.067039,0.589614,0.027825,0.046404,0.073098,-1
[INFO ] 716999	Cold:0.011894,0.010373,0.035680,0.062184,0.549806,0.023377,0.036456,0.036950,-1
[INFO ] 1/1
[INFO ] 719999	Whole:0.026726,0.022679,0.039493,0.067198,0.589652,0.027948,0.046467,0.072543,-1
[INFO ] 719999	Cold:0.012232,0.010492,0.036911,0.063787,0.550651,0.024265,0.037532,0.037933,-1
[INFO ] 722999	Whole:0.026848,0.022398,0.040224,0.065437,0.588856,0.027243,0.045562,0.072354,-1
[INFO ] 722999	Cold:0.012435,0.010221,0.037891,0.061555,0.549384,0.022759,0.035812,0.036088,-1
[INFO ] 725999	Whole:0.026999,0.022732,0.039942,0.066535,0.589916,0.027287,0.045832,0.072155,-1
[INFO ] 725999	Cold:0.012603,0.010576,0.037516,0.063042,0.550650,0.023138,0.036458,0.036243,-1
[INFO ] 728999	Whole:0.026711,0.022322,0.039440,0.065829,0.588667,0.026998,0.045340,0.071825,-1
[INFO ] 728999	Cold:0.011860,0.010373,0.036407,0.063058,0.549890,0.022980,0.036213,0.036008,-1
[INFO ] 731999	Whole:0.026741,0.022618,0.039230,0.066508,0.589763,0.027442,0.045920,0.072528,-1
[INFO ] 731999	Cold:0.011759,0.010323,0.035441,0.062560,0.549468,0.023066,0.036146,0.036104,-1
[INFO ] 734999	Whole:0.026635,0.022383,0.039365,0.065536,0.588402,0.027280,0.045437,0.071410,-1
[INFO ] 734999	Cold:0.011894,0.010171,0.036458,0.061318,0.549046,0.023264,0.035985,0.035910,-1
[INFO ] 737999	Whole:0.026984,0.022815,0.039769,0.066680,0.590369,0.027626,0.046124,0.072559,-1
[INFO ] 737999	Cold:0.011961,0.010424,0.036159,0.062336,0.550312,0.023754,0.036775,0.037188,-1
[INFO ] 740999	Whole:0.027242,0.022800,0.040235,0.066557,0.590219,0.027641,0.046197,0.073168,-1
[INFO ] 740999	Cold:0.012266,0.010373,0.037294,0.062229,0.550397,0.023281,0.036406,0.036687,-1
[INFO ] 743999	Whole:0.027045,0.022618,0.040758,0.066670,0.588971,0.027558,0.046067,0.072399,-1
[INFO ] 743999	Cold:0.012468,0.010475,0.038294,0.063288,0.549975,0.023091,0.036434,0.036126,-1
[INFO ] 746999	Whole:0.027166,0.022436,0.040065,0.065319,0.588517,0.027650,0.045891,0.073357,-1
[INFO ] 746999	Cold:0.012671,0.010120,0.038541,0.061073,0.548709,0.023183,0.036035,0.036775,-1
[INFO ] 749999	Whole:0.026969,0.022914,0.040454,0.066164,0.590483,0.027737,0.046230,0.072863,-1
[INFO ] 749999	Cold:0.012603,0.010255,0.038485,0.061126,0.549384,0.023638,0.036474,0.037227,-1
[INFO ] 1/1
[INFO ] 752999	Whole:0.026848,0.022542,0.039494,0.065878,0.588781,0.027404,0.045716,0.072346,-1
[INFO ] 752999	Cold:0.011995,0.010306,0.036891,0.061699,0.549468,0.023303,0.036232,0.036377,-1
[INFO ] 755999	Whole:0.027318,0.022792,0.039719,0.066833,0.589652,0.027867,0.046393,0.073032,-1
[INFO ] 755999	Cold:0.011928,0.010272,0.036012,0.061184,0.549046,0.023352,0.036171,0.036788,-1
[INFO ] 758999	Whole:0.027136,0.022732,0.040435,0.065961,0.589311,0.027557,0.046023,0.073018,-1
[INFO ] 758999	Cold:0.012063,0.010019,0.037117,0.059826,0.548203,0.022980,0.035608,0.036543,-1
[INFO ] 761999	Whole:0.026969,0.022482,0.039907,0.065786,0.588743,0.027486,0.045760,0.072431,-1
[INFO ] 761999	Cold:0.011725,0.010019,0.036176,0.060289,0.548371,0.023113,0.035682,0.036271,-1
[INFO ] 764999	Whole:0.026908,0.022330,0.039548,0.065670,0.588250,0.027567,0.045772,0.073322,-1
[INFO ] 764999	Cold:0.012198,0.010340,0.037131,0.062418,0.549721,0.023194,0.036288,0.036542,-1
[INFO ] 767999	Whole:0.026908,0.022156,0.040051,0.064638,0.587229,0.027270,0.045259,0.072150,-1
[INFO ] 767999	Cold:0.012603,0.009968,0.038167,0.059933,0.547865,0.022909,0.035490,0.036185,-1
[INFO ] 770999	Whole:0.027014,0.022285,0.039526,0.064900,0.587947,0.027434,0.045465,0.072449,-1
[INFO ] 770999	Cold:0.011826,0.010137,0.035900,0.060724,0.548708,0.022962,0.035664,0.036024,-1
[INFO ] 773999	Whole:0.026529,0.022444,0.038846,0.065210,0.587834,0.027259,0.045406,0.071855,-1
[INFO ] 773999	Cold:0.011826,0.010221,0.035830,0.060165,0.548793,0.023214,0.035863,0.036560,-1
[INFO ] 776999	Whole:0.027227,0.022307,0.039445,0.065973,0.588516,0.027513,0.045779,0.072550,-1
[INFO ] 776999	Cold:0.011759,0.010323,0.035109,0.061521,0.549636,0.023548,0.036438,0.037304,-1
[INFO ] 779999	Whole:0.026757,0.022808,0.039879,0.066650,0.589460,0.027281,0.045830,0.071935,-1
[INFO ] 779999	Cold:0.012367,0.010542,0.037435,0.063351,0.550312,0.022915,0.036274,0.035771,-1


[INFO ] Training: ...research/ssh/yelp/train0.2_folder_1, Testing:: .../research/ssh/yelp/test0.2_folder_1.
[DEBUG] User amount: 16821, item amount: 14476
[DEBUG] Rate amount: 196088, scales: {1.0}
[DEBUG] User amount: 16821, item amount: 14476
[DEBUG] Rate amount: 48428, scales: {1.0}
[INFO ] AsyWalkRanker: 30,5.0E-4,0.25,0.25,100,1,100,0.45,10
[INFO ] 1/1
[INFO ] 1/1
[INFO ] 1/1
[INFO ] 1/1
[INFO ] 1/1
[INFO ] 1/1
[INFO ] 1/1
[INFO ] 1/1
[INFO ] 1/1
[INFO ] 251999	Whole:0.026484,0.022466,0.039040,0.065495,0.587682,0.027488,0.045517,0.071632,-1
[INFO ] 251999	Cold:0.010948,0.009546,0.034109,0.058274,0.546007,0.022090,0.034180,0.034385,-1
[INFO ] 254999	Whole:0.027166,0.022906,0.040051,0.066969,0.589725,0.027664,0.046101,0.072182,-1
[INFO ] 254999	Cold:0.011151,0.009917,0.034177,0.060793,0.547948,0.022411,0.035059,0.034846,-1
[INFO ] 257999	Whole:0.027363,0.023012,0.041119,0.067444,0.589121,0.027894,0.046294,0.071804,-1
[INFO ] 257999	Cold:0.011725,0.009816,0.036570,0.060698,0.547358,0.022179,0.034847,0.034557,-1
[INFO ] 260999	Whole:0.026711,0.022830,0.039888,0.066970,0.589650,0.027419,0.045869,0.071467,-1
[INFO ] 260999	Cold:0.011117,0.009731,0.034674,0.059402,0.547273,0.021525,0.034048,0.033781,-1
[INFO ] 263999	Whole:0.027272,0.023133,0.040353,0.068420,0.590559,0.027721,0.046562,0.072838,-1
[INFO ] 263999	Cold:0.011556,0.010052,0.035856,0.062302,0.548708,0.021964,0.035123,0.034463,-1
[INFO ] 266999	Whole:0.027530,0.022982,0.041484,0.067468,0.589952,0.028252,0.046646,0.072538,-1
[INFO ] 266999	Cold:0.011759,0.009833,0.036946,0.060375,0.547274,0.022634,0.035129,0.034797,-1
[INFO ] 269999	Whole:0.027242,0.022974,0.040668,0.067655,0.590066,0.028137,0.046669,0.073178,-1
[INFO ] 269999	Cold:0.011657,0.010069,0.036449,0.061876,0.548540,0.022579,0.035495,0.035024,-1
[INFO ] 272999	Whole:0.027287,0.023103,0.041178,0.068659,0.590294,0.028126,0.046932,0.072954,-1
[INFO ] 272999	Cold:0.011657,0.010171,0.037042,0.062650,0.549215,0.022373,0.035585,0.034911,-1
[INFO ] 275999	Whole:0.027484,0.022823,0.041156,0.068244,0.589689,0.027867,0.046561,0.072188,-1
[INFO ] 275999	Cold:0.012097,0.010052,0.037326,0.062215,0.548624,0.022337,0.035323,0.034602,-1
[INFO ] 278999	Whole:0.027393,0.023118,0.040564,0.068014,0.589991,0.027950,0.046613,0.072580,-1
[INFO ] 278999	Cold:0.011590,0.009883,0.036270,0.060811,0.547527,0.022431,0.035082,0.034624,-1
[INFO ] 1/1
[INFO ] 281999	Whole:0.026954,0.023149,0.039987,0.068292,0.590483,0.028406,0.047024,0.073054,-1
[INFO ] 281999	Cold:0.011657,0.009867,0.035842,0.060638,0.547695,0.022520,0.035094,0.034815,-1
[INFO ] 284999	Whole:0.027378,0.022952,0.041831,0.067252,0.589537,0.028343,0.046783,0.073560,-1
[INFO ] 284999	Cold:0.011894,0.009883,0.037399,0.060880,0.547865,0.022823,0.035456,0.035363,-1
[INFO ] 287999	Whole:0.027272,0.023224,0.041900,0.068991,0.591277,0.028701,0.047459,0.073656,-1
[INFO ] 287999	Cold:0.011928,0.010086,0.038506,0.062558,0.548878,0.023568,0.036494,0.036353,-1
[INFO ] 290999	Whole:0.027439,0.022982,0.041399,0.067587,0.589840,0.028264,0.046785,0.073434,-1
[INFO ] 290999	Cold:0.011826,0.009816,0.037351,0.060572,0.547696,0.022457,0.035092,0.034942,-1
[INFO ] 293999	Whole:0.027257,0.023096,0.040948,0.068870,0.590975,0.028434,0.047196,0.073290,-1
[INFO ] 293999	Cold:0.011455,0.010289,0.036183,0.063833,0.549552,0.022637,0.035929,0.034775,-1
[INFO ] 296999	Whole:0.027530,0.023005,0.041447,0.068828,0.589765,0.028512,0.047199,0.073858,-1
[INFO ] 296999	Cold:0.012333,0.010137,0.038264,0.063920,0.548794,0.023380,0.036507,0.035648,-1
[INFO ] 299999	Whole:0.027348,0.023005,0.041542,0.069029,0.590900,0.028617,0.047374,0.073543,-1
[INFO ] 299999	Cold:0.011826,0.010188,0.037667,0.063577,0.549469,0.023080,0.036293,0.035616,-1
[INFO ] 302999	Whole:0.027575,0.023035,0.041268,0.068960,0.590105,0.028557,0.047221,0.073288,-1
[INFO ] 302999	Cold:0.011928,0.010171,0.037335,0.063889,0.549047,0.023388,0.036586,0.036055,-1
[INFO ] 305999	Whole:0.026969,0.022754,0.040178,0.067837,0.589310,0.027766,0.046272,0.072213,-1
[INFO ] 305999	Cold:0.011387,0.010188,0.035219,0.063444,0.548877,0.022821,0.035933,0.035065,-1
[INFO ] 308999	Whole:0.027166,0.022701,0.041073,0.066016,0.588477,0.027774,0.045968,0.072539,-1
[INFO ] 308999	Cold:0.011793,0.009867,0.037118,0.060398,0.547359,0.022309,0.034931,0.034543,-1
[INFO ] 311999	Whole:0.027287,0.023262,0.040955,0.068645,0.590785,0.028084,0.046864,0.072988,-1
[INFO ] 311999	Cold:0.011826,0.010052,0.036601,0.062552,0.548287,0.023037,0.035938,0.035401,-1
[INFO ] 1/1
[INFO ] 314999	Whole:0.027211,0.023399,0.040645,0.069420,0.591846,0.028505,0.047535,0.073944,-1
[INFO ] 314999	Cold:0.012029,0.010441,0.037066,0.063717,0.550734,0.023525,0.036909,0.036864,-1
[INFO ] 317999	Whole:0.027272,0.022724,0.041647,0.067774,0.589310,0.028443,0.046933,0.073245,-1
[INFO ] 317999	Cold:0.012401,0.009900,0.038882,0.061589,0.547951,0.023558,0.036258,0.036415,-1
[INFO ] 320999	Whole:0.026969,0.023027,0.040161,0.068661,0.590444,0.028133,0.046812,0.072287,-1
[INFO ] 320999	Cold:0.011826,0.010289,0.037492,0.063095,0.549468,0.023364,0.036448,0.035870,-1
[INFO ] 323999	Whole:0.026923,0.022770,0.040764,0.068663,0.590219,0.027856,0.046593,0.072336,-1
[INFO ] 323999	Cold:0.012063,0.010188,0.038109,0.063485,0.549553,0.023326,0.036501,0.036143,-1
[INFO ] 326999	Whole:0.026772,0.023156,0.040158,0.068918,0.590785,0.028120,0.046939,0.072955,-1
[INFO ] 326999	Cold:0.011657,0.010120,0.036771,0.062200,0.549215,0.023156,0.036112,0.036023,-1
