[INFO ] Training: ...research/ssh/yelp/train0.2_folder_1, Testing:: .../research/ssh/yelp/test0.2_folder_1.
[DEBUG] User amount: 16821, item amount: 14476
[DEBUG] Rate amount: 196088, scales: {1.0}
[DEBUG] User amount: 16821, item amount: 14476
[DEBUG] Rate amount: 48428, scales: {1.0}
[INFO ] AsyWalkRanker: 30,5.0E-4,0.35,0.35,6400,100,1,100,0.42,10
[INFO ] 1/1
[INFO ] 1/1
[INFO ] 1/1
[INFO ] 1/1
[INFO ] 1/1
[INFO ] 152999	Whole:0.022573,0.018858,0.032793,0.054040,0.576058,0.021561,0.036901,0.059617,-1
[INFO ] 152999	Cold:0.009427,0.007687,0.028879,0.047276,0.536890,0.016591,0.026530,0.025539,-1
[INFO ] 155999	Whole:0.022436,0.018669,0.032466,0.052837,0.574468,0.021201,0.036292,0.059042,-1
[INFO ] 155999	Cold:0.008954,0.007586,0.027885,0.046798,0.536468,0.016369,0.026246,0.025367,-1
[INFO ] 1/1
[INFO ] 158999	Whole:0.023194,0.019245,0.033715,0.054906,0.576853,0.022380,0.037928,0.061400,-1
[INFO ] 158999	Cold:0.009461,0.007755,0.028828,0.047835,0.537228,0.017514,0.027552,0.027512,-1
[INFO ] 161999	Whole:0.023103,0.019488,0.033255,0.055105,0.577534,0.022279,0.037908,0.061035,-1
[INFO ] 161999	Cold:0.008887,0.007822,0.027237,0.047764,0.537396,0.017152,0.027150,0.026635,-1
[INFO ] 164999	Whole:0.022754,0.019359,0.032587,0.054780,0.576739,0.022228,0.037788,0.061207,-1
[INFO ] 164999	Cold:0.008920,0.007738,0.027416,0.047681,0.536974,0.016805,0.026801,0.025994,-1
[INFO ] 167999	Whole:0.023619,0.019723,0.034221,0.056490,0.578631,0.022468,0.038479,0.061617,-1
[INFO ] 167999	Cold:0.009191,0.008143,0.028166,0.050126,0.539084,0.017040,0.027588,0.026161,-1
[INFO ] 170999	Whole:0.023497,0.020147,0.033943,0.057562,0.579805,0.023017,0.039274,0.062799,-1
[INFO ] 170999	Cold:0.009022,0.008177,0.027415,0.051074,0.539000,0.017276,0.027970,0.026619,-1
[INFO ] 173999	Whole:0.024270,0.019988,0.035407,0.057458,0.579238,0.023374,0.039510,0.063238,-1
[INFO ] 173999	Cold:0.009833,0.008025,0.030563,0.050217,0.538157,0.018031,0.028471,0.027879,-1
[INFO ] 176999	Whole:0.024240,0.020465,0.034834,0.057806,0.580525,0.023640,0.039962,0.064573,-1
[INFO ] 176999	Cold:0.009529,0.008025,0.029484,0.049975,0.538494,0.018015,0.028396,0.027726,-1
[INFO ] 179999	Whole:0.024028,0.020397,0.034695,0.057838,0.581054,0.023527,0.039981,0.064519,-1
[INFO ] 179999	Cold:0.009664,0.008329,0.029588,0.050770,0.539759,0.017572,0.028328,0.027465,-1
[INFO ] 182999	Whole:0.024195,0.020481,0.034994,0.058785,0.581395,0.023880,0.040438,0.064828,-1
[INFO ] 182999	Cold:0.009562,0.008211,0.029569,0.050447,0.539169,0.018039,0.028567,0.027679,-1
[INFO ] 185999	Whole:0.024331,0.021011,0.035374,0.060657,0.582721,0.024395,0.041355,0.065834,-1
[INFO ] 185999	Cold:0.009630,0.008751,0.029452,0.053566,0.541532,0.019030,0.030249,0.029489,-1
[INFO ] 1/1
[INFO ] 188999	Whole:0.024361,0.021004,0.035592,0.060230,0.583023,0.024594,0.041478,0.066304,-1
[INFO ] 188999	Cold:0.010137,0.008684,0.031343,0.053787,0.541533,0.019252,0.030501,0.029730,-1
[INFO ] 191999	Whole:0.024301,0.021019,0.035442,0.060742,0.582985,0.024706,0.041713,0.066342,-1
[INFO ] 191999	Cold:0.009833,0.008751,0.030320,0.054184,0.541954,0.018760,0.030154,0.029049,-1
[INFO ] 194999	Whole:0.024877,0.021163,0.035952,0.061092,0.583176,0.024375,0.041561,0.065883,-1
[INFO ] 194999	Cold:0.009968,0.008735,0.030336,0.054055,0.542039,0.018435,0.029880,0.028719,-1
[INFO ] 197999	Whole:0.024953,0.021276,0.035918,0.060037,0.583666,0.024169,0.041201,0.065698,-1
[INFO ] 197999	Cold:0.010002,0.008667,0.029944,0.052929,0.541701,0.018383,0.029580,0.028722,-1
[INFO ] 200999	Whole:0.025135,0.021640,0.036301,0.062101,0.584764,0.025246,0.042654,0.067842,-1
[INFO ] 200999	Cold:0.010272,0.008819,0.031388,0.054782,0.542293,0.019388,0.030841,0.029990,-1
[INFO ] 203999	Whole:0.025286,0.021587,0.036614,0.061406,0.584688,0.024576,0.042023,0.067059,-1
[INFO ] 203999	Cold:0.010407,0.008920,0.031909,0.054582,0.542545,0.018511,0.030127,0.028885,-1
[INFO ] 206999	Whole:0.026211,0.021724,0.037987,0.062065,0.584841,0.025250,0.042769,0.068819,-1
[INFO ] 206999	Cold:0.010677,0.008751,0.032959,0.054601,0.541787,0.018854,0.030270,0.028677,-1
[INFO ] 209999	Whole:0.025832,0.022398,0.037598,0.064723,0.587263,0.025867,0.044022,0.069852,-1
[INFO ] 209999	Cold:0.010677,0.009681,0.032920,0.059543,0.546512,0.019586,0.032270,0.030288,-1
[INFO ] 212999	Whole:0.025650,0.022148,0.037911,0.063697,0.586166,0.025523,0.043446,0.068888,-1
[INFO ] 212999	Cold:0.010846,0.009106,0.033759,0.055970,0.543559,0.019533,0.031345,0.030159,-1
[INFO ] 215999	Whole:0.025877,0.022163,0.037730,0.063709,0.586847,0.025605,0.043511,0.069086,-1
[INFO ] 215999	Cold:0.010644,0.009326,0.033314,0.057493,0.544487,0.019177,0.031450,0.029869,-1
[INFO ] 218999	Whole:0.026317,0.022262,0.038528,0.064176,0.586923,0.026479,0.044404,0.070856,-1
[INFO ] 218999	Cold:0.010982,0.009562,0.033891,0.058755,0.545500,0.020777,0.033043,0.031867,-1
[INFO ] 1/1
[INFO ] 221999	Whole:0.025847,0.022171,0.037970,0.064455,0.586735,0.026457,0.044328,0.069948,-1
[INFO ] 221999	Cold:0.010982,0.009478,0.033573,0.059219,0.545669,0.020633,0.032952,0.031546,-1
[INFO ] 224999	Whole:0.026287,0.022300,0.038831,0.065224,0.587794,0.026592,0.044680,0.070554,-1
[INFO ] 224999	Cold:0.011151,0.009833,0.034199,0.061219,0.546851,0.021554,0.034279,0.033116,-1
[INFO ] 227999	Whole:0.026590,0.022444,0.039477,0.065450,0.587643,0.026653,0.044753,0.070525,-1
[INFO ] 227999	Cold:0.011353,0.009900,0.035006,0.061089,0.547526,0.020996,0.033881,0.032503,-1
[INFO ] 230999	Whole:0.026832,0.022747,0.039743,0.066776,0.589308,0.026486,0.045106,0.070954,-1
[INFO ] 230999	Cold:0.011556,0.010019,0.034746,0.061568,0.547947,0.020488,0.033637,0.032108,-1
[INFO ] 233999	Whole:0.026408,0.022436,0.039149,0.065708,0.588059,0.027013,0.045177,0.070883,-1
[INFO ] 233999	Cold:0.011353,0.009883,0.034891,0.061041,0.547442,0.021533,0.034348,0.033566,-1
[INFO ] 236999	Whole:0.026529,0.022633,0.038975,0.066250,0.589119,0.026600,0.045039,0.070347,-1
[INFO ] 236999	Cold:0.011522,0.009816,0.034995,0.060562,0.547273,0.020897,0.033744,0.032802,-1
[INFO ] 239999	Whole:0.026893,0.022588,0.039305,0.065368,0.588323,0.026424,0.044661,0.070263,-1
[INFO ] 239999	Cold:0.011860,0.009681,0.036428,0.059487,0.546514,0.020449,0.033114,0.031905,-1
[INFO ] 242999	Whole:0.027075,0.022777,0.039795,0.066160,0.589309,0.027118,0.045513,0.071296,-1
[INFO ] 242999	Cold:0.011624,0.010002,0.035820,0.061286,0.548286,0.021538,0.034476,0.033557,-1
[INFO ] 245999	Whole:0.026317,0.022535,0.038590,0.065766,0.587984,0.026736,0.045006,0.071054,-1
[INFO ] 245999	Cold:0.011252,0.010019,0.034737,0.062027,0.548117,0.021552,0.034530,0.033051,-1




[INFO ] Training: ...research/ssh/yelp/train0.2_folder_1, Testing:: .../research/ssh/yelp/test0.2_folder_1.
[DEBUG] User amount: 16821, item amount: 14476
[DEBUG] Rate amount: 196088, scales: {1.0}
[DEBUG] User amount: 16821, item amount: 14476
[DEBUG] Rate amount: 48428, scales: {1.0}
[INFO ] AsyWalkRanker: 30,5.0E-4,0.35,0.35,3200,100,1,100,0.42,10
[INFO ] 1/1
[INFO ] 1/1
[INFO ] 1/1
[INFO ] 1/1
[INFO ] 1/1
[INFO ] 152999	Whole:0.021466,0.017646,0.030567,0.050480,0.571743,0.019991,0.034353,0.055655,-1
[INFO ] 152999	Cold:0.008447,0.007180,0.025914,0.043971,0.534442,0.015732,0.024930,0.024155,-1
[INFO ] 155999	Whole:0.021466,0.017479,0.030766,0.049859,0.570759,0.020070,0.034303,0.056484,-1
[INFO ] 155999	Cold:0.008447,0.007130,0.025993,0.043676,0.534358,0.015429,0.024634,0.023806,-1
[INFO ] 1/1
[INFO ] 158999	Whole:0.021906,0.017903,0.031602,0.051420,0.572538,0.021104,0.035607,0.058357,-1
[INFO ] 158999	Cold:0.008684,0.007451,0.027096,0.045846,0.536045,0.016614,0.026142,0.025473,-1
[INFO ] 161999	Whole:0.021997,0.018047,0.031979,0.051654,0.572765,0.020438,0.035213,0.057216,-1
[INFO ] 161999	Cold:0.008954,0.007467,0.027876,0.045773,0.535624,0.015827,0.025574,0.024903,-1
[INFO ] 164999	Whole:0.021906,0.018593,0.031643,0.052798,0.574996,0.020630,0.035756,0.057910,-1
[INFO ] 164999	Cold:0.008718,0.007518,0.026961,0.046562,0.536299,0.015975,0.025831,0.024902,-1
[INFO ] 167999	Whole:0.022421,0.018714,0.033016,0.053432,0.575565,0.020998,0.036315,0.058486,-1
[INFO ] 167999	Cold:0.009292,0.007670,0.028749,0.046445,0.536721,0.015956,0.025969,0.025311,-1
[INFO ] 170999	Whole:0.021966,0.018586,0.031800,0.053098,0.575073,0.021226,0.036399,0.058872,-1
[INFO ] 170999	Cold:0.009191,0.007603,0.028144,0.047084,0.536469,0.016803,0.026717,0.026421,-1
[INFO ] 173999	Whole:0.022300,0.019048,0.032555,0.055047,0.576437,0.021721,0.037345,0.060134,-1
[INFO ] 173999	Cold:0.009089,0.007974,0.027637,0.049068,0.538071,0.017145,0.027497,0.026920,-1
[INFO ] 176999	Whole:0.022664,0.019101,0.032855,0.055276,0.576815,0.021950,0.037612,0.060132,-1
[INFO ] 176999	Cold:0.009089,0.007924,0.027707,0.049313,0.537988,0.017158,0.027572,0.026953,-1
[INFO ] 179999	Whole:0.022330,0.019344,0.032413,0.055871,0.577383,0.022553,0.038328,0.061723,-1
[INFO ] 179999	Cold:0.009123,0.008194,0.028040,0.050529,0.539253,0.017914,0.028492,0.027871,-1
[INFO ] 182999	Whole:0.022588,0.019336,0.032656,0.055500,0.577308,0.022406,0.038092,0.061381,-1
[INFO ] 182999	Cold:0.008853,0.007890,0.027730,0.048995,0.537987,0.017355,0.027591,0.026795,-1
[INFO ] 185999	Whole:0.022391,0.019480,0.032447,0.055914,0.577723,0.022123,0.038021,0.061370,-1
[INFO ] 185999	Cold:0.008988,0.008059,0.027927,0.049741,0.539084,0.017164,0.027721,0.027063,-1
[INFO ] 1/1
[INFO ] 188999	Whole:0.023073,0.019472,0.033567,0.056216,0.577837,0.022235,0.038194,0.061221,-1
[INFO ] 188999	Cold:0.009461,0.008262,0.028631,0.050940,0.539591,0.017426,0.028305,0.027729,-1
[INFO ] 191999	Whole:0.023209,0.019814,0.033889,0.056729,0.578707,0.023101,0.039078,0.061910,-1
[INFO ] 191999	Cold:0.009393,0.008211,0.029003,0.050146,0.539254,0.018300,0.028820,0.028533,-1
[INFO ] 194999	Whole:0.023406,0.019670,0.034065,0.056718,0.578404,0.022722,0.038818,0.062037,-1
[INFO ] 194999	Cold:0.009596,0.008245,0.029918,0.050420,0.539422,0.017598,0.028361,0.027980,-1
[INFO ] 197999	Whole:0.023588,0.020086,0.034327,0.058014,0.580108,0.023357,0.039756,0.063659,-1
[INFO ] 197999	Cold:0.009731,0.008380,0.029583,0.051652,0.540520,0.017867,0.028878,0.028413,-1
[INFO ] 200999	Whole:0.024407,0.020374,0.036200,0.058845,0.581243,0.023654,0.040331,0.064542,-1
[INFO ] 200999	Cold:0.010002,0.008245,0.030833,0.051214,0.539676,0.018087,0.028940,0.028670,-1
[INFO ] 203999	Whole:0.023816,0.020321,0.034889,0.058404,0.580677,0.024153,0.040697,0.065382,-1
[INFO ] 203999	Cold:0.010002,0.008667,0.030429,0.052822,0.541448,0.018786,0.029936,0.029178,-1
[INFO ] 206999	Whole:0.024407,0.020329,0.035907,0.059007,0.580754,0.024434,0.041004,0.066005,-1
[INFO ] 206999	Cold:0.010002,0.008616,0.030813,0.053085,0.540943,0.018742,0.029891,0.028901,-1
[INFO ] 209999	Whole:0.024346,0.020253,0.036378,0.059123,0.580715,0.023958,0.040504,0.063828,-1
[INFO ] 209999	Cold:0.010035,0.008701,0.031424,0.053975,0.541786,0.018649,0.030026,0.028924,-1
[INFO ] 212999	Whole:0.024498,0.020799,0.036310,0.060615,0.582266,0.024946,0.041811,0.066136,-1
[INFO ] 212999	Cold:0.010103,0.008988,0.031268,0.054853,0.542883,0.019457,0.030998,0.030185,-1
[INFO ] 215999	Whole:0.024740,0.020822,0.036409,0.060609,0.582609,0.025037,0.042087,0.067510,-1
[INFO ] 215999	Cold:0.010069,0.008768,0.030512,0.053313,0.541871,0.019685,0.030837,0.030717,-1
[INFO ] 218999	Whole:0.025225,0.020897,0.037697,0.060786,0.583062,0.024640,0.041773,0.067108,-1
[INFO ] 218999	Cold:0.010407,0.008802,0.032400,0.053914,0.542293,0.019142,0.030615,0.030409,-1
[INFO ] 1/1
[INFO ] 221999	Whole:0.024998,0.020791,0.036647,0.060637,0.582532,0.024382,0.041464,0.066412,-1
[INFO ] 221999	Cold:0.010373,0.008988,0.031523,0.055354,0.543137,0.018942,0.030742,0.029891,-1
[INFO ] 224999	Whole:0.025316,0.021360,0.037465,0.062898,0.584388,0.025496,0.043059,0.068084,-1
[INFO ] 224999	Cold:0.010711,0.009241,0.033015,0.056588,0.544234,0.020243,0.032128,0.031423,-1
[INFO ] 227999	Whole:0.025908,0.021428,0.038867,0.062819,0.585182,0.025475,0.043094,0.068219,-1
[INFO ] 227999	Cold:0.010779,0.009106,0.033418,0.055782,0.543474,0.019792,0.031561,0.030883,-1
[INFO ] 230999	Whole:0.025786,0.021254,0.038428,0.062409,0.584351,0.025677,0.043107,0.068486,-1
[INFO ] 230999	Cold:0.010813,0.009410,0.033474,0.057126,0.545078,0.020378,0.032442,0.031726,-1
[INFO ] 233999	Whole:0.025559,0.021602,0.038042,0.062979,0.585068,0.025607,0.043247,0.068181,-1
[INFO ] 233999	Cold:0.010644,0.009225,0.032719,0.056495,0.544318,0.020308,0.032172,0.031608,-1
[INFO ] 236999	Whole:0.025726,0.021898,0.038291,0.063434,0.586204,0.026219,0.043949,0.069502,-1
[INFO ] 236999	Cold:0.011083,0.009292,0.034122,0.056840,0.544741,0.020713,0.032692,0.032570,-1
[INFO ] 239999	Whole:0.025650,0.021830,0.037756,0.064148,0.586848,0.025821,0.043792,0.069203,-1
[INFO ] 239999	Cold:0.010610,0.009681,0.032017,0.058953,0.546259,0.020189,0.032748,0.031816,-1
[INFO ] 242999	Whole:0.026181,0.022300,0.039029,0.065180,0.588210,0.026825,0.044964,0.070343,-1
[INFO ] 242999	Cold:0.011083,0.009731,0.033833,0.059460,0.546428,0.021211,0.033714,0.033164,-1
[INFO ] 245999	Whole:0.026347,0.021754,0.039609,0.064048,0.586772,0.026631,0.044481,0.070772,-1
[INFO ] 245999	Cold:0.011319,0.009258,0.034519,0.057266,0.544657,0.020897,0.032839,0.032452,-1
[INFO ] 248999	Whole:0.026605,0.022080,0.040373,0.065233,0.587871,0.027031,0.045162,0.071327,-1
[INFO ] 248999	Cold:0.011488,0.009596,0.035076,0.058728,0.546260,0.021544,0.033857,0.033676,-1
[INFO ] 1/1
[INFO ] 251999	Whole:0.025589,0.021997,0.038577,0.065292,0.587492,0.026573,0.044629,0.069413,-1
[INFO ] 251999	Cold:0.010745,0.009630,0.033417,0.058626,0.546091,0.020663,0.033055,0.032223,-1
[INFO ] 254999	Whole:0.026408,0.021860,0.039480,0.064522,0.586357,0.026658,0.044465,0.069230,-1
[INFO ] 254999	Cold:0.011184,0.009478,0.034336,0.057616,0.545501,0.021592,0.033600,0.033616,-1
[INFO ] 257999	Whole:0.026650,0.022087,0.039464,0.064873,0.587189,0.027340,0.045205,0.070678,-1
[INFO ] 257999	Cold:0.011387,0.009698,0.034906,0.059375,0.546683,0.022065,0.034431,0.034391,-1
[INFO ] 260999	Whole:0.026590,0.022421,0.039640,0.066101,0.588325,0.027404,0.045585,0.070531,-1
[INFO ] 260999	Cold:0.011421,0.009883,0.034380,0.060264,0.547527,0.022358,0.034918,0.034703,-1
[INFO ] 263999	Whole:0.026575,0.022285,0.040304,0.065686,0.588211,0.027515,0.045583,0.071024,-1
[INFO ] 263999	Cold:0.011387,0.009765,0.035490,0.059525,0.547020,0.022146,0.034510,0.034193,-1
[INFO ] 266999	Whole:0.026499,0.022391,0.039794,0.066665,0.589045,0.027309,0.045736,0.071409,-1
[INFO ] 266999	Cold:0.011522,0.010069,0.034608,0.061568,0.548708,0.022163,0.035084,0.034521,-1
[INFO ] 269999	Whole:0.026438,0.022504,0.039537,0.066946,0.589082,0.027251,0.045698,0.070688,-1
[INFO ] 269999	Cold:0.011624,0.010188,0.035168,0.061354,0.548792,0.021826,0.034812,0.034097,-1
[INFO ] 272999	Whole:0.026802,0.022542,0.039976,0.066407,0.588779,0.027200,0.045480,0.070425,-1
[INFO ] 272999	Cold:0.011522,0.009816,0.035088,0.059485,0.547020,0.021875,0.034325,0.034030,-1
[INFO ] 275999	Whole:0.026802,0.022444,0.040649,0.066239,0.588553,0.027757,0.045980,0.071680,-1
[INFO ] 275999	Cold:0.011725,0.009816,0.035532,0.059499,0.547190,0.022601,0.034945,0.034917,-1
[INFO ] 278999	Whole:0.026787,0.022671,0.039981,0.067275,0.589386,0.027656,0.046214,0.072315,-1
[INFO ] 278999	Cold:0.011590,0.010069,0.034681,0.061591,0.548624,0.022385,0.035292,0.035068,-1
[INFO ] 1/1
[INFO ] 281999	Whole:0.026757,0.022997,0.040170,0.068163,0.590937,0.028331,0.047101,0.073296,-1
[INFO ] 281999	Cold:0.011860,0.010069,0.035983,0.061185,0.548287,0.022863,0.035694,0.035988,-1
[INFO ] 284999	Whole:0.026893,0.022626,0.040246,0.067085,0.589197,0.028002,0.046567,0.073112,-1
[INFO ] 284999	Cold:0.012232,0.009816,0.036974,0.059747,0.546937,0.022949,0.035338,0.035703,-1
[INFO ] 287999	Whole:0.027105,0.022785,0.040776,0.068757,0.590371,0.027833,0.046775,0.072444,-1
[INFO ] 287999	Cold:0.012299,0.010238,0.037084,0.062709,0.549131,0.023472,0.036528,0.036675,-1
[INFO ] 290999	Whole:0.027166,0.022876,0.041381,0.068700,0.590258,0.028367,0.047142,0.072901,-1
[INFO ] 290999	Cold:0.012367,0.010542,0.038099,0.064649,0.550566,0.023662,0.037085,0.036314,-1
[INFO ] 293999	Whole:0.027181,0.022777,0.040683,0.067899,0.589462,0.028025,0.046593,0.071966,-1
[INFO ] 293999	Cold:0.011624,0.010441,0.035471,0.063610,0.549805,0.023500,0.036726,0.036447,-1
[INFO ] 296999	Whole:0.026984,0.022338,0.040966,0.067153,0.588367,0.027910,0.046247,0.071460,-1
[INFO ] 296999	Cold:0.012063,0.010019,0.036731,0.061946,0.548287,0.023079,0.035941,0.035971,-1
[INFO ] 299999	Whole:0.027621,0.022770,0.041522,0.068757,0.590143,0.027909,0.046732,0.072071,-1
[INFO ] 299999	Cold:0.012468,0.010289,0.037691,0.063736,0.549131,0.023531,0.036796,0.036838,-1
[INFO ] 302999	Whole:0.027257,0.022808,0.041333,0.069037,0.589841,0.028064,0.046841,0.071475,-1
[INFO ] 302999	Cold:0.012468,0.010492,0.037407,0.064776,0.550059,0.023844,0.037273,0.037095,-1
[INFO ] 305999	Whole:0.027651,0.022929,0.041545,0.068596,0.590596,0.028152,0.046929,0.072715,-1
[INFO ] 305999	Cold:0.012232,0.010424,0.037007,0.063715,0.549975,0.023541,0.036859,0.036953,-1
[INFO ] 308999	Whole:0.027454,0.022989,0.041064,0.068085,0.590105,0.027818,0.046587,0.072077,-1
[INFO ] 308999	Cold:0.012198,0.010458,0.036819,0.063779,0.549974,0.023059,0.036439,0.035982,-1
[INFO ] 311999	Whole:0.027545,0.022777,0.041603,0.068035,0.590673,0.028269,0.046999,0.073406,-1
[INFO ] 311999	Cold:0.012603,0.010441,0.038026,0.063143,0.550143,0.023540,0.036710,0.036637,-1
[INFO ] 1/1
[INFO ] 314999	Whole:0.027348,0.022853,0.041680,0.068146,0.589841,0.027811,0.046516,0.071648,-1
[INFO ] 314999	Cold:0.012401,0.010390,0.038106,0.063388,0.549890,0.023122,0.036412,0.036087,-1
[INFO ] 317999	Whole:0.027636,0.022921,0.042434,0.068075,0.590295,0.028079,0.046756,0.071675,-1
[INFO ] 317999	Cold:0.012739,0.010441,0.038706,0.062712,0.549890,0.023371,0.036491,0.036161,-1
[INFO ] 320999	Whole:0.027029,0.023126,0.042241,0.068789,0.590786,0.028277,0.047037,0.071816,-1
[INFO ] 320999	Cold:0.012401,0.010356,0.038841,0.062651,0.549469,0.023346,0.036408,0.035810,-1
[INFO ] 323999	Whole:0.027757,0.022891,0.042606,0.069219,0.590335,0.028683,0.047578,0.073348,-1
[INFO ] 323999	Cold:0.012806,0.010525,0.039221,0.064086,0.550566,0.023790,0.037217,0.037262,-1
[INFO ] 326999	Whole:0.027590,0.022906,0.042555,0.069238,0.590410,0.028320,0.047216,0.072573,-1
[INFO ] 326999	Cold:0.012772,0.010627,0.038612,0.065021,0.550819,0.023777,0.037413,0.037284,-1
[INFO ] 329999	Whole:0.027515,0.023247,0.042392,0.069295,0.591090,0.028735,0.047636,0.073550,-1
[INFO ] 329999	Cold:0.012772,0.010593,0.039016,0.064922,0.550482,0.024169,0.037596,0.037264,-1
[INFO ] 332999	Whole:0.027499,0.022876,0.042862,0.069288,0.590637,0.028652,0.047508,0.072765,-1
[INFO ] 332999	Cold:0.013144,0.010796,0.040719,0.065711,0.551579,0.024069,0.037846,0.037411,-1
[INFO ] 335999	Whole:0.027060,0.023293,0.041597,0.070589,0.591469,0.028301,0.047513,0.072392,-1
[INFO ] 335999	Cold:0.012502,0.010796,0.037912,0.066423,0.551494,0.023708,0.037513,0.036273,-1
[INFO ] 338999	Whole:0.027211,0.023179,0.041238,0.070321,0.591884,0.027805,0.047046,0.071968,-1
[INFO ] 338999	Cold:0.012435,0.010931,0.037850,0.067071,0.552338,0.023976,0.038012,0.037301,-1
[INFO ] 341999	Whole:0.027408,0.023361,0.040864,0.069492,0.591693,0.028555,0.047546,0.072961,-1
[INFO ] 341999	Cold:0.012164,0.010677,0.036867,0.065446,0.551241,0.024064,0.037669,0.037407,-1
[INFO ] 1/1
[INFO ] 344999	Whole:0.027272,0.022823,0.042453,0.069003,0.590485,0.028012,0.046871,0.071982,-1
[INFO ] 344999	Cold:0.012772,0.010627,0.039798,0.064655,0.550904,0.024245,0.037709,0.037603,-1
[INFO ] 347999	Whole:0.027393,0.023005,0.042530,0.070077,0.591582,0.028588,0.047732,0.073555,-1
[INFO ] 347999	Cold:0.012739,0.010965,0.038886,0.066525,0.552591,0.024448,0.038454,0.038583,-1
[INFO ] 350999	Whole:0.027242,0.022891,0.042055,0.068910,0.591280,0.028334,0.047360,0.073287,-1
[INFO ] 350999	Cold:0.013178,0.010492,0.039888,0.063122,0.550399,0.024053,0.037365,0.037850,-1
[INFO ] 353999	Whole:0.027757,0.022876,0.042486,0.070130,0.590826,0.028269,0.047422,0.072981,-1
[INFO ] 353999	Cold:0.013110,0.010998,0.039485,0.067344,0.552676,0.023845,0.038061,0.037345,-1
[INFO ] 356999	Whole:0.026999,0.022891,0.041036,0.068399,0.590408,0.028211,0.047018,0.073131,-1
[INFO ] 356999	Cold:0.012637,0.010610,0.037870,0.064050,0.550819,0.023718,0.037328,0.038040,-1
[INFO ] 359999	Whole:0.027196,0.023133,0.041237,0.069342,0.591354,0.028706,0.047681,0.073930,-1
[INFO ] 359999	Cold:0.012806,0.010897,0.038579,0.066260,0.551916,0.024571,0.038393,0.038365,-1
[INFO ] 362999	Whole:0.027469,0.023346,0.042083,0.070598,0.592452,0.028543,0.047778,0.073156,-1
[INFO ] 362999	Cold:0.013279,0.011015,0.040612,0.067585,0.552760,0.024807,0.038796,0.038054,-1
[INFO ] 365999	Whole:0.027166,0.023179,0.041853,0.069835,0.591961,0.028410,0.047550,0.073169,-1
[INFO ] 365999	Cold:0.013144,0.010863,0.040494,0.066365,0.552170,0.024706,0.038537,0.038498,-1
[INFO ] 368999	Whole:0.027166,0.022648,0.041753,0.068285,0.590106,0.028343,0.047011,0.072736,-1
[INFO ] 368999	Cold:0.012975,0.010492,0.039770,0.063546,0.550313,0.024177,0.037447,0.037750,-1
[INFO ] 371999	Whole:0.026802,0.022876,0.042196,0.068965,0.590371,0.027970,0.046896,0.071712,-1
[INFO ] 371999	Cold:0.013381,0.010762,0.041522,0.065387,0.551242,0.024321,0.037999,0.037763,-1
[INFO ] 374999	Whole:0.026999,0.022808,0.041761,0.069579,0.590409,0.028720,0.047587,0.073009,-1
[INFO ] 374999	Cold:0.013043,0.010627,0.040480,0.065856,0.550820,0.024654,0.038252,0.037956,-1
[INFO ] 1/1
[INFO ] 377999	Whole:0.027318,0.023027,0.042167,0.069752,0.591279,0.028200,0.047287,0.072396,-1
[INFO ] 377999	Cold:0.013043,0.011083,0.040502,0.067462,0.553014,0.024301,0.038512,0.037879,-1
[INFO ] 380999	Whole:0.027545,0.022921,0.042612,0.068755,0.590712,0.028203,0.047114,0.073212,-1
[INFO ] 380999	Cold:0.013279,0.010762,0.041524,0.065659,0.551749,0.024214,0.038041,0.037915,-1
[INFO ] 383999	Whole:0.027560,0.022952,0.042780,0.069085,0.590787,0.028459,0.047343,0.073038,-1
[INFO ] 383999	Cold:0.013178,0.010897,0.041037,0.066303,0.552339,0.024421,0.038355,0.038104,-1
[INFO ] 386999	Whole:0.026863,0.022929,0.041273,0.069237,0.591014,0.028357,0.047222,0.072576,-1
[INFO ] 386999	Cold:0.012772,0.010779,0.039570,0.065473,0.551579,0.024390,0.037959,0.037353,-1
[INFO ] 389999	Whole:0.027181,0.023194,0.042102,0.070356,0.591584,0.029153,0.048267,0.074446,-1
[INFO ] 389999	Cold:0.013144,0.011235,0.040449,0.068867,0.554026,0.025427,0.039824,0.039868,-1
[INFO ] 392999	Whole:0.027302,0.022664,0.043011,0.069423,0.590222,0.028747,0.047611,0.073586,-1
[INFO ] 392999	Cold:0.013144,0.010846,0.041288,0.065911,0.551833,0.024942,0.038624,0.038312,-1
[INFO ] 395999	Whole:0.026878,0.023050,0.041129,0.070525,0.591468,0.028735,0.047861,0.073533,-1
[INFO ] 395999	Cold:0.012570,0.010982,0.038565,0.067303,0.552338,0.025273,0.039170,0.039118,-1
[INFO ] 398999	Whole:0.027499,0.022952,0.042291,0.068437,0.590976,0.028541,0.047365,0.073686,-1
[INFO ] 398999	Cold:0.013077,0.010711,0.039939,0.064676,0.551326,0.024750,0.038280,0.038928,-1
[INFO ] 401999	Whole:0.027439,0.022997,0.042424,0.069422,0.591393,0.028535,0.047601,0.073459,-1
[INFO ] 401999	Cold:0.012975,0.010661,0.039652,0.065087,0.550989,0.024675,0.038255,0.038588,-1
[INFO ] 404999	Whole:0.027166,0.022914,0.042470,0.069116,0.590712,0.028647,0.047529,0.073733,-1
[INFO ] 404999	Cold:0.013110,0.010897,0.040277,0.066527,0.552086,0.024891,0.038780,0.038875,-1
[INFO ] 1/1
[INFO ] 407999	Whole:0.027302,0.022914,0.041969,0.069217,0.590978,0.028971,0.047792,0.073542,-1
[INFO ] 407999	Cold:0.012840,0.010762,0.039931,0.066240,0.551495,0.025536,0.039205,0.039981,-1
[INFO ] 410999	Whole:0.027333,0.022861,0.042959,0.068698,0.590523,0.028863,0.047606,0.073362,-1
[INFO ] 410999	Cold:0.013077,0.010745,0.040680,0.064720,0.551158,0.024784,0.038286,0.038452,-1
[INFO ] 413999	Whole:0.027787,0.023043,0.042991,0.070249,0.592113,0.029107,0.048249,0.074663,-1
[INFO ] 413999	Cold:0.013752,0.010745,0.042834,0.065754,0.551327,0.025298,0.038924,0.039218,-1
[INFO ] 416999	Whole:0.027075,0.022792,0.041895,0.069540,0.591205,0.028728,0.047726,0.074033,-1
[INFO ] 416999	Cold:0.013279,0.011032,0.041243,0.066743,0.553098,0.024951,0.039001,0.039409,-1
[INFO ] 419999	Whole:0.027742,0.022959,0.042713,0.069232,0.591507,0.029195,0.048108,0.074570,-1
[INFO ] 419999	Cold:0.013178,0.010830,0.040229,0.065329,0.551748,0.025544,0.039139,0.040234,-1
[INFO ] 422999	Whole:0.027848,0.022838,0.042763,0.069938,0.590752,0.029081,0.048028,0.073714,-1
[INFO ] 422999	Cold:0.013110,0.010931,0.040156,0.066497,0.552339,0.025297,0.039120,0.039354,-1
[INFO ] 425999	Whole:0.027287,0.022754,0.042388,0.068941,0.589995,0.028582,0.047385,0.073134,-1
[INFO ] 425999	Cold:0.013144,0.010661,0.040823,0.065571,0.551158,0.024635,0.038241,0.037995,-1
[INFO ] 428999	Whole:0.026878,0.022664,0.041504,0.067942,0.589539,0.028276,0.046921,0.072900,-1
[INFO ] 428999	Cold:0.012671,0.010576,0.039753,0.063921,0.550567,0.024193,0.037602,0.037811,-1
[INFO ] 431999	Whole:0.026908,0.022595,0.041882,0.067768,0.589614,0.028369,0.047002,0.073373,-1
[INFO ] 431999	Cold:0.012874,0.010728,0.039720,0.065197,0.551326,0.024259,0.038032,0.038496,-1
[INFO ] 434999	Whole:0.027818,0.022861,0.042181,0.067698,0.589766,0.028658,0.047224,0.073806,-1
[INFO ] 434999	Cold:0.013043,0.010694,0.040224,0.064708,0.551326,0.024606,0.038194,0.038729,-1
[INFO ] 437999	Whole:0.027257,0.022754,0.041579,0.068083,0.589954,0.028287,0.046924,0.072578,-1
[INFO ] 437999	Cold:0.012806,0.010661,0.039154,0.064482,0.550988,0.024400,0.037883,0.038188,-1
[INFO ] 1/1
[INFO ] 440999	Whole:0.027196,0.022717,0.042306,0.068763,0.590145,0.028549,0.047345,0.073447,-1
[INFO ] 440999	Cold:0.013110,0.011015,0.041085,0.066615,0.552676,0.024551,0.038616,0.038655,-1
[INFO ] 443999	Whole:0.026923,0.022641,0.041493,0.068302,0.590408,0.028252,0.047001,0.072977,-1
[INFO ] 443999	Cold:0.012435,0.010694,0.038571,0.064937,0.551241,0.024385,0.038004,0.038556,-1
[INFO ] 446999	Whole:0.027393,0.022785,0.042840,0.068589,0.590258,0.028499,0.047259,0.072598,-1
[INFO ] 446999	Cold:0.013043,0.010779,0.040139,0.065044,0.551664,0.024677,0.038305,0.038761,-1
[INFO ] 449999	Whole:0.027939,0.022868,0.043165,0.069117,0.590335,0.029204,0.048038,0.074818,-1
[INFO ] 449999	Cold:0.013887,0.011015,0.042749,0.066379,0.552847,0.025737,0.039662,0.040719,-1
[INFO ] 452999	Whole:0.027575,0.023141,0.042139,0.069456,0.591204,0.028368,0.047430,0.072884,-1
[INFO ] 452999	Cold:0.013313,0.010931,0.040286,0.065802,0.552170,0.024778,0.038632,0.039082,-1
[INFO ] 455999	Whole:0.027469,0.023187,0.042984,0.070586,0.591772,0.028618,0.047827,0.072596,-1
[INFO ] 455999	Cold:0.013550,0.011100,0.041685,0.067647,0.553183,0.024660,0.038902,0.038648,-1
[INFO ] 458999	Whole:0.027606,0.022959,0.043053,0.069093,0.590258,0.028731,0.047531,0.072930,-1
[INFO ] 458999	Cold:0.013414,0.010998,0.041434,0.066654,0.552339,0.024793,0.038751,0.038768,-1
[INFO ] 461999	Whole:0.027666,0.022952,0.043112,0.069732,0.590865,0.029345,0.048226,0.074301,-1
[INFO ] 461999	Cold:0.013212,0.010863,0.040459,0.066035,0.551833,0.025626,0.039212,0.039545,-1
[INFO ] 464999	Whole:0.027211,0.022952,0.041838,0.069575,0.591583,0.029062,0.048077,0.075204,-1
[INFO ] 464999	Cold:0.013110,0.010965,0.040226,0.066757,0.552508,0.024766,0.038808,0.038942,-1
[INFO ] 467999	Whole:0.027211,0.022982,0.042254,0.069928,0.590977,0.028560,0.047585,0.072616,-1
[INFO ] 467999	Cold:0.013212,0.011015,0.040539,0.066895,0.552423,0.024660,0.038653,0.038326,-1
[INFO ] 1/1
[INFO ] 470999	Whole:0.027439,0.022800,0.042482,0.069325,0.591054,0.028780,0.047812,0.074175,-1
[INFO ] 470999	Cold:0.013043,0.010846,0.039928,0.066057,0.551917,0.025004,0.038821,0.039581,-1
[INFO ] 473999	Whole:0.027469,0.022914,0.042066,0.069159,0.591091,0.028323,0.047402,0.073215,-1
[INFO ] 473999	Cold:0.012874,0.010745,0.039055,0.064687,0.551072,0.024055,0.037724,0.038327,-1
[INFO ] 476999	Whole:0.027105,0.022883,0.041635,0.069028,0.591090,0.028494,0.047513,0.073796,-1
[INFO ] 476999	Cold:0.012502,0.010998,0.038072,0.066088,0.552423,0.024923,0.038844,0.039789,-1
[INFO ] 479999	Whole:0.027333,0.022838,0.042129,0.068612,0.590485,0.028870,0.047652,0.074355,-1
[INFO ] 479999	Cold:0.013212,0.010830,0.040547,0.065463,0.551580,0.025275,0.038938,0.039862,-1
[INFO ] 482999	Whole:0.027439,0.022883,0.042130,0.068550,0.590371,0.028322,0.047092,0.072459,-1
[INFO ] 482999	Cold:0.013009,0.010998,0.039815,0.065927,0.552254,0.024953,0.038765,0.039120,-1
[INFO ] 485999	Whole:0.026969,0.022573,0.040916,0.068636,0.590447,0.028163,0.047007,0.072678,-1
[INFO ] 485999	Cold:0.012671,0.010965,0.038281,0.066035,0.552170,0.024903,0.038761,0.039363,-1
[INFO ] 488999	Whole:0.026635,0.022633,0.041626,0.068579,0.589463,0.028245,0.047059,0.072762,-1
[INFO ] 488999	Cold:0.013313,0.010796,0.040893,0.065353,0.551157,0.024592,0.038292,0.038766,-1
[INFO ] 491999	Whole:0.027136,0.022944,0.041760,0.069266,0.591165,0.028417,0.047388,0.073050,-1
[INFO ] 491999	Cold:0.013043,0.010982,0.040300,0.066698,0.552507,0.025270,0.039109,0.039179,-1
[INFO ] 494999	Whole:0.027014,0.022648,0.041750,0.068169,0.589465,0.028260,0.046990,0.072659,-1
[INFO ] 494999	Cold:0.012908,0.010796,0.039697,0.065478,0.551326,0.024781,0.038407,0.038663,-1
[INFO ] 497999	Whole:0.027090,0.022573,0.041852,0.067933,0.589841,0.027871,0.046593,0.072634,-1
[INFO ] 497999	Cold:0.013043,0.010525,0.039353,0.063579,0.550397,0.023808,0.037213,0.037660,-1
[INFO ] 1/1
[INFO ] 500999	Whole:0.026999,0.022777,0.041494,0.068512,0.590636,0.028224,0.047074,0.072974,-1
[INFO ] 500999	Cold:0.012671,0.010948,0.038334,0.066134,0.552591,0.024293,0.038206,0.038084,-1
[INFO ] 503999	Whole:0.027014,0.022656,0.041029,0.067200,0.589613,0.027784,0.046418,0.072900,-1
[INFO ] 503999	Cold:0.012536,0.010576,0.037940,0.063996,0.550397,0.023682,0.037151,0.037585,-1
[INFO ] 506999	Whole:0.027348,0.022709,0.041748,0.068382,0.589842,0.028232,0.046999,0.072692,-1
[INFO ] 506999	Cold:0.012941,0.010863,0.039486,0.064886,0.551832,0.024390,0.038032,0.038188,-1
[INFO ] 509999	Whole:0.027287,0.022906,0.041633,0.068632,0.590485,0.028255,0.047094,0.073137,-1
[INFO ] 509999	Cold:0.013009,0.010661,0.039249,0.064068,0.550820,0.024531,0.037947,0.038690,-1
[INFO ] 512999	Whole:0.027378,0.022876,0.042109,0.069072,0.590336,0.029065,0.047938,0.074902,-1
[INFO ] 512999	Cold:0.012908,0.011015,0.039427,0.066342,0.552676,0.025089,0.038965,0.039318,-1
[INFO ] 515999	Whole:0.027242,0.022747,0.042486,0.069125,0.590674,0.028807,0.047681,0.074222,-1
[INFO ] 515999	Cold:0.013482,0.010948,0.040849,0.066061,0.552171,0.025174,0.038939,0.039118,-1
[INFO ] 518999	Whole:0.027515,0.023141,0.042739,0.070196,0.591319,0.029344,0.048456,0.075078,-1
[INFO ] 518999	Cold:0.013279,0.011286,0.040587,0.067990,0.553520,0.025867,0.039971,0.040044,-1
[INFO ] 521999	Whole:0.027484,0.022830,0.042872,0.068954,0.590751,0.028972,0.047810,0.074130,-1
[INFO ] 521999	Cold:0.013685,0.011015,0.041516,0.066782,0.552677,0.025588,0.039492,0.040083,-1
[INFO ] 524999	Whole:0.027590,0.022823,0.042549,0.068308,0.590371,0.029032,0.047744,0.074766,-1
[INFO ] 524999	Cold:0.013313,0.010644,0.040367,0.064642,0.550820,0.025309,0.038653,0.039510,-1
[INFO ] 527999	Whole:0.027151,0.022717,0.042001,0.068812,0.590070,0.028585,0.047434,0.073921,-1
[INFO ] 527999	Cold:0.013347,0.010694,0.040308,0.064980,0.551495,0.024843,0.038419,0.039142,-1
[INFO ] 530999	Whole:0.026666,0.022489,0.041156,0.067618,0.589502,0.028006,0.046661,0.072840,-1
[INFO ] 530999	Cold:0.012637,0.010525,0.038602,0.063113,0.550313,0.023822,0.037125,0.037635,-1
[INFO ] 1/1
[INFO ] 533999	Whole:0.026848,0.022542,0.041492,0.068348,0.589916,0.028262,0.046973,0.073226,-1
[INFO ] 533999	Cold:0.013245,0.010830,0.040012,0.065729,0.551832,0.024687,0.038399,0.038445,-1
[INFO ] 536999	Whole:0.026726,0.022466,0.040483,0.067463,0.589198,0.027923,0.046536,0.072899,-1
[INFO ] 536999	Cold:0.012874,0.010525,0.038720,0.063671,0.550144,0.024229,0.037492,0.037938,-1
[INFO ] 539999	Whole:0.027120,0.022717,0.041622,0.067939,0.589803,0.028324,0.046993,0.073594,-1
[INFO ] 539999	Cold:0.012806,0.010694,0.038576,0.064285,0.551073,0.024273,0.037750,0.038109,-1
[INFO ] 542999	Whole:0.027060,0.022315,0.041672,0.067897,0.589048,0.028477,0.047030,0.073041,-1
[INFO ] 542999	Cold:0.012806,0.010593,0.039387,0.063975,0.551073,0.024482,0.037860,0.038477,-1
[INFO ] 545999	Whole:0.027257,0.022732,0.041780,0.068244,0.589992,0.028340,0.047103,0.073622,-1
[INFO ] 545999	Cold:0.012637,0.010694,0.038562,0.064275,0.550988,0.023704,0.037293,0.037448,-1
[INFO ] 548999	Whole:0.026817,0.022800,0.041762,0.069005,0.590523,0.028573,0.047487,0.073827,-1
[INFO ] 548999	Cold:0.012772,0.011066,0.039520,0.066739,0.553013,0.024522,0.038578,0.038508,-1
[INFO ] 551999	Whole:0.027196,0.022717,0.041573,0.068536,0.590372,0.028152,0.047008,0.072856,-1
[INFO ] 551999	Cold:0.012908,0.011100,0.039720,0.066474,0.553013,0.024229,0.038313,0.038033,-1
[INFO ] 554999	Whole:0.027621,0.022830,0.042198,0.067223,0.590673,0.028265,0.046972,0.073969,-1
[INFO ] 554999	Cold:0.013009,0.010509,0.039333,0.062746,0.550060,0.023682,0.036952,0.037302,-1
[INFO ] 557999	Whole:0.027681,0.022671,0.042737,0.067949,0.589917,0.028465,0.047128,0.073484,-1
[INFO ] 557999	Cold:0.013550,0.010813,0.041277,0.064929,0.551749,0.024977,0.038580,0.039256,-1
[INFO ] 560999	Whole:0.027257,0.022565,0.041903,0.067918,0.589502,0.028455,0.047151,0.073584,-1
[INFO ] 560999	Cold:0.013110,0.010830,0.039573,0.064903,0.551664,0.024717,0.038366,0.039019,-1
[INFO ] 1/1
[INFO ] 563999	Whole:0.027136,0.022891,0.041946,0.068624,0.590676,0.028482,0.047378,0.073264,-1
[INFO ] 563999	Cold:0.013043,0.011032,0.039173,0.065676,0.552507,0.024851,0.038725,0.039591,-1
[INFO ] 566999	Whole:0.026560,0.022717,0.041232,0.067524,0.589463,0.027643,0.046292,0.071467,-1
[INFO ] 566999	Cold:0.012840,0.010813,0.038923,0.064631,0.551494,0.023871,0.037524,0.037409,-1
[INFO ] 569999	Whole:0.027045,0.022664,0.042035,0.068013,0.589465,0.028639,0.047176,0.073287,-1
[INFO ] 569999	Cold:0.013313,0.010610,0.040539,0.064178,0.550651,0.024628,0.038003,0.038521,-1
[INFO ] 572999	Whole:0.027181,0.022800,0.041435,0.068266,0.589237,0.027947,0.046723,0.072156,-1
[INFO ] 572999	Cold:0.012772,0.010796,0.039162,0.065205,0.551409,0.023412,0.037234,0.036933,-1
[INFO ] 575999	Whole:0.026848,0.022686,0.040873,0.067105,0.589008,0.027914,0.046376,0.072401,-1
[INFO ] 575999	Cold:0.012671,0.010458,0.037836,0.062567,0.549975,0.023500,0.036700,0.036986,-1



[INFO ] Training: ...research/ssh/yelp/train0.2_folder_1, Testing:: .../research/ssh/yelp/test0.2_folder_1.
[DEBUG] User amount: 16821, item amount: 14476
[DEBUG] Rate amount: 196088, scales: {1.0}
[DEBUG] User amount: 16821, item amount: 14476
[DEBUG] Rate amount: 48428, scales: {1.0}
[INFO ] AsyWalkRanker: 30,5.0E-4,0.42,0.42,100,6400,1,100,0.42,10
[INFO ] 1/1
[INFO ] 1/1
[INFO ] 1/1
[INFO ] 1/1
[INFO ] 1/1
[INFO ] 1/1
[INFO ] 1/1
[INFO ] 1/1
[INFO ] 1/1
[INFO ] 251999	Whole:0.025695,0.021989,0.038958,0.064993,0.587302,0.026471,0.044479,0.069272,-1
[INFO ] 251999	Cold:0.011286,0.009748,0.034705,0.059347,0.546681,0.021173,0.033656,0.033045,-1
[INFO ] 254999	Whole:0.025771,0.021997,0.039014,0.063676,0.586885,0.026614,0.044403,0.069868,-1
[INFO ] 254999	Cold:0.011556,0.009292,0.034958,0.056686,0.544742,0.020950,0.032851,0.032655,-1
[INFO ] 257999	Whole:0.025210,0.021852,0.037678,0.064430,0.586129,0.026054,0.043941,0.068454,-1
[INFO ] 257999	Cold:0.010407,0.009681,0.031804,0.059636,0.546259,0.020605,0.033142,0.031817,-1
[INFO ] 260999	Whole:0.026044,0.021997,0.039529,0.064744,0.587681,0.026674,0.044682,0.070535,-1
[INFO ] 260999	Cold:0.011353,0.009698,0.034617,0.059317,0.546598,0.021033,0.033490,0.032411,-1
[INFO ] 263999	Whole:0.025726,0.022065,0.038251,0.064885,0.587075,0.026385,0.044391,0.068933,-1
[INFO ] 263999	Cold:0.010846,0.009681,0.032935,0.059249,0.546345,0.021356,0.033782,0.033286,-1
[INFO ] 266999	Whole:0.026029,0.022103,0.039244,0.065789,0.587415,0.026590,0.044760,0.069281,-1
[INFO ] 266999	Cold:0.011455,0.009934,0.034899,0.062133,0.547864,0.021801,0.034758,0.033887,-1
[INFO ] 269999	Whole:0.026150,0.022247,0.038967,0.065503,0.587341,0.026559,0.044698,0.069615,-1
[INFO ] 269999	Cold:0.011488,0.009816,0.034389,0.060933,0.547189,0.021414,0.034177,0.033229,-1
[INFO ] 272999	Whole:0.026499,0.022171,0.039875,0.064945,0.587568,0.026890,0.044902,0.070081,-1
[INFO ] 272999	Cold:0.011455,0.009765,0.035096,0.059480,0.546598,0.020819,0.033365,0.032042,-1
[INFO ] 275999	Whole:0.026408,0.022330,0.040471,0.066585,0.588365,0.027658,0.045884,0.070877,-1
[INFO ] 275999	Cold:0.011860,0.010035,0.036245,0.061805,0.548202,0.022578,0.035447,0.034894,-1
[INFO ] 278999	Whole:0.026620,0.022497,0.041130,0.066511,0.588213,0.028062,0.046211,0.071133,-1
[INFO ] 278999	Cold:0.012164,0.010120,0.037815,0.062036,0.548540,0.022819,0.035683,0.035008,-1
[INFO ] 1/1
[INFO ] 281999	Whole:0.026408,0.022254,0.039759,0.066061,0.588249,0.026630,0.044963,0.069592,-1
[INFO ] 281999	Cold:0.011522,0.009731,0.035456,0.060428,0.546936,0.021636,0.034290,0.033743,-1
[INFO ] 284999	Whole:0.026332,0.022466,0.039088,0.066233,0.588364,0.027464,0.045654,0.071128,-1
[INFO ] 284999	Cold:0.011286,0.009934,0.034209,0.061156,0.547695,0.021838,0.034635,0.033852,-1
[INFO ] 287999	Whole:0.026332,0.022815,0.039374,0.067336,0.589763,0.027418,0.045952,0.070692,-1
[INFO ] 287999	Cold:0.011556,0.010289,0.035040,0.063042,0.549129,0.022154,0.035311,0.034067,-1
[INFO ] 290999	Whole:0.026681,0.022368,0.040538,0.066152,0.588591,0.027334,0.045679,0.071264,-1
[INFO ] 290999	Cold:0.011995,0.010052,0.036411,0.061507,0.548202,0.022309,0.035204,0.034677,-1
[INFO ] 293999	Whole:0.026347,0.022520,0.040362,0.065844,0.589044,0.026967,0.045247,0.070497,-1
[INFO ] 293999	Cold:0.011691,0.010103,0.036236,0.061027,0.548455,0.021669,0.034642,0.033964,-1
[INFO ] 296999	Whole:0.027439,0.022542,0.042193,0.067066,0.589159,0.027711,0.046180,0.071472,-1
[INFO ] 296999	Cold:0.012603,0.010238,0.039134,0.062823,0.549131,0.022915,0.036073,0.035568,-1
[INFO ] 299999	Whole:0.026757,0.022671,0.040871,0.067231,0.589272,0.027841,0.046281,0.071539,-1
[INFO ] 299999	Cold:0.012502,0.010255,0.038562,0.062713,0.549300,0.023030,0.036097,0.035410,-1
[INFO ] 302999	Whole:0.027211,0.022861,0.041517,0.067572,0.589915,0.027983,0.046534,0.072081,-1
[INFO ] 302999	Cold:0.012299,0.010323,0.038509,0.063085,0.549384,0.023009,0.036146,0.035258,-1
[INFO ] 305999	Whole:0.026954,0.022876,0.041749,0.067571,0.590180,0.028224,0.046795,0.072337,-1
[INFO ] 305999	Cold:0.012063,0.010171,0.037654,0.062557,0.548794,0.023379,0.036414,0.036424,-1
[INFO ] 308999	Whole:0.026711,0.022868,0.040925,0.067873,0.590293,0.028051,0.046640,0.071986,-1
[INFO ] 308999	Cold:0.011928,0.010424,0.037076,0.063844,0.550143,0.022996,0.036372,0.035625,-1
[INFO ] 311999	Whole:0.027348,0.022679,0.041904,0.067331,0.589802,0.028102,0.046601,0.072114,-1
[INFO ] 311999	Cold:0.012435,0.010221,0.038106,0.063365,0.549131,0.023208,0.036307,0.035610,-1
[INFO ] 1/1
[INFO ] 314999	Whole:0.027333,0.023020,0.041265,0.068009,0.590483,0.028230,0.046944,0.072774,-1
[INFO ] 314999	Cold:0.012130,0.010390,0.037667,0.063820,0.550058,0.023146,0.036448,0.035798,-1
[INFO ] 317999	Whole:0.026954,0.022853,0.040543,0.068245,0.589917,0.028332,0.047074,0.072967,-1
[INFO ] 317999	Cold:0.012130,0.010458,0.037368,0.064751,0.550143,0.023264,0.036738,0.035905,-1
[INFO ] 320999	Whole:0.027105,0.023103,0.040965,0.068760,0.590824,0.028290,0.047188,0.072427,-1
[INFO ] 320999	Cold:0.011995,0.010340,0.036600,0.063505,0.549637,0.022970,0.036252,0.035960,-1
[INFO ] 323999	Whole:0.026832,0.022664,0.041352,0.067751,0.589349,0.028225,0.046701,0.072041,-1
[INFO ] 323999	Cold:0.012333,0.010221,0.038292,0.063893,0.549216,0.023473,0.036654,0.036192,-1
[INFO ] 326999	Whole:0.027060,0.022717,0.041137,0.067590,0.589083,0.028228,0.046704,0.072666,-1
[INFO ] 326999	Cold:0.012435,0.010137,0.038115,0.063115,0.548456,0.023565,0.036472,0.035795,-1
[INFO ] 329999	Whole:0.026878,0.022724,0.041196,0.068360,0.589689,0.027591,0.046352,0.070996,-1
[INFO ] 329999	Cold:0.011928,0.010525,0.037481,0.065019,0.550396,0.022958,0.036501,0.035206,-1
[INFO ] 332999	Whole:0.027105,0.023171,0.041519,0.068598,0.591012,0.028086,0.047005,0.072304,-1
[INFO ] 332999	Cold:0.012468,0.010677,0.038710,0.065332,0.551325,0.023612,0.037319,0.036771,-1
[INFO ] 335999	Whole:0.026817,0.023111,0.040972,0.068595,0.590860,0.028209,0.047056,0.072800,-1
[INFO ] 335999	Cold:0.011961,0.010542,0.037760,0.065095,0.550565,0.023501,0.036968,0.035697,-1
[INFO ] 338999	Whole:0.026832,0.022921,0.042313,0.069504,0.590825,0.028308,0.047213,0.072016,-1
[INFO ] 338999	Cold:0.012570,0.010492,0.040156,0.065665,0.550228,0.024207,0.037565,0.036207,-1
[INFO ] 341999	Whole:0.027136,0.022906,0.041698,0.069393,0.590863,0.027676,0.046649,0.070863,-1
[INFO ] 341999	Cold:0.012367,0.010441,0.038843,0.064834,0.550059,0.023204,0.036612,0.035101,-1
[INFO ] 1/1
[INFO ] 344999	Whole:0.027196,0.023361,0.041473,0.069838,0.591695,0.028603,0.047663,0.072657,-1
[INFO ] 344999	Cold:0.012367,0.010593,0.038289,0.065280,0.550734,0.023996,0.037502,0.037023,-1
[INFO ] 347999	Whole:0.027045,0.022883,0.041698,0.068942,0.590826,0.028244,0.047085,0.072175,-1
[INFO ] 347999	Cold:0.012333,0.010458,0.038129,0.064831,0.550481,0.023745,0.037157,0.036515,-1
[INFO ] 350999	Whole:0.027363,0.022573,0.041871,0.068828,0.590446,0.027750,0.046653,0.072149,-1
[INFO ] 350999	Cold:0.012637,0.010644,0.039082,0.066549,0.551410,0.023513,0.037432,0.036558,-1
[INFO ] 353999	Whole:0.026954,0.023020,0.042038,0.069696,0.591317,0.028050,0.047243,0.072551,-1
[INFO ] 353999	Cold:0.012637,0.010559,0.039055,0.065482,0.550650,0.022936,0.036795,0.036001,-1
[INFO ] 356999	Whole:0.027166,0.023103,0.041500,0.069740,0.590636,0.028567,0.047523,0.072886,-1
[INFO ] 356999	Cold:0.012164,0.010644,0.038100,0.066134,0.550819,0.023631,0.037423,0.036725,-1
[INFO ] 359999	Whole:0.027348,0.022914,0.042040,0.068697,0.590181,0.027989,0.046822,0.071645,-1
[INFO ] 359999	Cold:0.012536,0.010323,0.038452,0.064341,0.549638,0.023545,0.036871,0.036118,-1

