[INFO ] Training: ...research/ssh/yelp/train0.2_folder_1, Testing:: .../research/ssh/yelp/test0.2_folder_1.
[DEBUG] User amount: 16821, item amount: 14476
[DEBUG] Rate amount: 196088, scales: {1.0}
[DEBUG] User amount: 16821, item amount: 14476
[DEBUG] Rate amount: 48428, scales: {1.0}
[INFO ] AsyWalkRanker: 30,4.0E-4,0.4,0.4,100,1,100,0.3,5
[INFO ] 1/1
[INFO ] 1/1
[INFO ] 1/1
[INFO ] 1/1
[INFO ] 1/1
[INFO ] 1/1
[INFO ] 1/1
[INFO ] 204999	Whole:0.019632,0.016501,0.028430,0.048305,0.568071,0.018930,0.032618,0.052727,-1
[INFO ] 204999	Cold:0.008312,0.006944,0.025458,0.043549,0.533598,0.015243,0.024318,0.023332,-1
[INFO ] 209999	Whole:0.019874,0.016645,0.028549,0.047809,0.568184,0.019100,0.032729,0.053568,-1
[INFO ] 209999	Cold:0.008278,0.006775,0.025387,0.042019,0.532585,0.015046,0.023809,0.023217,-1
[INFO ] 214999	Whole:0.020117,0.017024,0.028834,0.049365,0.569775,0.019344,0.033424,0.054287,-1
[INFO ] 214999	Cold:0.008177,0.007163,0.025176,0.044072,0.534526,0.014776,0.024176,0.023094,-1
[INFO ] 1/1
[INFO ] 219999	Whole:0.021057,0.017085,0.030529,0.048825,0.569283,0.019738,0.033622,0.054569,-1
[INFO ] 219999	Cold:0.008853,0.006961,0.027443,0.043173,0.533430,0.015568,0.024562,0.023835,-1
[INFO ] 224999	Whole:0.020981,0.017153,0.030101,0.049311,0.569964,0.019826,0.033896,0.055528,-1
[INFO ] 224999	Cold:0.008616,0.007096,0.026060,0.043610,0.533936,0.015530,0.024690,0.024129,-1
[INFO ] 229999	Whole:0.020556,0.017380,0.029703,0.050397,0.571061,0.019593,0.033932,0.054931,-1
[INFO ] 229999	Cold:0.008583,0.006944,0.026491,0.043601,0.533514,0.015283,0.024387,0.023499,-1
[INFO ] 234999	Whole:0.021405,0.017547,0.030603,0.050593,0.571478,0.020112,0.034541,0.056504,-1
[INFO ] 234999	Cold:0.008515,0.007265,0.025767,0.045074,0.535033,0.015683,0.025186,0.024440,-1
[INFO ] 239999	Whole:0.021572,0.017812,0.030915,0.051087,0.572197,0.020345,0.034894,0.056354,-1
[INFO ] 239999	Cold:0.008650,0.007417,0.026108,0.045708,0.535624,0.015916,0.025580,0.024910,-1
[INFO ] 244999	Whole:0.021648,0.017964,0.030762,0.050833,0.572613,0.020348,0.034947,0.057125,-1
[INFO ] 244999	Cold:0.008684,0.007282,0.026333,0.044835,0.535117,0.015990,0.025445,0.025116,-1
[INFO ] 249999	Whole:0.021345,0.018017,0.030541,0.051538,0.572916,0.020430,0.035164,0.057239,-1
[INFO ] 249999	Cold:0.008447,0.007349,0.025643,0.045094,0.535455,0.015403,0.025052,0.024403,-1
[INFO ] 1/1
[INFO ] 254999	Whole:0.021875,0.018305,0.032206,0.051776,0.574392,0.020912,0.035853,0.058600,-1
[INFO ] 254999	Cold:0.009089,0.007484,0.027989,0.045961,0.536047,0.016323,0.026208,0.026354,-1
[INFO ] 259999	Whole:0.021981,0.018290,0.031995,0.052484,0.574356,0.020934,0.035988,0.058622,-1
[INFO ] 259999	Cold:0.009191,0.007653,0.027783,0.047218,0.536975,0.016117,0.026231,0.025463,-1
[INFO ] 264999	Whole:0.022573,0.018912,0.032518,0.054948,0.576551,0.021419,0.037117,0.059886,-1
[INFO ] 264999	Cold:0.009393,0.008177,0.028195,0.049890,0.539253,0.016614,0.027410,0.026655,-1
[INFO ] 269999	Whole:0.022315,0.018965,0.033108,0.054422,0.576625,0.021901,0.037365,0.060103,-1
[INFO ] 269999	Cold:0.009495,0.007890,0.029219,0.048218,0.537566,0.017457,0.027576,0.027048,-1
[INFO ] 274999	Whole:0.022906,0.019018,0.032881,0.054379,0.576776,0.021830,0.037369,0.060954,-1
[INFO ] 274999	Cold:0.009427,0.007873,0.028459,0.048116,0.537987,0.016932,0.027215,0.026972,-1
[INFO ] 279999	Whole:0.023331,0.019336,0.033781,0.055507,0.577535,0.022139,0.038015,0.061519,-1
[INFO ] 279999	Cold:0.009630,0.008093,0.029749,0.050082,0.538832,0.016625,0.027413,0.026451,-1
[INFO ] 1/1
[INFO ] 284999	Whole:0.023164,0.019154,0.033653,0.055420,0.577497,0.022467,0.038157,0.061473,-1
[INFO ] 284999	Cold:0.009495,0.008126,0.028952,0.049945,0.539253,0.017127,0.027797,0.027141,-1
[INFO ] 289999	Whole:0.022921,0.019609,0.033467,0.057421,0.579351,0.022995,0.039171,0.062337,-1
[INFO ] 289999	Cold:0.009393,0.008126,0.028918,0.050379,0.539170,0.017330,0.028100,0.027644,-1
[INFO ] 294999	Whole:0.023361,0.019768,0.033548,0.057962,0.579467,0.023104,0.039457,0.063452,-1
[INFO ] 294999	Cold:0.009562,0.008397,0.029081,0.052184,0.540266,0.017691,0.028779,0.027861,-1
[INFO ] 299999	Whole:0.023452,0.019942,0.033342,0.057120,0.579428,0.022817,0.039008,0.062489,-1
[INFO ] 299999	Cold:0.009461,0.008380,0.028811,0.050824,0.539929,0.017463,0.028331,0.027490,-1
[INFO ] 304999	Whole:0.023664,0.019867,0.034576,0.057643,0.579617,0.023219,0.039496,0.062915,-1
[INFO ] 304999	Cold:0.010069,0.008566,0.030430,0.051982,0.540857,0.018595,0.029562,0.029007,-1
[INFO ] 309999	Whole:0.024013,0.020337,0.034727,0.058417,0.580526,0.023465,0.039937,0.063703,-1
[INFO ] 309999	Cold:0.009630,0.008481,0.029693,0.052530,0.540688,0.017952,0.029056,0.027920,-1
[INFO ] 1/1
[INFO ] 314999	Whole:0.023558,0.020276,0.034512,0.058220,0.580563,0.023707,0.040162,0.064557,-1
[INFO ] 314999	Cold:0.009630,0.008515,0.029486,0.051899,0.540520,0.018203,0.029259,0.028997,-1
[INFO ] 319999	Whole:0.024134,0.020086,0.034776,0.057921,0.580412,0.024026,0.040387,0.065168,-1
[INFO ] 319999	Cold:0.009867,0.008430,0.029771,0.051673,0.540267,0.018497,0.029447,0.029371,-1
[INFO ] 324999	Whole:0.024392,0.020374,0.035512,0.058856,0.580981,0.024032,0.040618,0.065164,-1
[INFO ] 324999	Cold:0.010204,0.008701,0.031055,0.052712,0.541702,0.018472,0.029699,0.029000,-1
[INFO ] 329999	Whole:0.024301,0.020564,0.034830,0.059860,0.581850,0.024027,0.040876,0.065348,-1
[INFO ] 329999	Cold:0.009529,0.008751,0.029042,0.053788,0.541785,0.018171,0.029510,0.027956,-1
[INFO ] 334999	Whole:0.024756,0.020723,0.036137,0.060220,0.582381,0.024974,0.041867,0.067204,-1
[INFO ] 334999	Cold:0.010407,0.008718,0.031734,0.053945,0.541280,0.019031,0.030373,0.029643,-1
[INFO ] 339999	Whole:0.024695,0.020806,0.035721,0.060522,0.582305,0.024792,0.041715,0.066507,-1
[INFO ] 339999	Cold:0.010035,0.008802,0.030354,0.054279,0.541870,0.018401,0.029930,0.028798,-1
[INFO ] 1/1
[INFO ] 344999	Whole:0.024452,0.020882,0.035455,0.059279,0.582418,0.024582,0.041321,0.066277,-1
[INFO ] 344999	Cold:0.009833,0.008650,0.029467,0.052544,0.541532,0.018233,0.029377,0.028357,-1
[INFO ] 349999	Whole:0.025241,0.020920,0.036777,0.061143,0.582949,0.025169,0.042306,0.068019,-1
[INFO ] 349999	Cold:0.010373,0.008887,0.031531,0.054790,0.542630,0.018971,0.030603,0.029812,-1
[INFO ] 354999	Whole:0.025059,0.021458,0.037325,0.062007,0.584386,0.025583,0.042896,0.068136,-1
[INFO ] 354999	Cold:0.010373,0.009022,0.032094,0.055560,0.543221,0.019814,0.031472,0.030873,-1
[INFO ] 359999	Whole:0.025271,0.021648,0.037046,0.063787,0.585788,0.025615,0.043464,0.068973,-1
[INFO ] 359999	Cold:0.010373,0.009444,0.031799,0.058187,0.545331,0.019482,0.031874,0.030445,-1
[INFO ] 364999	Whole:0.025301,0.021466,0.036855,0.061634,0.584387,0.025377,0.042815,0.069552,-1
[INFO ] 364999	Cold:0.010441,0.009056,0.031328,0.055887,0.543390,0.018961,0.030876,0.029742,-1
[INFO ] 369999	Whole:0.025741,0.021754,0.038367,0.063714,0.586129,0.026041,0.043777,0.069416,-1
[INFO ] 369999	Cold:0.010677,0.009427,0.032738,0.057204,0.544993,0.020106,0.032229,0.031383,-1
[INFO ] 374999	Whole:0.024983,0.021898,0.036812,0.064140,0.586431,0.026017,0.043917,0.069704,-1
[INFO ] 374999	Cold:0.010272,0.009562,0.031837,0.058590,0.545584,0.020473,0.032832,0.032130,-1
[INFO ] 1/1
[INFO ] 379999	Whole:0.025650,0.021837,0.038184,0.063943,0.586658,0.026151,0.043925,0.069645,-1
[INFO ] 379999	Cold:0.011049,0.009546,0.034228,0.058984,0.545838,0.021112,0.033389,0.032640,-1
[INFO ] 384999	Whole:0.025741,0.021489,0.038919,0.063243,0.585524,0.025980,0.043634,0.069455,-1
[INFO ] 384999	Cold:0.011151,0.009579,0.033898,0.058196,0.545922,0.020284,0.032694,0.031965,-1
[INFO ] 389999	Whole:0.025665,0.021830,0.038528,0.063716,0.586166,0.025972,0.043721,0.069187,-1
[INFO ] 389999	Cold:0.011117,0.009765,0.034678,0.059287,0.546766,0.020308,0.032941,0.031801,-1
[INFO ] 394999	Whole:0.026029,0.021997,0.038898,0.065090,0.586584,0.026162,0.044226,0.069361,-1
[INFO ] 394999	Cold:0.011387,0.009799,0.034768,0.059629,0.546935,0.020433,0.033178,0.032099,-1
[INFO ] 399999	Whole:0.026620,0.021936,0.039909,0.064338,0.586509,0.026797,0.044659,0.071026,-1
[INFO ] 399999	Cold:0.011522,0.009596,0.035495,0.058788,0.545838,0.021226,0.033518,0.032739,-1
[INFO ] 404999	Whole:0.026135,0.022042,0.038941,0.064929,0.587568,0.026386,0.044436,0.070353,-1
[INFO ] 404999	Cold:0.011657,0.010086,0.035443,0.060976,0.548623,0.021164,0.034142,0.033113,-1
[INFO ] 1/1
[INFO ] 409999	Whole:0.026681,0.022110,0.039528,0.065475,0.587343,0.027022,0.045156,0.071596,-1
[INFO ] 409999	Cold:0.011286,0.009883,0.034625,0.059935,0.547189,0.021389,0.034097,0.033609,-1
[INFO ] 414999	Whole:0.026302,0.022376,0.038983,0.065694,0.588250,0.027030,0.045311,0.071882,-1
[INFO ] 414999	Cold:0.011894,0.009917,0.035814,0.059625,0.547527,0.021959,0.034531,0.034413,-1
[INFO ] 419999	Whole:0.026120,0.022254,0.038979,0.065306,0.587946,0.026889,0.045000,0.071379,-1
[INFO ] 419999	Cold:0.011252,0.010019,0.034342,0.060202,0.547694,0.021311,0.034046,0.033364,-1
[INFO ] 424999	Whole:0.026226,0.022489,0.039416,0.066587,0.588741,0.026992,0.045436,0.071266,-1
[INFO ] 424999	Cold:0.011894,0.010188,0.036293,0.061793,0.548454,0.021554,0.034646,0.033613,-1
[INFO ] 429999	Whole:0.026696,0.022466,0.040654,0.066411,0.588249,0.027925,0.046084,0.072431,-1
[INFO ] 429999	Cold:0.011894,0.010238,0.036773,0.062615,0.548961,0.022592,0.035611,0.034655,-1
[INFO ] 434999	Whole:0.026817,0.022717,0.040260,0.067688,0.589689,0.027263,0.046024,0.072090,-1
[INFO ] 434999	Cold:0.012232,0.010424,0.037304,0.063404,0.549805,0.021961,0.035496,0.034683,-1
[INFO ] 1/1
[INFO ] 439999	Whole:0.027136,0.022724,0.040522,0.067472,0.590369,0.027543,0.046169,0.072147,-1
[INFO ] 439999	Cold:0.012130,0.010475,0.036882,0.063567,0.550143,0.022492,0.035929,0.035249,-1
[INFO ] 444999	Whole:0.027333,0.022732,0.040589,0.067198,0.589500,0.028097,0.046653,0.073607,-1
[INFO ] 444999	Cold:0.012029,0.010238,0.035818,0.061925,0.549130,0.022528,0.035662,0.035953,-1
[INFO ] 449999	Whole:0.027151,0.022906,0.040697,0.067283,0.589499,0.028079,0.046619,0.073136,-1
[INFO ] 449999	Cold:0.012029,0.010424,0.037404,0.063837,0.549806,0.022983,0.036326,0.035581,-1
[INFO ] 454999	Whole:0.026954,0.022876,0.040002,0.067499,0.590142,0.027529,0.046214,0.072444,-1
[INFO ] 454999	Cold:0.012097,0.010373,0.035909,0.062959,0.549552,0.022177,0.035480,0.034527,-1
[INFO ] 459999	Whole:0.026848,0.023027,0.039867,0.067248,0.590066,0.027987,0.046593,0.073313,-1
[INFO ] 459999	Cold:0.011860,0.010323,0.036114,0.062863,0.549299,0.022402,0.035607,0.034846,-1
[INFO ] 464999	Whole:0.026817,0.022754,0.039880,0.066975,0.589801,0.027881,0.046345,0.072704,-1
[INFO ] 464999	Cold:0.011961,0.010373,0.036617,0.063230,0.549721,0.023064,0.036308,0.036016,-1
[INFO ] 1/1
[INFO ] 469999	Whole:0.026878,0.022542,0.040503,0.066515,0.588779,0.027559,0.045948,0.072422,-1
[INFO ] 469999	Cold:0.011793,0.010323,0.036235,0.062708,0.549299,0.022660,0.035882,0.035613,-1
[INFO ] 474999	Whole:0.027166,0.022626,0.040723,0.067010,0.589802,0.027789,0.046212,0.072161,-1
[INFO ] 474999	Cold:0.012198,0.010492,0.037851,0.064099,0.550312,0.022975,0.036374,0.035198,-1
[INFO ] 479999	Whole:0.027499,0.022982,0.041831,0.067850,0.590370,0.028702,0.047311,0.074671,-1
[INFO ] 479999	Cold:0.012806,0.010475,0.039264,0.063049,0.549554,0.023996,0.037142,0.037388,-1
[INFO ] 484999	Whole:0.027727,0.022656,0.041485,0.067194,0.589501,0.028183,0.046679,0.073971,-1
[INFO ] 484999	Cold:0.012739,0.010390,0.038477,0.063266,0.549722,0.023460,0.036713,0.036625,-1
[INFO ] 489999	Whole:0.026999,0.023065,0.040576,0.068811,0.590787,0.028270,0.047190,0.073734,-1
[INFO ] 489999	Cold:0.012570,0.010661,0.038162,0.065363,0.550988,0.023413,0.037165,0.036570,-1
[INFO ] 494999	Whole:0.027090,0.022921,0.040403,0.068211,0.590333,0.028304,0.046893,0.073188,-1
[INFO ] 494999	Cold:0.012097,0.010441,0.037312,0.064438,0.550228,0.023645,0.036956,0.036265,-1
[INFO ] 499999	Whole:0.027181,0.023141,0.040817,0.069143,0.590825,0.028373,0.047336,0.073874,-1
[INFO ] 499999	Cold:0.012198,0.010711,0.037525,0.065700,0.551072,0.023204,0.037016,0.036081,-1
[INFO ] 1/1
[INFO ] 504999	Whole:0.027606,0.023179,0.041519,0.069215,0.591393,0.028575,0.047596,0.074698,-1
[INFO ] 504999	Cold:0.012840,0.010813,0.038975,0.066023,0.551579,0.023590,0.037482,0.036748,-1
[INFO ] 509999	Whole:0.027545,0.023050,0.042248,0.068897,0.590977,0.028617,0.047507,0.073818,-1
[INFO ] 509999	Cold:0.012840,0.010830,0.039687,0.066029,0.551579,0.024114,0.037889,0.037327,-1
[INFO ] 514999	Whole:0.027712,0.023005,0.042376,0.067966,0.591052,0.028236,0.047043,0.073649,-1
[INFO ] 514999	Cold:0.013313,0.010728,0.040663,0.065784,0.551410,0.023506,0.037347,0.036605,-1
[INFO ] 519999	Whole:0.027454,0.023096,0.041320,0.068970,0.591316,0.027893,0.046933,0.073180,-1
[INFO ] 519999	Cold:0.012468,0.010745,0.038382,0.065346,0.551240,0.022640,0.036540,0.035468,-1
[INFO ] 524999	Whole:0.027863,0.023255,0.042144,0.069149,0.591506,0.028474,0.047501,0.074467,-1
[INFO ] 524999	Cold:0.012941,0.010998,0.039776,0.066632,0.551916,0.023558,0.037605,0.036450,-1
[INFO ] 529999	Whole:0.027560,0.023171,0.041053,0.069020,0.592036,0.028090,0.047181,0.073380,-1
[INFO ] 529999	Cold:0.012468,0.010863,0.038002,0.066129,0.552084,0.023625,0.037499,0.036548,-1
[INFO ] 1/1
[INFO ] 534999	Whole:0.027272,0.023088,0.041148,0.068464,0.591543,0.028310,0.047188,0.073445,-1
[INFO ] 534999	Cold:0.012367,0.010694,0.038341,0.065100,0.550819,0.023565,0.037150,0.036234,-1
[INFO ] 539999	Whole:0.027045,0.023384,0.041053,0.070300,0.592339,0.028527,0.047803,0.074317,-1
[INFO ] 539999	Cold:0.012570,0.010897,0.038055,0.066861,0.551747,0.023233,0.037325,0.036228,-1
[INFO ] 544999	Whole:0.027560,0.023331,0.041764,0.068750,0.592074,0.028353,0.047441,0.074337,-1
[INFO ] 544999	Cold:0.012806,0.010745,0.039111,0.064693,0.550988,0.023884,0.037492,0.037384,-1
[INFO ] 549999	Whole:0.028030,0.023247,0.042598,0.069425,0.591999,0.028616,0.047776,0.074356,-1
[INFO ] 549999	Cold:0.012874,0.010813,0.039528,0.065763,0.551579,0.024394,0.038180,0.038186,-1
[INFO ] 554999	Whole:0.027469,0.023247,0.041748,0.069959,0.592301,0.028697,0.047859,0.074359,-1
[INFO ] 554999	Cold:0.013077,0.010880,0.039956,0.066687,0.551917,0.024268,0.038204,0.037554,-1
[INFO ] 559999	Whole:0.027863,0.023240,0.042368,0.069752,0.592301,0.028464,0.047665,0.073949,-1
[INFO ] 559999	Cold:0.013144,0.010982,0.040467,0.066692,0.552085,0.023796,0.037865,0.036929,-1
[INFO ] 1/1
[INFO ] 564999	Whole:0.028000,0.023277,0.042246,0.069399,0.592037,0.028708,0.047863,0.074511,-1
[INFO ] 564999	Cold:0.013077,0.010948,0.039896,0.066420,0.552170,0.023622,0.037732,0.037150,-1
[INFO ] 569999	Whole:0.027606,0.023376,0.042109,0.069334,0.592187,0.028326,0.047481,0.073894,-1
[INFO ] 569999	Cold:0.012806,0.011015,0.039337,0.066484,0.552169,0.023385,0.037510,0.036716,-1
[INFO ] 574999	Whole:0.027909,0.023323,0.043099,0.069862,0.591962,0.028978,0.048131,0.074768,-1
[INFO ] 574999	Cold:0.013381,0.010982,0.041428,0.067353,0.552086,0.024643,0.038774,0.038645,-1
[INFO ] 579999	Whole:0.027424,0.023315,0.042038,0.070299,0.592680,0.028989,0.048148,0.074229,-1
[INFO ] 579999	Cold:0.013178,0.011252,0.040327,0.067903,0.553520,0.024480,0.038764,0.037973,-1
[INFO ] 584999	Whole:0.027878,0.023224,0.042304,0.069587,0.591960,0.028846,0.047795,0.073378,-1
[INFO ] 584999	Cold:0.013245,0.010863,0.040407,0.066232,0.551580,0.024669,0.038454,0.038277,-1
[INFO ] 589999	Whole:0.028166,0.023262,0.043004,0.069449,0.591772,0.028624,0.047705,0.074159,-1
[INFO ] 589999	Cold:0.013414,0.010897,0.040698,0.065862,0.551664,0.024260,0.038131,0.038024,-1
[INFO ] 1/1
[INFO ] 594999	Whole:0.027590,0.023717,0.042329,0.071607,0.593890,0.028683,0.048273,0.074094,-1
[INFO ] 594999	Cold:0.013009,0.011235,0.040546,0.068417,0.553520,0.024161,0.038609,0.037638,-1
[INFO ] 599999	Whole:0.027697,0.023270,0.042185,0.070071,0.592189,0.028937,0.048111,0.074496,-1
[INFO ] 599999	Cold:0.013043,0.011015,0.040105,0.067513,0.552761,0.024870,0.038951,0.038694,-1
[INFO ] 604999	Whole:0.027803,0.023224,0.042682,0.069854,0.592301,0.028196,0.047445,0.073315,-1
[INFO ] 604999	Cold:0.013009,0.011117,0.040508,0.067654,0.553098,0.024143,0.038399,0.037488,-1
[INFO ] 609999	Whole:0.027333,0.023406,0.041773,0.069634,0.592187,0.028234,0.047373,0.073071,-1
[INFO ] 609999	Cold:0.012570,0.010931,0.038917,0.066445,0.552000,0.023465,0.037574,0.037017,-1
[INFO ] 614999	Whole:0.028075,0.023323,0.042792,0.069584,0.591999,0.028762,0.047881,0.074422,-1
[INFO ] 614999	Cold:0.013313,0.011066,0.040232,0.067127,0.553014,0.023967,0.038161,0.037481,-1
[INFO ] 619999	Whole:0.028182,0.023171,0.043098,0.069453,0.591999,0.028884,0.047965,0.074764,-1
[INFO ] 619999	Cold:0.013448,0.010931,0.041198,0.065874,0.551833,0.024404,0.038258,0.038071,-1
[INFO ] 624999	Whole:0.027969,0.023285,0.043369,0.069160,0.592037,0.028761,0.047907,0.075324,-1
[INFO ] 624999	Cold:0.013482,0.010762,0.041612,0.065420,0.551074,0.024290,0.038045,0.038277,-1
[INFO ] 1/1
[INFO ] 629999	Whole:0.027727,0.023240,0.042208,0.069997,0.592188,0.028515,0.047718,0.073406,-1
[INFO ] 629999	Cold:0.012908,0.011201,0.039942,0.068469,0.553351,0.024672,0.039024,0.038441,-1
[INFO ] 634999	Whole:0.027924,0.023391,0.042668,0.070227,0.592529,0.028674,0.047897,0.073756,-1
[INFO ] 634999	Cold:0.013279,0.010998,0.040832,0.066204,0.552339,0.024337,0.038310,0.038052,-1
[INFO ] 639999	Whole:0.027560,0.023368,0.041874,0.070045,0.592641,0.028534,0.047723,0.073140,-1
[INFO ] 639999	Cold:0.012874,0.010863,0.040381,0.066488,0.551917,0.024280,0.038159,0.037553,-1
[INFO ] 644999	Whole:0.027666,0.023270,0.042157,0.068878,0.592186,0.028281,0.047265,0.072770,-1
[INFO ] 644999	Cold:0.012975,0.010846,0.040055,0.065597,0.551832,0.023915,0.037751,0.037454,-1
[INFO ] 649999	Whole:0.027712,0.023262,0.042166,0.069831,0.592225,0.028683,0.047856,0.074367,-1
[INFO ] 649999	Cold:0.013279,0.010880,0.040770,0.066413,0.552255,0.024189,0.038170,0.037736,-1
[INFO ] 654999	Whole:0.028045,0.022989,0.042460,0.068811,0.591960,0.028884,0.047810,0.075146,-1
[INFO ] 654999	Cold:0.013313,0.010661,0.040728,0.065245,0.551158,0.024600,0.038193,0.038345,-1
[INFO ] 1/1
[INFO ] 659999	Whole:0.027787,0.023118,0.042200,0.068967,0.591241,0.028341,0.047264,0.073095,-1
[INFO ] 659999	Cold:0.013077,0.010830,0.039607,0.065840,0.551580,0.024190,0.038039,0.037829,-1
[INFO ] 664999	Whole:0.027757,0.023141,0.042013,0.069125,0.591166,0.028187,0.047223,0.073322,-1
[INFO ] 664999	Cold:0.013178,0.010830,0.040908,0.066435,0.551664,0.023898,0.037923,0.037566,-1