[INFO ] Training: ...research/ssh/yelp/train0.2_folder_1, Testing:: .../research/ssh/yelp/test0.2_folder_1.
[DEBUG] User amount: 16821, item amount: 14476
[DEBUG] Rate amount: 196088, scales: {1.0}
[DEBUG] User amount: 16821, item amount: 14476
[DEBUG] Rate amount: 48428, scales: {1.0}
[INFO ] AsyWalkRanker: 30,5.0E-4,0.45,0.45,100,1,100,0.4,8
[INFO ] 1/1
[INFO ] 1	Whole:0.001804,0.001470,0.002762,0.004297,0.507073,0.001566,0.002833,0.004692,-1
[INFO ] 1	Cold:0.001149,0.000895,0.003511,0.005271,0.504474,0.001969,0.003141,0.003285,-1
[INFO ] 2999	Whole:0.010597,0.009945,0.015648,0.029165,0.543128,0.009921,0.018348,0.028826,-1
[INFO ] 2999	Cold:0.005170,0.004410,0.015864,0.027634,0.521611,0.008816,0.014808,0.013924,-1
[INFO ] 5999	Whole:0.010657,0.010036,0.015653,0.029248,0.543241,0.009756,0.018205,0.028209,-1
[INFO ] 5999	Cold:0.005170,0.004494,0.015864,0.028034,0.522032,0.008869,0.014913,0.013755,-1
[INFO ] 8999	Whole:0.010597,0.009952,0.015722,0.029005,0.543129,0.009874,0.018298,0.028757,-1
[INFO ] 8999	Cold:0.005170,0.004528,0.015864,0.028279,0.522201,0.008862,0.014991,0.013989,-1
[INFO ] 11999	Whole:0.010794,0.009876,0.016109,0.029146,0.543053,0.009945,0.018432,0.028994,-1
[INFO ] 11999	Cold:0.005237,0.004562,0.016089,0.028569,0.522370,0.008754,0.015055,0.014455,-1
[INFO ] 14999	Whole:0.010566,0.009596,0.015646,0.027812,0.541238,0.010004,0.017977,0.028872,-1
[INFO ] 14999	Cold:0.005170,0.004359,0.015864,0.026606,0.521105,0.009280,0.014971,0.014448,-1
[INFO ] 17999	Whole:0.010991,0.010020,0.016143,0.028997,0.543015,0.010010,0.018448,0.029066,-1
[INFO ] 17999	Cold:0.005237,0.004629,0.016033,0.028527,0.522707,0.008751,0.015091,0.014629,-1
[INFO ] 20999	Whole:0.010445,0.009960,0.015473,0.029310,0.543052,0.009899,0.018335,0.028709,-1
[INFO ] 20999	Cold:0.004967,0.004511,0.015456,0.028296,0.522117,0.008850,0.014978,0.013933,-1
[INFO ] 23999	Whole:0.010672,0.009823,0.015825,0.028968,0.542675,0.009996,0.018384,0.028908,-1
[INFO ] 23999	Cold:0.005170,0.004511,0.015864,0.028099,0.522201,0.008861,0.015086,0.014789,-1
[INFO ] 26999	Whole:0.010839,0.009679,0.016244,0.028707,0.542070,0.009782,0.017925,0.026996,-1
[INFO ] 26999	Cold:0.005440,0.004578,0.016681,0.028394,0.522370,0.009325,0.015385,0.014381,-1
[INFO ] 29999	Whole:0.010703,0.009551,0.015906,0.027606,0.541387,0.009671,0.017719,0.028068,-1
[INFO ] 29999	Cold:0.005170,0.004477,0.015864,0.027710,0.521779,0.008619,0.014774,0.014466,-1
[INFO ] 1/1
[INFO ] 32999	Whole:0.010718,0.009983,0.015773,0.029166,0.543051,0.010033,0.018353,0.029034,-1
[INFO ] 32999	Cold:0.005204,0.004477,0.015920,0.028076,0.521864,0.009109,0.015085,0.014070,-1
[INFO ] 35999	Whole:0.011006,0.009626,0.016176,0.028243,0.541804,0.009696,0.017889,0.028298,-1
[INFO ] 35999	Cold:0.005204,0.004443,0.015906,0.027598,0.521695,0.008666,0.014678,0.013802,-1
[INFO ] 38999	Whole:0.010293,0.009664,0.014860,0.028208,0.542031,0.009831,0.017958,0.028634,-1
[INFO ] 38999	Cold:0.004832,0.004460,0.014808,0.027823,0.521864,0.008983,0.014952,0.014065,-1
[INFO ] 41999	Whole:0.010566,0.009619,0.015688,0.027906,0.541463,0.009603,0.017744,0.027569,-1
[INFO ] 41999	Cold:0.005204,0.004342,0.015920,0.026550,0.520936,0.008861,0.014698,0.014534,-1
[INFO ] 44999	Whole:0.010778,0.009528,0.015876,0.027662,0.541273,0.009845,0.017768,0.028650,-1
[INFO ] 44999	Cold:0.005237,0.004410,0.016047,0.027310,0.521526,0.009011,0.014845,0.013977,-1
[INFO ] 47999	Whole:0.010915,0.009535,0.016213,0.027873,0.541123,0.009799,0.017901,0.028452,-1
[INFO ] 47999	Cold:0.005440,0.004511,0.016681,0.027964,0.521864,0.008760,0.014926,0.014373,-1
[INFO ] 50999	Whole:0.010687,0.009467,0.015701,0.027495,0.541084,0.009659,0.017582,0.028119,-1
[INFO ] 50999	Cold:0.005170,0.004393,0.015864,0.027217,0.521357,0.008868,0.014697,0.013656,-1
[INFO ] 53999	Whole:0.010794,0.009937,0.016212,0.029288,0.543053,0.009994,0.018473,0.028758,-1
[INFO ] 53999	Cold:0.005440,0.004663,0.016681,0.028668,0.522876,0.008946,0.015301,0.014791,-1
[INFO ] 56999	Whole:0.010430,0.009937,0.015284,0.029178,0.543166,0.009860,0.018299,0.028749,-1
[INFO ] 56999	Cold:0.004832,0.004629,0.014513,0.028527,0.522707,0.008808,0.014985,0.013787,-1
[INFO ] 59999	Whole:0.010597,0.009649,0.016172,0.028048,0.541766,0.009826,0.017910,0.028525,-1
[INFO ] 59999	Cold:0.005305,0.004426,0.016624,0.027479,0.521611,0.008919,0.014823,0.013792,-1
[INFO ] 1/1
[INFO ] 62999	Whole:0.010581,0.010081,0.015727,0.029258,0.543204,0.010157,0.018513,0.029283,-1
[INFO ] 62999	Cold:0.005170,0.004511,0.015864,0.028392,0.522117,0.009422,0.015440,0.014607,-1
[INFO ] 65999	Whole:0.010551,0.009892,0.015681,0.028803,0.542864,0.009915,0.018216,0.028756,-1
[INFO ] 65999	Cold:0.005204,0.004511,0.015920,0.028166,0.522117,0.009257,0.015272,0.014417,-1
[INFO ] 68999	Whole:0.010718,0.009778,0.015810,0.028316,0.542410,0.009969,0.018153,0.029073,-1
[INFO ] 68999	Cold:0.005170,0.004460,0.015864,0.027823,0.521864,0.009061,0.015044,0.014271,-1
[INFO ] 71999	Whole:0.011112,0.009816,0.016315,0.028666,0.542448,0.009956,0.018238,0.029006,-1
[INFO ] 71999	Cold:0.005170,0.004477,0.015949,0.027992,0.521948,0.008911,0.014919,0.013797,-1
[INFO ] 74999	Whole:0.011157,0.010377,0.016274,0.030458,0.545020,0.010489,0.019269,0.030874,-1
[INFO ] 74999	Cold:0.005271,0.004798,0.016089,0.029588,0.523551,0.009234,0.015644,0.014610,-1
[INFO ] 77999	Whole:0.011536,0.010020,0.017190,0.029127,0.543506,0.010412,0.018905,0.030594,-1
[INFO ] 77999	Cold:0.005643,0.004410,0.017497,0.027935,0.521611,0.009014,0.015107,0.014733,-1
[INFO ] 80999	Whole:0.010991,0.010346,0.016050,0.030154,0.544527,0.009938,0.018648,0.029097,-1
[INFO ] 80999	Cold:0.005237,0.004578,0.016202,0.028549,0.522539,0.008886,0.015078,0.013927,-1
[INFO ] 83999	Whole:0.011430,0.010316,0.016551,0.029684,0.544415,0.010890,0.019494,0.032687,-1
[INFO ] 83999	Cold:0.005541,0.004612,0.017019,0.028293,0.522708,0.009504,0.015575,0.014874,-1
[INFO ] 86999	Whole:0.011127,0.010847,0.015298,0.031024,0.546419,0.011289,0.020170,0.033188,-1
[INFO ] 86999	Cold:0.004866,0.004663,0.014907,0.029174,0.522876,0.009833,0.015921,0.015098,-1
[INFO ] 89999	Whole:0.012082,0.010703,0.016605,0.030487,0.545513,0.010966,0.019880,0.033035,-1
[INFO ] 89999	Cold:0.005204,0.004646,0.015949,0.028803,0.522792,0.008891,0.015291,0.014776,-1
[INFO ] 92999	Whole:0.012522,0.011112,0.017131,0.031521,0.546913,0.011559,0.020770,0.034543,-1
[INFO ] 92999	Cold:0.005204,0.004781,0.015949,0.029540,0.523298,0.009436,0.015939,0.015602,-1
[INFO ] 1/1
[INFO ] 95999	Whole:0.012810,0.011392,0.017420,0.031419,0.548010,0.011700,0.020966,0.035302,-1
[INFO ] 95999	Cold:0.005373,0.004595,0.016455,0.028541,0.522624,0.009479,0.015677,0.015396,-1
[INFO ] 98999	Whole:0.013416,0.011665,0.018282,0.032754,0.549411,0.011924,0.021527,0.035562,-1
[INFO ] 98999	Cold:0.005237,0.004764,0.016188,0.029794,0.523468,0.009727,0.016181,0.015668,-1
[INFO ] 101999	Whole:0.014371,0.011733,0.020537,0.032485,0.549639,0.012261,0.021933,0.036945,-1
[INFO ] 101999	Cold:0.005981,0.004764,0.018722,0.029321,0.523215,0.009660,0.016135,0.015893,-1
[INFO ] 104999	Whole:0.014220,0.011893,0.020090,0.032708,0.549941,0.013245,0.022761,0.038483,-1
[INFO ] 104999	Cold:0.005981,0.004714,0.018587,0.029096,0.522962,0.011083,0.017036,0.016704,-1
[INFO ] 107999	Whole:0.015281,0.012454,0.021183,0.034715,0.552213,0.013506,0.023688,0.040151,-1
[INFO ] 107999	Cold:0.006183,0.004967,0.019328,0.030870,0.524481,0.010475,0.017214,0.017177,-1
[INFO ] 110999	Whole:0.015281,0.012696,0.021686,0.035138,0.553158,0.013324,0.023678,0.039520,-1
[INFO ] 110999	Cold:0.006319,0.005001,0.019750,0.030954,0.524397,0.010204,0.016973,0.016509,-1
[INFO ] 113999	Whole:0.015281,0.012764,0.021210,0.035402,0.553309,0.014169,0.024402,0.040876,-1
[INFO ] 113999	Cold:0.005947,0.005052,0.018511,0.030841,0.524397,0.011531,0.017915,0.017537,-1
[INFO ] 116999	Whole:0.015811,0.013068,0.021677,0.036554,0.554671,0.013912,0.024535,0.040457,-1
[INFO ] 116999	Cold:0.006285,0.005204,0.019263,0.031931,0.525240,0.010798,0.017597,0.016609,-1
[INFO ] 119999	Whole:0.016145,0.013401,0.022381,0.037016,0.555768,0.015177,0.025887,0.043574,-1
[INFO ] 119999	Cold:0.006386,0.005373,0.019691,0.032536,0.526254,0.012274,0.019084,0.019035,-1
[INFO ] 122999	Whole:0.016751,0.013659,0.023315,0.038070,0.557019,0.015664,0.026667,0.044810,-1
[INFO ] 122999	Cold:0.006724,0.005406,0.020178,0.033381,0.526423,0.012604,0.019467,0.019144,-1
[INFO ] 1/1
[INFO ] 125999	Whole:0.016509,0.013871,0.023548,0.039074,0.557851,0.015440,0.026759,0.044696,-1
[INFO ] 125999	Cold:0.006724,0.005626,0.020882,0.034550,0.527519,0.011782,0.019216,0.018787,-1
[INFO ] 128999	Whole:0.016918,0.014197,0.024070,0.040103,0.558872,0.015873,0.027463,0.045553,-1
[INFO ] 128999	Cold:0.006792,0.005778,0.020634,0.035268,0.527942,0.012292,0.019805,0.019327,-1
[INFO ] 131999	Whole:0.017509,0.014371,0.024632,0.041138,0.560274,0.016066,0.027930,0.046115,-1
[INFO ] 131999	Cold:0.007062,0.005727,0.021318,0.035775,0.528027,0.012316,0.019956,0.019526,-1
[INFO ] 134999	Whole:0.017449,0.014599,0.024603,0.042238,0.560880,0.016558,0.028592,0.046691,-1
[INFO ] 134999	Cold:0.006994,0.006200,0.021197,0.038005,0.529967,0.012847,0.020870,0.019679,-1
[INFO ] 137999	Whole:0.017570,0.014629,0.024759,0.041574,0.560955,0.016590,0.028528,0.047437,-1
[INFO ] 137999	Cold:0.007231,0.006048,0.022050,0.036828,0.529292,0.013333,0.021033,0.020563,-1
[INFO ] 140999	Whole:0.017509,0.014750,0.024657,0.042450,0.561712,0.016190,0.028478,0.046853,-1
[INFO ] 140999	Cold:0.006657,0.006048,0.020248,0.037534,0.529292,0.012286,0.020334,0.019307,-1
[INFO ] 143999	Whole:0.017570,0.014962,0.024853,0.043833,0.562544,0.017012,0.029483,0.048156,-1
[INFO ] 143999	Cold:0.006859,0.006352,0.020502,0.039934,0.530896,0.013726,0.022115,0.021605,-1
[INFO ] 146999	Whole:0.017691,0.015084,0.025593,0.043456,0.562810,0.016944,0.029386,0.048095,-1
[INFO ] 146999	Cold:0.006893,0.006082,0.021544,0.038005,0.529546,0.013225,0.021200,0.020513,-1
[INFO ] 149999	Whole:0.017722,0.015046,0.025714,0.044436,0.562962,0.017285,0.029855,0.048366,-1
[INFO ] 149999	Cold:0.007163,0.006369,0.022698,0.039863,0.530727,0.013542,0.021894,0.020666,-1
[INFO ] 152999	Whole:0.018267,0.015106,0.026490,0.043864,0.563189,0.017349,0.029859,0.048957,-1
[INFO ] 152999	Cold:0.007636,0.006251,0.023219,0.038996,0.530475,0.013785,0.021953,0.021238,-1
[INFO ] 155999	Whole:0.018510,0.015410,0.027021,0.044905,0.563719,0.017850,0.030538,0.049609,-1
[INFO ] 155999	Cold:0.007772,0.006538,0.024297,0.040747,0.531572,0.014469,0.022885,0.021750,-1
[INFO ] 1/1
[INFO ] 158999	Whole:0.018419,0.015334,0.027412,0.044797,0.563568,0.017445,0.030225,0.049052,-1
[INFO ] 158999	Cold:0.007805,0.006538,0.024373,0.040297,0.531572,0.013744,0.022310,0.021297,-1
[INFO ] 161999	Whole:0.018479,0.015592,0.027395,0.046091,0.565006,0.017893,0.030953,0.049976,-1
[INFO ] 161999	Cold:0.007704,0.006640,0.023734,0.041398,0.532247,0.013804,0.022604,0.021403,-1
[INFO ] 164999	Whole:0.018404,0.015690,0.026859,0.045981,0.565687,0.018137,0.031228,0.050766,-1
[INFO ] 164999	Cold:0.007670,0.006792,0.023706,0.041727,0.533090,0.014729,0.023503,0.022929,-1
[INFO ] 167999	Whole:0.019131,0.015910,0.028142,0.047030,0.566521,0.018476,0.031769,0.051130,-1
[INFO ] 167999	Cold:0.007941,0.006944,0.024289,0.043073,0.533935,0.014995,0.024063,0.023311,-1
[INFO ] 170999	Whole:0.018813,0.015978,0.027355,0.046200,0.566367,0.018405,0.031559,0.051116,-1
[INFO ] 170999	Cold:0.007467,0.006606,0.023295,0.040601,0.531909,0.014650,0.023055,0.022106,-1
[INFO ] 173999	Whole:0.018692,0.015971,0.027782,0.046611,0.566556,0.018010,0.031429,0.051260,-1
[INFO ] 173999	Cold:0.007704,0.006809,0.023878,0.042380,0.533091,0.014046,0.023075,0.021943,-1
[INFO ] 176999	Whole:0.018722,0.015971,0.027550,0.045961,0.566670,0.018456,0.031634,0.051882,-1
[INFO ] 176999	Cold:0.007974,0.006589,0.024669,0.040542,0.532331,0.014531,0.023119,0.022914,-1
[INFO ] 179999	Whole:0.019207,0.016266,0.028206,0.047583,0.567427,0.019042,0.032482,0.053054,-1
[INFO ] 179999	Cold:0.007873,0.006809,0.024875,0.042200,0.532923,0.015290,0.024065,0.023546,-1
[INFO ] 182999	Whole:0.019510,0.016441,0.028984,0.048676,0.568526,0.018830,0.032735,0.053228,-1
[INFO ] 182999	Cold:0.008109,0.007197,0.025063,0.044275,0.534779,0.014851,0.024337,0.023448,-1
[INFO ] 185999	Whole:0.020086,0.016478,0.029717,0.048358,0.568790,0.019239,0.033020,0.054026,-1
[INFO ] 185999	Cold:0.008718,0.006893,0.027077,0.042890,0.533430,0.015570,0.024578,0.024354,-1
[INFO ] 1/1
[INFO ] 188999	Whole:0.019692,0.016365,0.029131,0.047904,0.567883,0.019222,0.032864,0.053757,-1
[INFO ] 188999	Cold:0.008447,0.006893,0.026139,0.043065,0.533176,0.015192,0.024174,0.023302,-1
[INFO ] 191999	Whole:0.019723,0.016289,0.028955,0.048106,0.567997,0.018787,0.032548,0.053533,-1
[INFO ] 191999	Cold:0.008380,0.006910,0.025703,0.043220,0.533514,0.014559,0.023792,0.022995,-1
[INFO ] 194999	Whole:0.020056,0.016759,0.029297,0.049038,0.569131,0.019687,0.033643,0.055124,-1
[INFO ] 194999	Cold:0.008481,0.006927,0.026007,0.042792,0.533176,0.015686,0.024569,0.024066,-1
[INFO ] 197999	Whole:0.020132,0.016857,0.029490,0.048786,0.569018,0.019531,0.033489,0.054572,-1
[INFO ] 197999	Cold:0.008414,0.006927,0.026266,0.042248,0.533176,0.015472,0.024404,0.024340,-1
[INFO ] 200999	Whole:0.020177,0.016782,0.029532,0.048923,0.568830,0.019939,0.033762,0.055093,-1
[INFO ] 200999	Cold:0.008042,0.006944,0.025092,0.043110,0.533429,0.015726,0.024660,0.024244,-1
[INFO ] 203999	Whole:0.019995,0.016971,0.029126,0.050153,0.570191,0.019471,0.033742,0.054417,-1
[INFO ] 203999	Cold:0.008211,0.007265,0.025373,0.045134,0.535117,0.015749,0.025284,0.024798,-1
[INFO ] 206999	Whole:0.020617,0.017108,0.030605,0.050035,0.570192,0.020154,0.034340,0.055837,-1
[INFO ] 206999	Cold:0.008853,0.007265,0.027758,0.044632,0.534949,0.016106,0.025504,0.025142,-1
[INFO ] 209999	Whole:0.020450,0.017305,0.029670,0.050645,0.571099,0.019935,0.034247,0.054843,-1
[INFO ] 209999	Cold:0.008515,0.007467,0.026162,0.046190,0.535877,0.016269,0.025985,0.025441,-1
[INFO ] 212999	Whole:0.020587,0.017411,0.029432,0.050308,0.571175,0.019890,0.034225,0.055613,-1
[INFO ] 212999	Cold:0.008312,0.007265,0.025351,0.044627,0.535032,0.015692,0.025085,0.024463,-1
[INFO ] 215999	Whole:0.021178,0.017335,0.030604,0.050258,0.571025,0.020483,0.034769,0.056824,-1
[INFO ] 215999	Cold:0.008988,0.007315,0.027631,0.045115,0.535203,0.016505,0.025943,0.025660,-1
[INFO ] 218999	Whole:0.020920,0.017305,0.030585,0.050194,0.571441,0.020005,0.034344,0.055719,-1
[INFO ] 218999	Cold:0.008684,0.007315,0.027170,0.045053,0.535033,0.016381,0.025770,0.025068,-1
[INFO ] 1/1
[INFO ] 221999	Whole:0.020890,0.017335,0.030271,0.050319,0.571138,0.020016,0.034413,0.056223,-1
[INFO ] 221999	Cold:0.009022,0.007383,0.027555,0.045151,0.535709,0.016154,0.025733,0.025428,-1
[INFO ] 224999	Whole:0.021542,0.017380,0.031344,0.050974,0.571102,0.020812,0.035250,0.057865,-1
[INFO ] 224999	Cold:0.009022,0.007653,0.027654,0.047466,0.536890,0.017044,0.026967,0.026628,-1
[INFO ] 227999	Whole:0.021178,0.017350,0.031081,0.051038,0.571290,0.020478,0.034913,0.056593,-1
[INFO ] 227999	Cold:0.008853,0.007484,0.026829,0.046359,0.536215,0.017052,0.026731,0.026773,-1
[INFO ] 230999	Whole:0.021223,0.017866,0.030886,0.052139,0.572878,0.020458,0.035304,0.057216,-1
[INFO ] 230999	Cold:0.009056,0.007535,0.027392,0.046618,0.536215,0.016680,0.026573,0.026705,-1
[INFO ] 233999	Whole:0.021239,0.017752,0.031636,0.052434,0.573334,0.020853,0.035741,0.057840,-1
[INFO ] 233999	Cold:0.009393,0.007569,0.028476,0.047249,0.536469,0.017112,0.026986,0.026587,-1
[INFO ] 236999	Whole:0.021708,0.017843,0.031203,0.052057,0.573334,0.020508,0.035415,0.057303,-1
[INFO ] 236999	Cold:0.008920,0.007924,0.027110,0.048451,0.538240,0.016583,0.026943,0.026256,-1
[INFO ] 239999	Whole:0.021921,0.018070,0.031647,0.052609,0.573561,0.021389,0.036221,0.058527,-1
[INFO ] 239999	Cold:0.008887,0.007924,0.027443,0.048510,0.537903,0.017264,0.027462,0.026884,-1
[INFO ] 242999	Whole:0.021921,0.018101,0.031770,0.052101,0.573862,0.020689,0.035594,0.057480,-1
[INFO ] 242999	Cold:0.009056,0.007805,0.027237,0.047015,0.537312,0.016457,0.026505,0.025806,-1
[INFO ] 245999	Whole:0.021845,0.018449,0.032575,0.053925,0.575264,0.021421,0.036790,0.059212,-1
[INFO ] 245999	Cold:0.009360,0.007890,0.028777,0.047970,0.537734,0.016970,0.027210,0.027112,-1
[INFO ] 248999	Whole:0.021724,0.018426,0.032172,0.054204,0.575151,0.021864,0.037167,0.059755,-1
[INFO ] 248999	Cold:0.008988,0.007907,0.027429,0.048280,0.537987,0.017676,0.027765,0.027533,-1
[INFO ] 1/1
[INFO ] 251999	Whole:0.022451,0.018654,0.033726,0.053867,0.575453,0.021720,0.037044,0.059651,-1
[INFO ] 251999	Cold:0.009799,0.007957,0.030298,0.048603,0.538241,0.017102,0.027395,0.026686,-1
[INFO ] 254999	Whole:0.022330,0.018919,0.033190,0.054820,0.576324,0.022244,0.037684,0.060194,-1
[INFO ] 254999	Cold:0.009562,0.008109,0.029045,0.049214,0.539085,0.017726,0.028128,0.027848,-1
[INFO ] 257999	Whole:0.022997,0.018790,0.034039,0.055172,0.576589,0.022314,0.037837,0.060436,-1
[INFO ] 257999	Cold:0.009630,0.008329,0.029456,0.050763,0.540097,0.017873,0.028645,0.028123,-1
[INFO ] 260999	Whole:0.022724,0.018707,0.033761,0.055482,0.576061,0.021840,0.037569,0.060246,-1
[INFO ] 260999	Cold:0.009461,0.008278,0.029076,0.050805,0.539591,0.017138,0.028081,0.027419,-1
[INFO ] 263999	Whole:0.022421,0.018616,0.033127,0.055100,0.576173,0.021962,0.037597,0.061031,-1
[INFO ] 263999	Cold:0.009495,0.008278,0.028955,0.050563,0.539928,0.017694,0.028462,0.028084,-1
[INFO ] 266999	Whole:0.022739,0.018987,0.033781,0.056487,0.577121,0.022611,0.038506,0.061434,-1
[INFO ] 266999	Cold:0.009698,0.008464,0.029842,0.051909,0.540604,0.017971,0.028976,0.027990,-1
[INFO ] 269999	Whole:0.022573,0.019162,0.033307,0.056280,0.577610,0.022678,0.038444,0.061338,-1
[INFO ] 269999	Cold:0.009529,0.008447,0.029076,0.051903,0.540604,0.018345,0.029275,0.028623,-1
[INFO ] 272999	Whole:0.022482,0.018843,0.033307,0.055955,0.576930,0.021994,0.037769,0.060477,-1
[INFO ] 272999	Cold:0.009393,0.008295,0.028915,0.050589,0.540098,0.017576,0.028414,0.027925,-1
[INFO ] 275999	Whole:0.022861,0.018980,0.033980,0.055696,0.576817,0.021864,0.037633,0.059620,-1
[INFO ] 275999	Cold:0.009833,0.008329,0.030625,0.050653,0.539760,0.017722,0.028490,0.027499,-1



[INFO ] Training: ...research/ssh/yelp/train0.2_folder_1, Testing:: .../research/ssh/yelp/test0.2_folder_1.
[DEBUG] User amount: 16821, item amount: 14476
[DEBUG] Rate amount: 196088, scales: {1.0}
[DEBUG] User amount: 16821, item amount: 14476
[DEBUG] Rate amount: 48428, scales: {1.0}
[INFO ] AsyWalkRanker: 30,5.0E-4,0.35,0.35,100,1,100,0.35,8
[INFO ] 1/1
[INFO ] 1/1
[INFO ] 1/1
[INFO ] 1/1
[INFO ] 1/1
[INFO ] 1/1
[INFO ] 1/1
[INFO ] 1/1
[INFO ] 1/1
[INFO ] 1/1
[INFO ] 302999	Whole:0.025604,0.021610,0.038577,0.063874,0.586091,0.025821,0.043646,0.069226,-1
[INFO ] 302999	Cold:0.010677,0.009495,0.033488,0.058104,0.545247,0.019752,0.032138,0.030610,-1
[INFO ] 305999	Whole:0.025968,0.021769,0.039544,0.064737,0.585752,0.026506,0.044418,0.069633,-1
[INFO ] 305999	Cold:0.011691,0.009833,0.036146,0.059786,0.546935,0.021111,0.033718,0.032609,-1
[INFO ] 308999	Whole:0.025938,0.021837,0.038570,0.065242,0.586811,0.026275,0.044393,0.070062,-1
[INFO ] 308999	Cold:0.011522,0.010086,0.035100,0.061462,0.548369,0.020387,0.033594,0.032017,-1
[INFO ] 311999	Whole:0.026196,0.022307,0.039060,0.065749,0.588060,0.026582,0.044821,0.070330,-1
[INFO ] 311999	Cold:0.011522,0.010120,0.035931,0.061251,0.548623,0.020815,0.033936,0.032569,-1
[INFO ] 1/1
[INFO ] 314999	Whole:0.026226,0.021959,0.039564,0.064636,0.586735,0.026367,0.044286,0.069304,-1
[INFO ] 314999	Cold:0.011319,0.009579,0.035086,0.058398,0.545923,0.020455,0.032863,0.032021,-1
[INFO ] 317999	Whole:0.026090,0.022163,0.039833,0.065997,0.587795,0.026698,0.044929,0.069941,-1
[INFO ] 317999	Cold:0.011657,0.009833,0.035558,0.060947,0.547189,0.021381,0.034220,0.033459,-1
[INFO ] 320999	Whole:0.026196,0.022148,0.039477,0.065903,0.587833,0.026865,0.045089,0.070957,-1
[INFO ] 320999	Cold:0.011421,0.010069,0.035154,0.061389,0.547864,0.021415,0.034396,0.033348,-1
[INFO ] 323999	Whole:0.026256,0.021936,0.039760,0.065627,0.587191,0.026845,0.045005,0.071007,-1
[INFO ] 323999	Cold:0.011657,0.009850,0.035783,0.060330,0.547273,0.021115,0.033913,0.033123,-1
[INFO ] 326999	Whole:0.026302,0.022057,0.039393,0.065671,0.587455,0.027010,0.045211,0.071661,-1
[INFO ] 326999	Cold:0.011488,0.009968,0.034506,0.061107,0.547864,0.021407,0.034370,0.033891,-1
[INFO ] 329999	Whole:0.026272,0.022247,0.039500,0.066174,0.588400,0.027007,0.045343,0.070781,-1
[INFO ] 329999	Cold:0.011691,0.010204,0.034954,0.062374,0.548961,0.021847,0.035088,0.034535,-1
[INFO ] 332999	Whole:0.026650,0.022224,0.039337,0.065532,0.587872,0.027234,0.045405,0.072087,-1
[INFO ] 332999	Cold:0.011455,0.010069,0.034913,0.060876,0.547949,0.021828,0.034758,0.034557,-1
[INFO ] 335999	Whole:0.026165,0.022330,0.039078,0.066147,0.588552,0.027065,0.045398,0.071465,-1
[INFO ] 335999	Cold:0.011624,0.010188,0.035483,0.062349,0.548792,0.021938,0.035076,0.034109,-1
[INFO ] 338999	Whole:0.026590,0.022459,0.040363,0.067175,0.588856,0.027454,0.046013,0.071976,-1
[INFO ] 338999	Cold:0.012164,0.010289,0.036728,0.062991,0.549131,0.021827,0.035267,0.034408,-1
[INFO ] 341999	Whole:0.026832,0.022330,0.041329,0.066604,0.588968,0.027454,0.045894,0.072204,-1
[INFO ] 341999	Cold:0.012299,0.010340,0.038002,0.062701,0.549299,0.021576,0.035068,0.034273,-1
[INFO ] 1/1
[INFO ] 344999	Whole:0.026772,0.022277,0.040965,0.067269,0.588819,0.027230,0.045777,0.071351,-1
[INFO ] 344999	Cold:0.011995,0.010424,0.036777,0.063898,0.549805,0.021433,0.035063,0.033455,-1
[INFO ] 347999	Whole:0.027105,0.022557,0.041931,0.068503,0.589198,0.027807,0.046662,0.072438,-1
[INFO ] 347999	Cold:0.013009,0.010525,0.040004,0.064386,0.550059,0.022444,0.036155,0.035227,-1
[INFO ] 350999	Whole:0.026832,0.022482,0.040898,0.067812,0.588971,0.027208,0.045865,0.071251,-1
[INFO ] 350999	Cold:0.012333,0.010475,0.038106,0.065666,0.550565,0.022106,0.036021,0.034572,-1
[INFO ] 353999	Whole:0.027105,0.022853,0.041556,0.069132,0.589878,0.028019,0.046914,0.072463,-1
[INFO ] 353999	Cold:0.012840,0.010711,0.039269,0.066333,0.550819,0.023229,0.037205,0.036235,-1
[INFO ] 356999	Whole:0.027120,0.022883,0.041006,0.068128,0.590219,0.027250,0.046096,0.071155,-1
[INFO ] 356999	Cold:0.012603,0.010610,0.038433,0.064573,0.550649,0.021888,0.035705,0.034347,-1
[INFO ] 359999	Whole:0.026696,0.022626,0.041345,0.067673,0.589537,0.027628,0.046323,0.071900,-1
[INFO ] 359999	Cold:0.012401,0.010492,0.038661,0.063889,0.550143,0.022008,0.035731,0.034923,-1
[INFO ] 362999	Whole:0.027045,0.022785,0.040606,0.068146,0.589652,0.027261,0.046106,0.071533,-1
[INFO ] 362999	Cold:0.012266,0.010559,0.036894,0.064300,0.550312,0.022105,0.035843,0.034783,-1
[INFO ] 365999	Whole:0.027439,0.022610,0.041239,0.067755,0.589234,0.027106,0.045801,0.070769,-1
[INFO ] 365999	Cold:0.012637,0.010492,0.038612,0.064145,0.550312,0.021982,0.035743,0.034907,-1
[INFO ] 368999	Whole:0.026772,0.022610,0.040897,0.067496,0.589272,0.027280,0.045861,0.071105,-1
[INFO ] 368999	Cold:0.012198,0.010289,0.037236,0.063800,0.549384,0.022056,0.035532,0.034379,-1
[INFO ] 371999	Whole:0.026817,0.022580,0.041098,0.067727,0.589273,0.027325,0.045993,0.071220,-1
[INFO ] 371999	Cold:0.012570,0.010492,0.038384,0.064362,0.550312,0.022090,0.035863,0.034908,-1
[INFO ] 374999	Whole:0.027105,0.023035,0.041746,0.069504,0.590637,0.028121,0.047128,0.072262,-1
[INFO ] 374999	Cold:0.013245,0.010880,0.039960,0.066527,0.552001,0.023018,0.037161,0.035984,-1
[INFO ] 1/1
[INFO ] 377999	Whole:0.027545,0.022921,0.041853,0.069504,0.591355,0.027925,0.047018,0.072679,-1
[INFO ] 377999	Cold:0.012772,0.010644,0.038849,0.065348,0.551156,0.022901,0.036710,0.035687,-1
[INFO ] 380999	Whole:0.026787,0.022785,0.041207,0.068752,0.590711,0.027829,0.046858,0.073088,-1
[INFO ] 380999	Cold:0.012536,0.010593,0.037716,0.064469,0.550734,0.022793,0.036577,0.036539,-1
[INFO ] 383999	Whole:0.027393,0.023065,0.041859,0.069117,0.591469,0.028334,0.047440,0.074220,-1
[INFO ] 383999	Cold:0.012468,0.010559,0.037761,0.064531,0.550566,0.023165,0.036797,0.036466,-1
[INFO ] 386999	Whole:0.027727,0.022921,0.042569,0.068085,0.590447,0.028113,0.047049,0.074047,-1
[INFO ] 386999	Cold:0.013144,0.010559,0.039776,0.064199,0.550735,0.022821,0.036487,0.035907,-1
[INFO ] 389999	Whole:0.027227,0.022883,0.041687,0.069257,0.590069,0.028269,0.047284,0.073264,-1
[INFO ] 389999	Cold:0.012671,0.010644,0.038234,0.064438,0.550650,0.022657,0.036408,0.035857,-1
[INFO ] 392999	Whole:0.026666,0.022952,0.041847,0.069665,0.591051,0.027973,0.046949,0.071321,-1
[INFO ] 392999	Cold:0.012435,0.010914,0.038072,0.067154,0.552084,0.022730,0.036937,0.035119,-1
[INFO ] 395999	Whole:0.026863,0.022989,0.041796,0.070261,0.590901,0.028526,0.047600,0.073382,-1
[INFO ] 395999	Cold:0.012502,0.010796,0.038481,0.067131,0.551663,0.023134,0.037236,0.035850,-1
[INFO ] 398999	Whole:0.026969,0.022785,0.041424,0.068600,0.589954,0.028448,0.047103,0.072851,-1
[INFO ] 398999	Cold:0.012739,0.010576,0.039103,0.064836,0.550144,0.023621,0.037092,0.036163,-1
[INFO ] 401999	Whole:0.026696,0.022997,0.041340,0.069038,0.590976,0.028394,0.047228,0.072792,-1
[INFO ] 401999	Cold:0.012705,0.010711,0.038911,0.065146,0.550988,0.023288,0.037030,0.036144,-1
[INFO ] 404999	Whole:0.027621,0.022952,0.042248,0.070097,0.591318,0.028736,0.047771,0.073257,-1
[INFO ] 404999	Cold:0.012975,0.010863,0.039579,0.066503,0.551832,0.023789,0.037752,0.036751,-1
[INFO ] 1/1
[INFO ] 407999	Whole:0.027166,0.022906,0.042152,0.069529,0.590750,0.028675,0.047563,0.072888,-1
[INFO ] 407999	Cold:0.012975,0.010830,0.039897,0.065780,0.551747,0.024033,0.037771,0.036957,-1
[INFO ] 410999	Whole:0.027575,0.023240,0.042464,0.069704,0.591507,0.028933,0.047955,0.073695,-1
[INFO ] 410999	Cold:0.012671,0.010830,0.038973,0.066013,0.551747,0.024265,0.038001,0.037339,-1
[INFO ] 413999	Whole:0.027090,0.022989,0.042005,0.069739,0.590334,0.028305,0.047291,0.071813,-1
[INFO ] 413999	Cold:0.012603,0.010948,0.038754,0.067382,0.552169,0.023530,0.037733,0.036656,-1
[INFO ] 416999	Whole:0.027257,0.023209,0.042619,0.069751,0.591772,0.028508,0.047654,0.072899,-1
[INFO ] 416999	Cold:0.013178,0.010897,0.040598,0.065874,0.552085,0.023216,0.037231,0.036221,-1
[INFO ] 419999	Whole:0.027060,0.022899,0.042360,0.069423,0.590712,0.028033,0.047020,0.072261,-1
[INFO ] 419999	Cold:0.012840,0.010948,0.040119,0.066542,0.552169,0.022930,0.037064,0.035569,-1
[INFO ] 422999	Whole:0.026969,0.022792,0.041172,0.069260,0.590750,0.027718,0.046721,0.071476,-1
[INFO ] 422999	Cold:0.012603,0.010846,0.039494,0.065978,0.551325,0.022972,0.036931,0.035427,-1
[INFO ] 425999	Whole:0.026544,0.022823,0.041021,0.069198,0.590900,0.027895,0.046765,0.071349,-1
[INFO ] 425999	Cold:0.012772,0.010846,0.039018,0.066508,0.552169,0.023392,0.037354,0.035976,-1
[INFO ] 428999	Whole:0.026954,0.023179,0.041616,0.070192,0.591961,0.028177,0.047413,0.072497,-1
[INFO ] 428999	Cold:0.012705,0.011015,0.038740,0.066850,0.552676,0.023393,0.037605,0.036515,-1
[INFO ] 431999	Whole:0.027105,0.022891,0.041680,0.069931,0.591165,0.028231,0.047295,0.072249,-1
[INFO ] 431999	Cold:0.013043,0.011032,0.039742,0.067787,0.553098,0.023335,0.037739,0.036378,-1
[INFO ] 434999	Whole:0.027272,0.022952,0.042639,0.069043,0.590863,0.028012,0.047001,0.072252,-1
[INFO ] 434999	Cold:0.012637,0.010711,0.039277,0.065263,0.551325,0.022898,0.036741,0.035416,-1
[INFO ] 437999	Whole:0.027393,0.023149,0.041136,0.070295,0.591242,0.028682,0.047779,0.073478,-1
[INFO ] 437999	Cold:0.012570,0.010965,0.037688,0.066902,0.552084,0.023293,0.037442,0.036301,-1
[INFO ] 1/1
[INFO ] 440999	Whole:0.026817,0.022823,0.041181,0.068703,0.589992,0.028532,0.047251,0.072645,-1
[INFO ] 440999	Cold:0.012468,0.010661,0.038337,0.065728,0.550567,0.023742,0.037406,0.036167,-1
[INFO ] 443999	Whole:0.026878,0.022694,0.042015,0.068366,0.590636,0.028445,0.047171,0.072761,-1
[INFO ] 443999	Cold:0.013144,0.010677,0.041502,0.064752,0.551157,0.024186,0.037750,0.037505,-1
[INFO ] 446999	Whole:0.027151,0.022914,0.043207,0.069007,0.590901,0.028771,0.047501,0.073481,-1
[INFO ] 446999	Cold:0.012941,0.010559,0.040795,0.064555,0.550481,0.023428,0.036943,0.036245,-1
[INFO ] 449999	Whole:0.026878,0.022974,0.041611,0.068777,0.590938,0.028554,0.047360,0.072839,-1
[INFO ] 449999	Cold:0.012570,0.010542,0.038647,0.063887,0.549975,0.023772,0.037119,0.036778,-1



[INFO ] 452999	Whole:0.027439,0.022929,0.042738,0.069549,0.591619,0.028737,0.047633,0.073330,-1
[INFO ] 452999	Cold:0.013313,0.010863,0.041595,0.067174,0.551749,0.024229,0.038196,0.036943,-1
[INFO ] 455999	Whole:0.027348,0.022997,0.042505,0.069958,0.591053,0.028796,0.047809,0.073530,-1
[INFO ] 455999	Cold:0.013381,0.010863,0.040826,0.067272,0.552086,0.024157,0.038256,0.037369,-1
[INFO ] 458999	Whole:0.026984,0.023126,0.042430,0.070050,0.591620,0.028833,0.047982,0.073877,-1
[INFO ] 458999	Cold:0.013279,0.010982,0.041172,0.066986,0.551917,0.024444,0.038432,0.037563,-1
[INFO ] 461999	Whole:0.027151,0.023050,0.042854,0.070165,0.591393,0.028681,0.047744,0.073121,-1
[INFO ] 461999	Cold:0.013381,0.010762,0.041747,0.066015,0.551242,0.024149,0.037934,0.037278,-1
[INFO ] 464999	Whole:0.026939,0.022967,0.042421,0.068998,0.590901,0.028313,0.047183,0.072359,-1
[INFO ] 464999	Cold:0.013347,0.010694,0.040961,0.066036,0.551073,0.023577,0.037416,0.036401,-1
[INFO ] 467999	Whole:0.026893,0.022914,0.041426,0.069162,0.591620,0.028014,0.046985,0.071819,-1
[INFO ] 467999	Cold:0.012671,0.010965,0.039131,0.066836,0.552338,0.023379,0.037473,0.036062,-1
[INFO ] 1/1
[INFO ] 470999	Whole:0.027136,0.022762,0.042776,0.069281,0.591392,0.028073,0.047037,0.071671,-1
[INFO ] 470999	Cold:0.013550,0.010830,0.041952,0.066040,0.551917,0.023572,0.037566,0.036715,-1
[INFO ] 473999	Whole:0.027636,0.022868,0.043230,0.069630,0.590788,0.028628,0.047500,0.072560,-1
[INFO ] 473999	Cold:0.013347,0.010931,0.041229,0.066746,0.552592,0.023887,0.037999,0.037419,-1
[INFO ] 476999	Whole:0.027454,0.023209,0.042894,0.070286,0.591923,0.028672,0.047856,0.073231,-1
[INFO ] 476999	Cold:0.013414,0.011100,0.041707,0.067418,0.552930,0.024166,0.038470,0.037942,-1
[INFO ] 479999	Whole:0.027424,0.022626,0.043356,0.068244,0.589803,0.028141,0.046762,0.072278,-1
[INFO ] 479999	Cold:0.013550,0.010863,0.042262,0.066371,0.552339,0.023827,0.037918,0.037566,-1
[INFO ] 482999	Whole:0.026954,0.022891,0.042459,0.069103,0.590673,0.028764,0.047498,0.073010,-1
[INFO ] 482999	Cold:0.013313,0.010762,0.041277,0.065999,0.551411,0.024848,0.038493,0.038267,-1
[INFO ] 485999	Whole:0.026696,0.022997,0.041897,0.069574,0.591204,0.028463,0.047465,0.072598,-1
[INFO ] 485999	Cold:0.013381,0.011117,0.041060,0.067511,0.553098,0.024307,0.038516,0.037691,-1
[INFO ] 488999	Whole:0.027393,0.023209,0.042113,0.069919,0.591582,0.029077,0.048086,0.073763,-1
[INFO ] 488999	Cold:0.013448,0.010998,0.041423,0.066691,0.552255,0.024151,0.038208,0.037513,-1
[INFO ] 491999	Whole:0.027530,0.023012,0.043263,0.069743,0.591242,0.029099,0.048008,0.073356,-1
[INFO ] 491999	Cold:0.013347,0.011100,0.041685,0.067272,0.552846,0.024766,0.038936,0.038657,-1
[INFO ] 494999	Whole:0.027302,0.023027,0.042411,0.069592,0.591620,0.028804,0.047761,0.073286,-1
[INFO ] 494999	Cold:0.013347,0.011134,0.041164,0.067185,0.553351,0.024762,0.038875,0.038572,-1
[INFO ] 497999	Whole:0.026544,0.022618,0.041523,0.068025,0.590030,0.028416,0.046853,0.071846,-1
[INFO ] 497999	Cold:0.013009,0.010846,0.039939,0.065552,0.551664,0.024388,0.038075,0.037671,-1
[INFO ] 1/1
[INFO ] 500999	Whole:0.026817,0.022686,0.042128,0.068930,0.590221,0.028690,0.047439,0.072941,-1
[INFO ] 500999	Cold:0.013347,0.010914,0.041299,0.066230,0.552086,0.024601,0.038450,0.038143,-1
[INFO ] 503999	Whole:0.026878,0.022876,0.042356,0.070149,0.591091,0.028653,0.047639,0.072266,-1
[INFO ] 503999	Cold:0.013448,0.010998,0.041848,0.067602,0.552340,0.025097,0.039142,0.038655,-1
[INFO ] 506999	Whole:0.026590,0.022535,0.041756,0.069092,0.589918,0.028074,0.046817,0.071238,-1
[INFO ] 506999	Cold:0.013110,0.010796,0.040730,0.066295,0.551326,0.024408,0.038167,0.037444,-1
[INFO ] 509999	Whole:0.026848,0.022747,0.042600,0.069094,0.590787,0.028433,0.047151,0.072068,-1
[INFO ] 509999	Cold:0.013550,0.010610,0.042426,0.065853,0.550652,0.024777,0.038295,0.037623,-1
[INFO ] 512999	Whole:0.026878,0.022194,0.042598,0.067465,0.588327,0.028476,0.046655,0.071702,-1
[INFO ] 512999	Cold:0.013313,0.010492,0.041755,0.064315,0.550061,0.024844,0.037999,0.037730,-1
[INFO ] 515999	Whole:0.026954,0.022974,0.042242,0.069326,0.590900,0.028736,0.047552,0.072918,-1
[INFO ] 515999	Cold:0.013245,0.011049,0.041823,0.067644,0.552845,0.024941,0.038946,0.038087,-1
[INFO ] 518999	Whole:0.026514,0.022883,0.041133,0.068737,0.590371,0.028702,0.047419,0.073109,-1
[INFO ] 518999	Cold:0.012840,0.011032,0.040305,0.067393,0.552591,0.024639,0.038648,0.037759,-1
[INFO ] 521999	Whole:0.026741,0.022466,0.041642,0.068227,0.589766,0.028322,0.046941,0.072532,-1
[INFO ] 521999	Cold:0.013347,0.010627,0.041243,0.065982,0.551074,0.024494,0.038246,0.038177,-1
[INFO ] 524999	Whole:0.026848,0.022754,0.041840,0.068110,0.589652,0.028782,0.047292,0.073138,-1
[INFO ] 524999	Cold:0.013110,0.010711,0.040953,0.065476,0.551073,0.025070,0.038601,0.038693,-1
[INFO ] 527999	Whole:0.026848,0.022952,0.041889,0.069430,0.590486,0.029255,0.048040,0.073612,-1
[INFO ] 527999	Cold:0.013347,0.011049,0.041192,0.067019,0.552508,0.026204,0.039940,0.040399,-1
[INFO ] 530999	Whole:0.026726,0.022565,0.042057,0.067618,0.589653,0.028438,0.046943,0.071945,-1
[INFO ] 530999	Cold:0.013110,0.010998,0.040657,0.066425,0.552424,0.024784,0.038730,0.038609,-1
[INFO ] 1/1
[INFO ] 533999	Whole:0.027333,0.022861,0.042761,0.068682,0.589955,0.028939,0.047585,0.073550,-1
[INFO ] 533999	Cold:0.013347,0.010779,0.041282,0.066227,0.551664,0.024950,0.038744,0.038917,-1
[INFO ] 536999	Whole:0.026772,0.022808,0.042762,0.069281,0.589919,0.028776,0.047527,0.072348,-1
[INFO ] 536999	Cold:0.013921,0.010998,0.042797,0.066661,0.552340,0.025481,0.039349,0.039479,-1
[INFO ] 539999	Whole:0.026908,0.022656,0.042203,0.069118,0.590070,0.028823,0.047506,0.073082,-1
[INFO ] 539999	Cold:0.013245,0.011066,0.041699,0.067247,0.552845,0.025234,0.039213,0.038940,-1
[INFO ] 542999	Whole:0.026757,0.022709,0.042180,0.068480,0.589728,0.028501,0.047105,0.072372,-1
[INFO ] 542999	Cold:0.012975,0.010948,0.040483,0.066596,0.552254,0.024276,0.038329,0.038075,-1
[INFO ] 545999	Whole:0.027166,0.022573,0.042398,0.068441,0.589614,0.028767,0.047312,0.072782,-1
[INFO ] 545999	Cold:0.013279,0.010796,0.041541,0.066295,0.551158,0.024616,0.038417,0.038098,-1
[INFO ] 548999	Whole:0.027318,0.022823,0.042125,0.069313,0.590788,0.028833,0.047708,0.073679,-1
[INFO ] 548999	Cold:0.012975,0.010745,0.040094,0.065174,0.550989,0.024163,0.037829,0.037618,-1
[INFO ] 551999	Whole:0.026605,0.022739,0.042015,0.068816,0.590333,0.028747,0.047448,0.073056,-1
[INFO ] 551999	Cold:0.012874,0.010880,0.040398,0.066422,0.551833,0.024626,0.038461,0.038009,-1
[INFO ] 554999	Whole:0.027363,0.022823,0.042611,0.068810,0.590826,0.029063,0.047867,0.074517,-1
[INFO ] 554999	Cold:0.013043,0.011066,0.040618,0.066323,0.552760,0.024562,0.038539,0.038468,-1
[INFO ] 557999	Whole:0.026999,0.022754,0.042242,0.069316,0.589653,0.028625,0.047406,0.072706,-1
[INFO ] 557999	Cold:0.012941,0.010880,0.040463,0.067027,0.551664,0.024579,0.038559,0.038294,-1