[INFO ] Training: ...ssh/lastfm-hetrec/train0.5_folder_1, Testing:: .../ssh/lastfm-hetrec/test0.5_folder_1.
[DEBUG] User amount: 1612, item amount: 5534
[DEBUG] Rate amount: 30018, scales: {1.0}
[DEBUG] User amount: 1612, item amount: 5534
[DEBUG] Rate amount: 28523, scales: {1.0}
[INFO ] AsyWalkRanker: 30,5.0E-4,0.35,0.35,100,1,100,0.42,10
[INFO ] 1/1
[INFO ] 1/1
[INFO ] 1/1
[INFO ] 1/1
[INFO ] 1/1
[INFO ] 1/1
[INFO ] 1/1
[INFO ] 1/1
[INFO ] 50999	Whole:0.174363,0.144547,0.083581,0.132275,0.776798,0.119254,0.127213,0.331453,-1
[INFO ] 50999	Cold:0.055108,0.045666,0.104214,0.165968,0.670687,0.069947,0.114676,0.149936,-1
[INFO ] 51999	Whole:0.174504,0.143768,0.083897,0.131848,0.776451,0.119655,0.127286,0.332821,-1
[INFO ] 51999	Cold:0.054489,0.045666,0.104533,0.167657,0.669917,0.070080,0.114746,0.147752,-1
[INFO ] 52999	Whole:0.173796,0.144830,0.084407,0.133209,0.776102,0.119932,0.127853,0.332111,-1
[INFO ] 52999	Cold:0.055108,0.046130,0.107453,0.167338,0.672994,0.069862,0.114884,0.148542,-1
[INFO ] 53999	Whole:0.169405,0.144759,0.082076,0.133861,0.782416,0.118014,0.127361,0.331831,-1
[INFO ] 53999	Cold:0.052632,0.045975,0.102653,0.167400,0.676072,0.069218,0.114734,0.152468,-1
[INFO ] 54999	Whole:0.169263,0.144263,0.080537,0.132087,0.781364,0.118091,0.126643,0.332005,-1
[INFO ] 54999	Cold:0.050464,0.046285,0.096876,0.165805,0.676069,0.068845,0.114002,0.149800,-1
[INFO ] 55999	Whole:0.170113,0.144193,0.080096,0.133013,0.781716,0.118323,0.127038,0.330171,-1
[INFO ] 55999	Cold:0.051703,0.045046,0.097831,0.164022,0.673764,0.068508,0.113121,0.150106,-1
[INFO ] 56999	Whole:0.172380,0.143839,0.082788,0.130785,0.779243,0.117443,0.125471,0.325972,-1
[INFO ] 56999	Cold:0.053251,0.045201,0.103450,0.161973,0.671440,0.067175,0.111070,0.142846,-1
[INFO ] 1/1
[INFO ] 57999	Whole:0.173654,0.142635,0.082217,0.129389,0.778543,0.117127,0.125356,0.328603,-1
[INFO ] 57999	Cold:0.055418,0.044582,0.107065,0.158576,0.669903,0.064735,0.108332,0.139792,-1
[INFO ] 58999	Whole:0.171246,0.141501,0.082493,0.128078,0.775379,0.116316,0.124130,0.327833,-1
[INFO ] 58999	Cold:0.054799,0.045046,0.106893,0.162639,0.672220,0.065661,0.109910,0.139786,-1
[INFO ] 59999	Whole:0.169263,0.140935,0.084360,0.129059,0.777826,0.114958,0.123438,0.325625,-1
[INFO ] 59999	Cold:0.054799,0.043344,0.107657,0.160271,0.666822,0.065919,0.109185,0.141782,-1
[INFO ] 60999	Whole:0.170822,0.140793,0.082496,0.128663,0.779239,0.115430,0.123549,0.326783,-1
[INFO ] 60999	Cold:0.054489,0.043498,0.102059,0.159761,0.667590,0.065460,0.108836,0.141949,-1
[INFO ] 61999	Whole:0.167847,0.141572,0.082338,0.128511,0.779576,0.114458,0.122740,0.324711,-1
[INFO ] 61999	Cold:0.054489,0.043808,0.105611,0.160357,0.667591,0.064492,0.108154,0.139058,-1




[INFO ] Training: ...ssh/lastfm-hetrec/train0.5_folder_1, Testing:: .../ssh/lastfm-hetrec/test0.5_folder_1.
[DEBUG] User amount: 1612, item amount: 5534
[DEBUG] Rate amount: 30018, scales: {1.0}
[DEBUG] User amount: 1612, item amount: 5534
[DEBUG] Rate amount: 28523, scales: {1.0}
[INFO ] AsyWalkRanker: 30,5.0E-4,0.42,0.42,100,1,100,0.42,10
[INFO ] 1/1
[INFO ] 1/1
[INFO ] 1/1
[INFO ] 1/1
[INFO ] 1/1
[INFO ] 1/1
[INFO ] 1/1
[INFO ] 1/1
[INFO ] 50999	Whole:0.171530,0.145184,0.081620,0.130712,0.779212,0.120675,0.127691,0.333986,-1
[INFO ] 50999	Cold:0.054489,0.044272,0.103094,0.161277,0.665293,0.071214,0.114842,0.156048,-1
[INFO ] 51999	Whole:0.172096,0.145609,0.082822,0.131462,0.779917,0.120986,0.128118,0.335176,-1
[INFO ] 51999	Cold:0.055418,0.044582,0.103770,0.163354,0.668380,0.071720,0.115924,0.157910,-1
[INFO ] 52999	Whole:0.169688,0.144759,0.080865,0.131314,0.778876,0.119341,0.126852,0.331786,-1
[INFO ] 52999	Cold:0.054180,0.043808,0.102743,0.160241,0.666056,0.069666,0.112980,0.152700,-1
[INFO ] 53999	Whole:0.170963,0.145751,0.080988,0.133324,0.781345,0.120753,0.128460,0.330959,-1
[INFO ] 53999	Cold:0.055418,0.045511,0.101095,0.166752,0.675319,0.072774,0.117338,0.157540,-1
[INFO ] 54999	Whole:0.170680,0.145892,0.081010,0.132843,0.780987,0.120130,0.127933,0.331569,-1
[INFO ] 54999	Cold:0.055418,0.045666,0.103640,0.164939,0.673771,0.069656,0.114586,0.152663,-1
[INFO ] 55999	Whole:0.170680,0.146105,0.081534,0.132834,0.781000,0.119435,0.127329,0.330649,-1
[INFO ] 55999	Cold:0.054180,0.045046,0.100530,0.164441,0.673000,0.070323,0.115177,0.156029,-1
[INFO ] 56999	Whole:0.170963,0.146034,0.080556,0.132882,0.779247,0.121020,0.128762,0.333947,-1
[INFO ] 56999	Cold:0.055728,0.045511,0.099381,0.164107,0.666833,0.071763,0.115286,0.150493,-1
[INFO ] 1/1
[INFO ] 57999	Whole:0.170255,0.145184,0.080474,0.133812,0.781016,0.120290,0.128445,0.334487,-1
[INFO ] 57999	Cold:0.053560,0.045975,0.097622,0.170587,0.673769,0.071333,0.116668,0.153128,-1
[INFO ] 58999	Whole:0.169688,0.145326,0.079521,0.134409,0.781014,0.119649,0.128144,0.332218,-1
[INFO ] 58999	Cold:0.055108,0.045511,0.099561,0.167964,0.671460,0.071735,0.116385,0.153934,-1
[INFO ] 59999	Whole:0.172663,0.144547,0.084910,0.131849,0.777836,0.120017,0.128143,0.331274,-1
[INFO ] 59999	Cold:0.057585,0.045046,0.109068,0.162600,0.667606,0.072659,0.115945,0.153291,-1
[INFO ] 60999	Whole:0.172946,0.144122,0.087436,0.132698,0.779601,0.119742,0.128304,0.331634,-1
[INFO ] 60999	Cold:0.058514,0.045666,0.111555,0.168463,0.672241,0.073162,0.117872,0.154617,-1
[INFO ] 61999	Whole:0.173371,0.144263,0.084670,0.133977,0.779609,0.119649,0.128205,0.330405,-1
[INFO ] 61999	Cold:0.056347,0.045975,0.105585,0.166340,0.671461,0.070212,0.115210,0.151413,-1
[INFO ] 62999	Whole:0.171105,0.144901,0.084105,0.132861,0.780299,0.118014,0.127367,0.330155,-1
[INFO ] 62999	Cold:0.056966,0.045666,0.107005,0.164378,0.671453,0.068423,0.113027,0.148321,-1
[INFO ] 63999	Whole:0.171388,0.144122,0.083191,0.132646,0.779609,0.117723,0.127083,0.330230,-1
[INFO ] 63999	Cold:0.056347,0.045666,0.103634,0.163088,0.671452,0.068837,0.112857,0.147068,-1
[INFO ] 1/1
[INFO ] 64999	Whole:0.172380,0.145963,0.085483,0.131218,0.779953,0.120433,0.129081,0.334301,-1
[INFO ] 64999	Cold:0.058514,0.044582,0.110359,0.160439,0.667610,0.071220,0.114888,0.155356,-1
[INFO ] 65999	Whole:0.174646,0.145255,0.086676,0.131868,0.775037,0.119885,0.126826,0.328288,-1
[INFO ] 65999	Cold:0.057276,0.043808,0.110067,0.162464,0.662983,0.069048,0.112830,0.149415,-1
[INFO ] 66999	Whole:0.174221,0.144901,0.085424,0.130270,0.773624,0.120424,0.126525,0.328317,-1
[INFO ] 66999	Cold:0.055418,0.043498,0.107565,0.158179,0.659893,0.070554,0.113185,0.153838,-1
[INFO ] 67999	Whole:0.172238,0.143909,0.084020,0.130116,0.774317,0.120352,0.127091,0.331230,-1
[INFO ] 67999	Cold:0.056347,0.043808,0.105708,0.158107,0.662198,0.068423,0.111045,0.147569,-1
[INFO ] 68999	Whole:0.173371,0.142918,0.086205,0.130217,0.775391,0.118618,0.126269,0.326868,-1
[INFO ] 68999	Cold:0.056656,0.042570,0.108975,0.159672,0.659127,0.070400,0.112698,0.151118,-1
[INFO ] 69999	Whole:0.173088,0.143130,0.086310,0.130789,0.775050,0.118510,0.126281,0.327916,-1
[INFO ] 69999	Cold:0.056656,0.043963,0.108530,0.164228,0.663751,0.071744,0.115228,0.154268,-1



[INFO ] Training: ...ssh/lastfm-hetrec/train0.5_folder_1, Testing:: .../ssh/lastfm-hetrec/test0.5_folder_1.
[DEBUG] User amount: 1612, item amount: 5534
[DEBUG] Rate amount: 30018, scales: {1.0}
[DEBUG] User amount: 1612, item amount: 5534
[DEBUG] Rate amount: 28523, scales: {1.0}
[INFO ] AsyWalkRanker: 30,5.0E-4,0.5,0.5,100,1,100,0.42,10
[INFO ] 1/1
[INFO ] 1/1
[INFO ] 1/1
[INFO ] 1/1
[INFO ] 1/1
[INFO ] 1/1
[INFO ] 1/1
[INFO ] 1/1
[INFO ] 50999	Whole:0.168980,0.142776,0.080545,0.130490,0.775384,0.117256,0.124769,0.327289,-1
[INFO ] 50999	Cold:0.056037,0.044582,0.102278,0.163287,0.668375,0.067732,0.112363,0.151004,-1
[INFO ] 51999	Whole:0.168839,0.143130,0.080171,0.130224,0.777134,0.117654,0.125056,0.328220,-1
[INFO ] 51999	Cold:0.053870,0.044118,0.100038,0.161760,0.664516,0.068941,0.112874,0.153934,-1
[INFO ] 52999	Whole:0.168980,0.141572,0.081218,0.127954,0.771162,0.117967,0.124726,0.328945,-1
[INFO ] 52999	Cold:0.054489,0.044582,0.098978,0.162435,0.668369,0.069567,0.113389,0.151502,-1
[INFO ] 53999	Whole:0.172946,0.143839,0.085766,0.132432,0.779267,0.120695,0.128410,0.334229,-1
[INFO ] 53999	Cold:0.057276,0.045820,0.108893,0.167632,0.675323,0.072019,0.117216,0.155863,-1
[INFO ] 54999	Whole:0.173371,0.143130,0.086157,0.131968,0.778910,0.119914,0.127743,0.334567,-1
[INFO ] 54999	Cold:0.057895,0.045046,0.109635,0.169428,0.675327,0.074027,0.118844,0.158671,-1
[INFO ] 55999	Whole:0.175071,0.141856,0.086523,0.132995,0.777862,0.121082,0.128819,0.336652,-1
[INFO ] 55999	Cold:0.059133,0.045046,0.113331,0.170066,0.672250,0.074347,0.118916,0.156510,-1
[INFO ] 56999	Whole:0.168697,0.141926,0.083723,0.133154,0.777867,0.120634,0.128950,0.336955,-1
[INFO ] 56999	Cold:0.057585,0.046285,0.108503,0.170514,0.675324,0.075952,0.120897,0.160429,-1
[INFO ] 1/1
[INFO ] 57999	Whole:0.171246,0.142351,0.086463,0.132214,0.777509,0.120657,0.128738,0.336143,-1
[INFO ] 57999	Cold:0.057895,0.046130,0.110318,0.165964,0.672244,0.074585,0.118892,0.157421,-1
[INFO ] 58999	Whole:0.171813,0.143343,0.083435,0.132115,0.776449,0.120978,0.128650,0.337169,-1
[INFO ] 58999	Cold:0.058204,0.046904,0.108033,0.171634,0.673785,0.073130,0.118727,0.153737,-1
[INFO ] 59999	Whole:0.173938,0.143484,0.085753,0.134499,0.777151,0.119556,0.128562,0.331702,-1
[INFO ] 59999	Cold:0.061300,0.046749,0.111611,0.171309,0.673794,0.072985,0.119296,0.157995,-1
[INFO ] 60999	Whole:0.173229,0.142705,0.085715,0.132800,0.778201,0.120172,0.128993,0.334088,-1
[INFO ] 60999	Cold:0.059133,0.046440,0.108221,0.168882,0.673014,0.074831,0.119821,0.159865,-1
[INFO ] 61999	Whole:0.172238,0.145113,0.086791,0.135189,0.781367,0.121091,0.130068,0.333065,-1
[INFO ] 61999	Cold:0.060991,0.046440,0.114687,0.169269,0.672245,0.074819,0.119606,0.157452,-1
[INFO ] 62999	Whole:0.175921,0.143980,0.088415,0.135882,0.783877,0.121648,0.130705,0.338908,-1
[INFO ] 62999	Cold:0.063467,0.047214,0.117426,0.175013,0.683046,0.074523,0.121620,0.162069,-1
[INFO ] 63999	Whole:0.175071,0.143980,0.087882,0.137516,0.783909,0.121491,0.131352,0.339989,-1
[INFO ] 63999	Cold:0.061920,0.048142,0.112745,0.177983,0.683049,0.074953,0.123028,0.164472,-1
[INFO ] 1/1
[INFO ] 64999	Whole:0.175496,0.145538,0.089053,0.135716,0.785256,0.122770,0.131593,0.340459,-1
[INFO ] 64999	Cold:0.061300,0.046285,0.114728,0.168976,0.675337,0.074683,0.119837,0.159148,-1
[INFO ] 65999	Whole:0.177054,0.147167,0.086956,0.136923,0.784209,0.124313,0.132961,0.343655,-1
[INFO ] 65999	Cold:0.062229,0.048452,0.114049,0.175411,0.683041,0.076555,0.123305,0.162127,-1
[INFO ] 66999	Whole:0.176346,0.145042,0.086313,0.135366,0.782802,0.122680,0.131387,0.342226,-1
[INFO ] 66999	Cold:0.060681,0.048142,0.112104,0.174447,0.681497,0.076123,0.122291,0.159676,-1
[INFO ] 67999	Whole:0.175212,0.146742,0.085025,0.136002,0.784206,0.123533,0.132147,0.341222,-1
[INFO ] 67999	Cold:0.059133,0.047214,0.109137,0.169955,0.677640,0.076487,0.121195,0.158857,-1
[INFO ] 68999	Whole:0.176346,0.144901,0.087821,0.132671,0.780336,0.122998,0.130659,0.337981,-1
[INFO ] 68999	Cold:0.060681,0.046285,0.114221,0.165949,0.675334,0.075566,0.119794,0.159292,-1
[INFO ] 69999	Whole:0.175921,0.146034,0.087528,0.135081,0.784908,0.124139,0.131919,0.340248,-1
[INFO ] 69999	Cold:0.060681,0.048142,0.113917,0.171579,0.679192,0.074807,0.120643,0.156495,-1
[INFO ] 70999	Whole:0.177620,0.146388,0.088786,0.136914,0.785277,0.124082,0.132805,0.344600,-1
[INFO ] 70999	Cold:0.061610,0.047833,0.114365,0.173753,0.679970,0.077209,0.123069,0.160489,-1
[INFO ] 1/1
[INFO ] 71999	Whole:0.181161,0.146317,0.089968,0.136078,0.784925,0.125125,0.132857,0.342137,-1
[INFO ] 71999	Cold:0.062848,0.046285,0.116928,0.170693,0.676891,0.077186,0.122455,0.162373,-1
[INFO ] 72999	Whole:0.182011,0.146671,0.092451,0.136589,0.784569,0.125821,0.133116,0.341298,-1
[INFO ] 72999	Cold:0.063777,0.047214,0.123613,0.172700,0.676889,0.076598,0.122462,0.159590,-1
[INFO ] 73999	Whole:0.181161,0.146601,0.095084,0.138910,0.788085,0.125147,0.133893,0.342207,-1
[INFO ] 73999	Cold:0.062229,0.047678,0.120541,0.174903,0.679973,0.076677,0.123598,0.163124,-1
[INFO ] 74999	Whole:0.172805,0.145680,0.087219,0.136171,0.785247,0.121848,0.131632,0.342368,-1
[INFO ] 74999	Cold:0.062848,0.047368,0.116601,0.175183,0.681504,0.075750,0.122427,0.160682,-1
[INFO ] 75999	Whole:0.172663,0.145467,0.087089,0.136807,0.785609,0.122176,0.132002,0.342879,-1
[INFO ] 75999	Cold:0.060681,0.046594,0.113418,0.171313,0.678421,0.075100,0.120776,0.158639,-1
[INFO ] 76999	Whole:0.173513,0.145538,0.085998,0.135383,0.785632,0.122356,0.131445,0.342787,-1
[INFO ] 76999	Cold:0.060681,0.046904,0.113311,0.169831,0.679189,0.073451,0.119692,0.159088,-1
[INFO ] 77999	Whole:0.174504,0.146742,0.084100,0.137426,0.783851,0.122195,0.131099,0.336920,-1
[INFO ] 77999	Cold:0.058514,0.046749,0.105944,0.171997,0.676876,0.073895,0.119966,0.157584,-1
[INFO ] 1/1
[INFO ] 78999	Whole:0.178329,0.147309,0.089759,0.135439,0.781739,0.124515,0.131516,0.338475,-1
[INFO ] 78999	Cold:0.061300,0.047988,0.119504,0.174034,0.678425,0.074292,0.121170,0.158026,-1
[INFO ] 79999	Whole:0.178895,0.146176,0.091168,0.135801,0.782462,0.123213,0.131244,0.336477,-1
[INFO ] 79999	Cold:0.061920,0.047059,0.120719,0.171642,0.679197,0.074686,0.120893,0.159341,-1
[INFO ] 80999	Whole:0.175637,0.147450,0.086226,0.134825,0.783519,0.122218,0.130433,0.336880,-1
[INFO ] 80999	Cold:0.059133,0.047214,0.112707,0.168189,0.676872,0.073323,0.119187,0.158618,-1
[INFO ] 81999	Whole:0.175212,0.147309,0.087134,0.134685,0.783872,0.122853,0.131018,0.338355,-1
[INFO ] 81999	Cold:0.059443,0.047368,0.114100,0.169273,0.676870,0.073329,0.119097,0.156604,-1
[INFO ] 82999	Whole:0.173371,0.147096,0.085312,0.135321,0.782469,0.122238,0.130592,0.337573,-1
[INFO ] 82999	Cold:0.058824,0.046594,0.108107,0.166752,0.674550,0.072479,0.117369,0.155252,-1
[INFO ] 83999	Whole:0.173796,0.144972,0.085920,0.134399,0.781406,0.120048,0.128500,0.330234,-1
[INFO ] 83999	Cold:0.058204,0.047059,0.112065,0.169778,0.679953,0.070888,0.117026,0.152737,-1
[INFO ] 84999	Whole:0.173513,0.145113,0.085462,0.134214,0.782091,0.120281,0.128311,0.330936,-1
[INFO ] 84999	Cold:0.058824,0.046904,0.111866,0.167440,0.676097,0.071056,0.116894,0.154396,-1




[INFO ] Training: ...ssh/lastfm-hetrec/train0.5_folder_1, Testing:: .../ssh/lastfm-hetrec/test0.5_folder_1.
[DEBUG] User amount: 1612, item amount: 5534
[DEBUG] Rate amount: 30018, scales: {1.0}
[DEBUG] User amount: 1612, item amount: 5534
[DEBUG] Rate amount: 28523, scales: {1.0}
[INFO ] AsyWalkRanker: 30,3.5E-4,0.5,0.5,100,1,100,0.42,10
[INFO ] 1/1
[INFO ] 1/1
[INFO ] 1/1
[INFO ] 1/1
[INFO ] 1/1
[INFO ] 1/1
[INFO ] 1/1
[INFO ] 1/1
[INFO ] 50999	Whole:0.162606,0.134278,0.075510,0.119543,0.763013,0.107143,0.114676,0.304154,-1
[INFO ] 50999	Cold:0.050464,0.040712,0.092660,0.147907,0.652149,0.059798,0.100067,0.130403,-1
[INFO ] 51999	Whole:0.161473,0.133569,0.074334,0.120226,0.763379,0.107103,0.114848,0.303986,-1
[INFO ] 51999	Cold:0.049226,0.041331,0.089072,0.151250,0.654462,0.059886,0.100905,0.130325,-1
[INFO ] 52999	Whole:0.161190,0.133640,0.072296,0.119801,0.762316,0.106578,0.114288,0.306637,-1
[INFO ] 52999	Cold:0.048297,0.040402,0.087019,0.149441,0.653694,0.059611,0.100136,0.130379,-1
[INFO ] 53999	Whole:0.160907,0.136969,0.074793,0.123174,0.764074,0.112142,0.118963,0.319529,-1
[INFO ] 53999	Cold:0.050155,0.042105,0.092350,0.155406,0.656775,0.065195,0.106422,0.139479,-1
[INFO ] 54999	Whole:0.160482,0.136686,0.074796,0.122976,0.764417,0.111195,0.118390,0.318355,-1
[INFO ] 54999	Cold:0.050774,0.041641,0.091757,0.154976,0.655232,0.062907,0.104180,0.135085,-1
[INFO ] 55999	Whole:0.159490,0.136473,0.073207,0.123578,0.764774,0.110105,0.117650,0.313475,-1
[INFO ] 55999	Cold:0.050464,0.042260,0.092135,0.155457,0.656771,0.062535,0.103960,0.133425,-1
[INFO ] 56999	Whole:0.165014,0.137323,0.079233,0.124014,0.767609,0.113184,0.120077,0.319009,-1
[INFO ] 56999	Cold:0.052322,0.042260,0.099463,0.153611,0.658329,0.064860,0.106507,0.141481,-1
[INFO ] 1/1
[INFO ] 57999	Whole:0.166006,0.138456,0.079044,0.127321,0.769717,0.113055,0.120777,0.318986,-1
[INFO ] 57999	Cold:0.053251,0.043344,0.099593,0.159919,0.662954,0.065461,0.108324,0.140899,-1
[INFO ] 58999	Whole:0.165722,0.137960,0.079496,0.127109,0.768667,0.114162,0.121477,0.321863,-1
[INFO ] 58999	Cold:0.053251,0.043808,0.099697,0.160824,0.664498,0.066003,0.109270,0.142629,-1
[INFO ] 59999	Whole:0.163881,0.137110,0.078336,0.125748,0.766929,0.112206,0.120122,0.319204,-1
[INFO ] 59999	Cold:0.053251,0.043189,0.098930,0.158698,0.662188,0.064105,0.106883,0.138185,-1
[INFO ] 60999	Whole:0.163881,0.137819,0.078342,0.125933,0.766223,0.112730,0.120297,0.319458,-1
[INFO ] 60999	Cold:0.053560,0.042570,0.100773,0.156993,0.659878,0.064042,0.106183,0.137182,-1
[INFO ] 61999	Whole:0.166006,0.137960,0.078309,0.125465,0.766922,0.113279,0.120651,0.322194,-1
[INFO ] 61999	Cold:0.052012,0.043344,0.094634,0.159145,0.662184,0.063558,0.106950,0.141597,-1
[INFO ] 62999	Whole:0.163739,0.141006,0.079693,0.129129,0.772906,0.115931,0.123474,0.323505,-1
[INFO ] 62999	Cold:0.053251,0.044892,0.101684,0.164024,0.668357,0.068172,0.111526,0.143009,-1
[INFO ] 63999	Whole:0.164306,0.140864,0.079358,0.128903,0.772544,0.115835,0.123265,0.322220,-1
[INFO ] 63999	Cold:0.054799,0.043963,0.104139,0.162557,0.666046,0.067253,0.110199,0.141371,-1
[INFO ] 1/1
[INFO ] 64999	Whole:0.167847,0.142280,0.082041,0.129472,0.773949,0.116732,0.123480,0.318567,-1
[INFO ] 64999	Cold:0.054489,0.043808,0.102488,0.160855,0.666050,0.066843,0.110236,0.144180,-1
[INFO ] 65999	Whole:0.169547,0.142139,0.081790,0.128222,0.773254,0.117318,0.123959,0.325409,-1
[INFO ] 65999	Cold:0.056037,0.044427,0.104331,0.161478,0.667594,0.067114,0.110807,0.144388,-1
[INFO ] 66999	Whole:0.170822,0.142139,0.081635,0.127554,0.773601,0.117698,0.124277,0.325833,-1
[INFO ] 66999	Cold:0.056347,0.043653,0.104836,0.158196,0.664516,0.066863,0.109890,0.144522,-1
[INFO ] 67999	Whole:0.171105,0.141572,0.083464,0.129021,0.773617,0.117081,0.124165,0.325520,-1
[INFO ] 67999	Cold:0.056347,0.044892,0.107401,0.164640,0.669140,0.066746,0.111198,0.143744,-1
[INFO ] 68999	Whole:0.169547,0.141147,0.081359,0.129638,0.771861,0.117074,0.124379,0.325701,-1
[INFO ] 68999	Cold:0.054799,0.044582,0.102717,0.162429,0.668363,0.068068,0.111541,0.145432,-1
[INFO ] 69999	Whole:0.168839,0.141431,0.080654,0.129684,0.772555,0.116286,0.123676,0.323037,-1
[INFO ] 69999	Cold:0.053560,0.044427,0.101117,0.164567,0.669903,0.068210,0.111729,0.144238,-1
[INFO ] 70999	Whole:0.169688,0.141572,0.080746,0.129439,0.775025,0.116691,0.124113,0.325421,-1
[INFO ] 70999	Cold:0.053560,0.044427,0.100319,0.162636,0.669909,0.067757,0.111500,0.145666,-1
[INFO ] 1/1
[INFO ] 71999	Whole:0.170397,0.142422,0.082552,0.130624,0.777117,0.119398,0.127261,0.333504,-1
[INFO ] 71999	Cold:0.056966,0.045356,0.105315,0.164080,0.670693,0.071344,0.115421,0.152106,-1
[INFO ] 72999	Whole:0.171246,0.141643,0.082692,0.129578,0.775723,0.119590,0.127239,0.335423,-1
[INFO ] 72999	Cold:0.055418,0.045666,0.102680,0.166828,0.672236,0.072206,0.116774,0.153556,-1
[INFO ] 73999	Whole:0.169688,0.142918,0.082337,0.131838,0.776769,0.120160,0.128023,0.336269,-1
[INFO ] 73999	Cold:0.055418,0.045201,0.102075,0.164335,0.671462,0.072892,0.116583,0.153310,-1
[INFO ] 74999	Whole:0.173796,0.143272,0.084355,0.129260,0.776787,0.118014,0.125988,0.332765,-1
[INFO ] 74999	Cold:0.058514,0.044892,0.106805,0.159593,0.669917,0.066995,0.111410,0.150305,-1
[INFO ] 75999	Whole:0.173938,0.143059,0.084062,0.129464,0.777486,0.118958,0.126863,0.334567,-1
[INFO ] 75999	Cold:0.058514,0.044427,0.105735,0.159836,0.669146,0.069006,0.112877,0.152823,-1
[INFO ] 76999	Whole:0.174504,0.144547,0.083632,0.129723,0.777822,0.119837,0.126796,0.333096,-1
[INFO ] 76999	Cold:0.057895,0.044892,0.104013,0.160179,0.670686,0.068383,0.112426,0.151957,-1
[INFO ] 77999	Whole:0.177904,0.144405,0.086768,0.132419,0.779972,0.120567,0.128408,0.332560,-1
[INFO ] 77999	Cold:0.059752,0.045356,0.110174,0.164846,0.673786,0.071431,0.116063,0.154385,-1
[INFO ] 1/1
[INFO ] 78999	Whole:0.175496,0.144618,0.086821,0.133413,0.782073,0.120003,0.128130,0.329556,-1
[INFO ] 78999	Cold:0.060372,0.046749,0.110074,0.169118,0.675323,0.073537,0.118662,0.155400,-1
[INFO ] 79999	Whole:0.175212,0.144688,0.086556,0.132188,0.782067,0.120542,0.128165,0.331365,-1
[INFO ] 79999	Cold:0.059752,0.046594,0.108668,0.168976,0.676092,0.074284,0.119287,0.158078,-1
[INFO ] 80999	Whole:0.173513,0.144476,0.082393,0.133383,0.781377,0.121801,0.129227,0.336972,-1
[INFO ] 80999	Cold:0.057276,0.046749,0.104423,0.169628,0.676093,0.073146,0.118351,0.154185,-1
[INFO ] 81999	Whole:0.174221,0.144193,0.082451,0.133778,0.779633,0.122812,0.130096,0.338726,-1
[INFO ] 81999	Cold:0.057585,0.047059,0.104850,0.171471,0.676097,0.074726,0.120188,0.156546,-1
[INFO ] 82999	Whole:0.172946,0.144759,0.082705,0.133916,0.779971,0.122196,0.129642,0.337638,-1
[INFO ] 82999	Cold:0.056966,0.046440,0.102128,0.169587,0.673780,0.071697,0.117122,0.152675,-1
[INFO ] 83999	Whole:0.175071,0.146246,0.086643,0.134696,0.783835,0.123739,0.131492,0.341564,-1
[INFO ] 83999	Cold:0.060372,0.047059,0.113745,0.169691,0.679190,0.074932,0.120864,0.161234,-1
[INFO ] 84999	Whole:0.174504,0.146530,0.086349,0.136435,0.784894,0.123620,0.131730,0.340172,-1
[INFO ] 84999	Cold:0.059443,0.047368,0.110238,0.172980,0.680726,0.074470,0.120851,0.159500,-1
[INFO ] 1/1
[INFO ] 85999	Whole:0.177620,0.145822,0.087402,0.136494,0.784557,0.123782,0.131957,0.344518,-1
[INFO ] 85999	Cold:0.061610,0.047214,0.115241,0.171107,0.679184,0.074251,0.120225,0.158626,-1
[INFO ] 86999	Whole:0.175779,0.146459,0.087003,0.135131,0.782786,0.123112,0.130979,0.340393,-1
[INFO ] 86999	Cold:0.061300,0.047833,0.113100,0.170033,0.677644,0.074246,0.120170,0.158063,-1
[INFO ] 87999	Whole:0.176062,0.145822,0.088903,0.135262,0.781736,0.122524,0.130906,0.339677,-1
[INFO ] 87999	Cold:0.062539,0.047523,0.116957,0.170855,0.675332,0.073119,0.118969,0.154527,-1
[INFO ] 88999	Whole:0.176346,0.146601,0.086469,0.135450,0.780326,0.122612,0.130260,0.339087,-1
[INFO ] 88999	Cold:0.063158,0.047678,0.117666,0.172120,0.675330,0.072078,0.118248,0.151633,-1
[INFO ] 89999	Whole:0.176629,0.145538,0.084067,0.136218,0.781045,0.122809,0.130869,0.337472,-1
[INFO ] 89999	Cold:0.057895,0.047214,0.106920,0.171498,0.677632,0.073532,0.119036,0.155494,-1
[INFO ] 90999	Whole:0.176487,0.145680,0.082956,0.137361,0.782454,0.122547,0.130692,0.337455,-1
[INFO ] 90999	Cold:0.059133,0.046440,0.110569,0.170609,0.676870,0.073375,0.118663,0.155622,-1
[INFO ] 91999	Whole:0.176912,0.147025,0.085409,0.136796,0.784915,0.123200,0.131252,0.338878,-1
[INFO ] 91999	Cold:0.057895,0.047214,0.106777,0.171913,0.677637,0.072652,0.118971,0.157538,-1
[INFO ] 1/1
[INFO ] 92999	Whole:0.175212,0.146176,0.086836,0.138159,0.785273,0.122800,0.132236,0.339973,-1
[INFO ] 92999	Cold:0.060062,0.047833,0.112646,0.175463,0.682271,0.075221,0.122238,0.161257,-1
[INFO ] 93999	Whole:0.174079,0.146034,0.086480,0.137921,0.784220,0.122843,0.131681,0.337336,-1
[INFO ] 93999	Cold:0.058824,0.046749,0.108608,0.172279,0.678410,0.074496,0.120049,0.157203,-1
[INFO ] 94999	Whole:0.173229,0.146105,0.083844,0.138229,0.784201,0.122755,0.131507,0.337577,-1
[INFO ] 94999	Cold:0.059443,0.047214,0.109717,0.174251,0.680731,0.075821,0.122442,0.163902,-1
[INFO ] 95999	Whole:0.177762,0.145892,0.086614,0.134160,0.781018,0.121812,0.130012,0.338294,-1
[INFO ] 95999	Cold:0.059752,0.046904,0.111177,0.168775,0.676097,0.072067,0.117431,0.152385,-1
[INFO ] 96999	Whole:0.177054,0.146034,0.086486,0.134640,0.781723,0.121249,0.129702,0.336433,-1
[INFO ] 96999	Cold:0.059443,0.047523,0.112425,0.170929,0.676867,0.073231,0.118930,0.154173,-1
[INFO ] 97999	Whole:0.176062,0.146034,0.086215,0.134928,0.782075,0.121545,0.130102,0.338068,-1
[INFO ] 97999	Cold:0.059752,0.047214,0.111176,0.169943,0.676098,0.074258,0.119549,0.156116,-1
[INFO ] 98999	Whole:0.178754,0.147663,0.088423,0.139153,0.783521,0.123858,0.132692,0.335093,-1
[INFO ] 98999	Cold:0.062848,0.048762,0.114540,0.177746,0.682276,0.076339,0.123622,0.160458,-1
[INFO ] 99999	Whole:0.177904,0.146388,0.087725,0.138273,0.784221,0.123196,0.131966,0.335625,-1
[INFO ] 99999	Cold:0.062229,0.048297,0.110638,0.177048,0.681504,0.075836,0.122740,0.158220,-1
[INFO ] 1/1
[INFO ] 100999	Whole:0.177195,0.145467,0.087010,0.137318,0.782102,0.122286,0.131044,0.335776,-1
[INFO ] 100999	Cold:0.060991,0.047214,0.109682,0.175268,0.679191,0.072490,0.119463,0.155892,-1
[INFO ] 101999	Whole:0.175354,0.146955,0.085286,0.138544,0.782455,0.123774,0.132817,0.339132,-1
[INFO ] 101999	Cold:0.061300,0.048297,0.110848,0.175775,0.678419,0.076331,0.122883,0.160098,-1
[INFO ] 102999	Whole:0.175921,0.147946,0.087051,0.138046,0.783151,0.123808,0.132499,0.337100,-1
[INFO ] 102999	Cold:0.060991,0.046904,0.109005,0.171114,0.673796,0.074582,0.119992,0.156675,-1
[INFO ] 103999	Whole:0.175496,0.147946,0.084574,0.138314,0.784206,0.123673,0.132310,0.336740,-1
[INFO ] 103999	Cold:0.061610,0.048607,0.113159,0.175634,0.679191,0.076053,0.122548,0.158146,-1
[INFO ] 104999	Whole:0.179462,0.147663,0.089127,0.136719,0.782453,0.124262,0.132229,0.340629,-1
[INFO ] 104999	Cold:0.062848,0.046749,0.117272,0.169971,0.675336,0.074226,0.119468,0.156417,-1
[INFO ] 105999	Whole:0.178754,0.147238,0.089449,0.136254,0.782096,0.124123,0.132171,0.340853,-1
[INFO ] 105999	Cold:0.062229,0.046440,0.115285,0.167829,0.673794,0.074216,0.119155,0.157879,-1
[INFO ] 106999	Whole:0.178187,0.147592,0.090855,0.136514,0.781738,0.123506,0.131625,0.337716,-1
[INFO ] 106999	Cold:0.062848,0.046594,0.117788,0.170680,0.675339,0.073982,0.119306,0.154758,-1
[INFO ] 1/1


[INFO ] 107999	Whole:0.178187,0.147663,0.089557,0.138570,0.783509,0.124385,0.133047,0.339880,-1
[INFO ] 107999	Cold:0.063467,0.047833,0.119298,0.175931,0.679969,0.076623,0.123634,0.164057,-1
[INFO ] 108999	Whole:0.179462,0.147805,0.089844,0.138232,0.782464,0.125199,0.133318,0.339788,-1
[INFO ] 108999	Cold:0.063158,0.048297,0.118072,0.176454,0.678425,0.078676,0.125222,0.164848,-1
[INFO ] 109999	Whole:0.176487,0.147875,0.086912,0.138352,0.782812,0.125525,0.133207,0.339212,-1
[INFO ] 109999	Cold:0.060991,0.048297,0.114539,0.175841,0.678428,0.079449,0.125989,0.168302,-1
[INFO ] 110999	Whole:0.174788,0.147309,0.086054,0.138124,0.782453,0.122271,0.131009,0.336297,-1
[INFO ] 110999	Cold:0.060681,0.047214,0.113330,0.174000,0.673791,0.072527,0.118698,0.152565,-1
[INFO ] 111999	Whole:0.174363,0.147309,0.085952,0.137172,0.783147,0.122237,0.130690,0.336693,-1
[INFO ] 111999	Cold:0.060372,0.047368,0.110221,0.172674,0.673786,0.073046,0.118808,0.152015,-1
[INFO ] 112999	Whole:0.173796,0.147663,0.084688,0.138345,0.781749,0.121758,0.130237,0.333163,-1
[INFO ] 112999	Cold:0.060991,0.048142,0.111452,0.174667,0.676099,0.071739,0.118894,0.153807,-1
[INFO ] 113999	Whole:0.176629,0.147521,0.089198,0.137087,0.779645,0.124311,0.131913,0.337205,-1
[INFO ] 113999	Cold:0.061300,0.046440,0.116255,0.172741,0.674563,0.074884,0.120575,0.158201,-1
[INFO ] 1/1
[INFO ] 114999	Whole:0.176487,0.146388,0.088621,0.136670,0.779297,0.124206,0.131716,0.338695,-1
[INFO ] 114999	Cold:0.061920,0.046749,0.118512,0.173504,0.674567,0.074481,0.120384,0.156532,-1
[INFO ] 115999	Whole:0.177195,0.146884,0.089914,0.136279,0.778247,0.124975,0.132443,0.339285,-1
[INFO ] 115999	Cold:0.060991,0.046130,0.115619,0.170255,0.673031,0.076513,0.121382,0.160676,-1
[INFO ] 116999	Whole:0.176346,0.146317,0.087068,0.135588,0.776822,0.124968,0.132541,0.341649,-1
[INFO ] 116999	Cold:0.062229,0.045975,0.114397,0.171387,0.670719,0.077032,0.122228,0.163641,-1
[INFO ] 117999	Whole:0.176062,0.145751,0.088796,0.135852,0.776471,0.125261,0.132611,0.341884,-1
[INFO ] 117999	Cold:0.061920,0.046285,0.115852,0.173126,0.671491,0.076812,0.122571,0.164085,-1
[INFO ] 118999	Whole:0.176346,0.146530,0.087648,0.135666,0.777178,0.125250,0.132924,0.341345,-1
[INFO ] 118999	Cold:0.060372,0.046904,0.111070,0.173540,0.673029,0.075794,0.121964,0.162630,-1
[INFO ] 119999	Whole:0.176487,0.146459,0.089171,0.135858,0.778578,0.123211,0.130732,0.333958,-1
[INFO ] 119999	Cold:0.061920,0.045820,0.117257,0.169990,0.670706,0.074588,0.119194,0.155399,-1
[INFO ] 120999	Whole:0.176346,0.145822,0.088401,0.135200,0.776813,0.122705,0.130150,0.334020,-1
[INFO ] 120999	Cold:0.060681,0.045975,0.114856,0.170906,0.672246,0.074323,0.119475,0.157444,-1
[INFO ] 1/1
[INFO ] 121999	Whole:0.173938,0.147167,0.085232,0.137459,0.782434,0.124405,0.132141,0.339654,-1
[INFO ] 121999	Cold:0.058514,0.046594,0.109939,0.172286,0.674555,0.075557,0.121110,0.160274,-1
[INFO ] 122999	Whole:0.176487,0.147521,0.087013,0.135700,0.778220,0.125141,0.131985,0.337643,-1
[INFO ] 122999	Cold:0.062229,0.046285,0.112923,0.170347,0.669947,0.077287,0.121898,0.160007,-1
[INFO ] 123999	Whole:0.176062,0.147025,0.087776,0.137012,0.777870,0.124673,0.132140,0.337075,-1
[INFO ] 123999	Cold:0.062229,0.046904,0.113337,0.173452,0.673797,0.077067,0.122295,0.158204,-1
[INFO ] 124999	Whole:0.177195,0.146388,0.086413,0.135720,0.777867,0.124668,0.131280,0.337349,-1
[INFO ] 124999	Cold:0.063158,0.046440,0.114950,0.171499,0.671488,0.075980,0.120842,0.155759,-1
[INFO ] 125999	Whole:0.175921,0.146742,0.085692,0.136446,0.780656,0.123708,0.131527,0.335147,-1
[INFO ] 125999	Cold:0.060372,0.046594,0.110470,0.170072,0.668390,0.076217,0.120709,0.157289,-1
[INFO ] 126999	Whole:0.175921,0.145892,0.086638,0.133720,0.777134,0.122764,0.130114,0.332963,-1
[INFO ] 126999	Cold:0.062848,0.046440,0.114135,0.169590,0.668394,0.075783,0.120120,0.155231,-1
[INFO ] 127999	Whole:0.175779,0.146317,0.087410,0.136501,0.777171,0.123421,0.131463,0.332824,-1
[INFO ] 127999	Cold:0.060372,0.045975,0.110405,0.167030,0.665306,0.074849,0.118815,0.155758,-1
[INFO ] 1/1
[INFO ] 128999	Whole:0.173796,0.144476,0.085570,0.132235,0.776093,0.122156,0.129364,0.333425,-1
[INFO ] 128999	Cold:0.059443,0.045356,0.111294,0.164072,0.669160,0.073781,0.117360,0.155019,-1
[INFO ] 129999	Whole:0.172521,0.145113,0.084642,0.132980,0.776803,0.121946,0.129658,0.332615,-1
[INFO ] 129999	Cold:0.059133,0.045975,0.110173,0.164306,0.670702,0.073979,0.117737,0.155201,-1
[INFO ] 130999	Whole:0.173654,0.144405,0.086149,0.132614,0.776792,0.121525,0.129190,0.331969,-1
[INFO ] 130999	Cold:0.059133,0.045666,0.112108,0.163584,0.668387,0.073892,0.117413,0.155137,-1
[INFO ] 131999	Whole:0.174646,0.146105,0.086059,0.136345,0.782436,0.122518,0.131265,0.333482,-1
[INFO ] 131999	Cold:0.061920,0.046904,0.113401,0.169347,0.673797,0.076760,0.121328,0.159262,-1
[INFO ] 132999	Whole:0.175637,0.146530,0.088280,0.136775,0.782083,0.122613,0.131253,0.333696,-1
[INFO ] 132999	Cold:0.062539,0.045975,0.113982,0.167675,0.672253,0.075605,0.119686,0.157422,-1
[INFO ] 133999	Whole:0.176771,0.146388,0.088374,0.136628,0.781031,0.122916,0.131205,0.332562,-1
[INFO ] 133999	Cold:0.063158,0.046440,0.116433,0.168853,0.669938,0.075957,0.120143,0.157150,-1
[INFO ] 134999	Whole:0.174504,0.146459,0.086102,0.134787,0.778205,0.122298,0.130030,0.333122,-1
[INFO ] 134999	Cold:0.060991,0.046440,0.112410,0.168522,0.669165,0.074414,0.119325,0.157178,-1
[INFO ] 1/1
[INFO ] 135999	Whole:0.177195,0.146884,0.087901,0.135776,0.781724,0.123027,0.130784,0.332879,-1
[INFO ] 135999	Cold:0.061610,0.046904,0.117049,0.169308,0.670706,0.075297,0.120293,0.157698,-1
[INFO ] 136999	Whole:0.177620,0.145609,0.090326,0.134769,0.780671,0.123386,0.131159,0.336449,-1
[INFO ] 136999	Cold:0.061920,0.046749,0.116776,0.168073,0.671480,0.075652,0.120703,0.161047,-1
[INFO ] 137999	Whole:0.178187,0.145680,0.089876,0.136089,0.779613,0.123604,0.131918,0.336245,-1
[INFO ] 137999	Cold:0.064396,0.046130,0.119825,0.170274,0.669177,0.077563,0.122425,0.163358,-1
[INFO ] 138999	Whole:0.176204,0.145892,0.087711,0.136139,0.780308,0.122646,0.131040,0.333755,-1
[INFO ] 138999	Cold:0.063158,0.045975,0.118237,0.168820,0.668402,0.077263,0.121511,0.160277,-1
[INFO ] 139999	Whole:0.178612,0.144759,0.089896,0.133661,0.778901,0.122226,0.130255,0.332959,-1
[INFO ] 139999	Cold:0.062848,0.045666,0.116048,0.167630,0.667635,0.075305,0.119865,0.159045,-1
[INFO ] 140999	Whole:0.177620,0.144405,0.089102,0.131935,0.774709,0.120566,0.128016,0.328591,-1
[INFO ] 140999	Cold:0.061610,0.045356,0.116536,0.162035,0.666081,0.071979,0.116017,0.153987,-1
[INFO ] 141999	Whole:0.178470,0.145042,0.089903,0.132500,0.774710,0.121949,0.128876,0.330981,-1
[INFO ] 141999	Cold:0.061920,0.045511,0.117605,0.165590,0.669942,0.074898,0.119005,0.158622,-1
[INFO ] 1/1
[INFO ] 142999	Whole:0.176771,0.146388,0.089648,0.135444,0.779978,0.123266,0.130747,0.332093,-1
[INFO ] 142999	Cold:0.064087,0.046440,0.121920,0.168743,0.670715,0.077202,0.121694,0.160719,-1
[INFO ] 143999	Whole:0.177904,0.145751,0.089531,0.134185,0.777859,0.121614,0.129070,0.329375,-1
[INFO ] 143999	Cold:0.062229,0.044737,0.118057,0.165168,0.666858,0.074134,0.117960,0.156500,-1
[INFO ] 144999	Whole:0.177904,0.144901,0.088457,0.132662,0.777162,0.120679,0.127956,0.328233,-1
[INFO ] 144999	Cold:0.061920,0.044737,0.120480,0.164058,0.667626,0.073077,0.116752,0.154190,-1
[INFO ] 145999	Whole:0.176771,0.145822,0.090849,0.133183,0.777175,0.122211,0.129298,0.332144,-1
[INFO ] 145999	Cold:0.061300,0.044118,0.116813,0.163489,0.666083,0.072687,0.116140,0.153813,-1
[INFO ] 146999	Whole:0.179320,0.144547,0.091245,0.132469,0.776813,0.122729,0.130242,0.330218,-1
[INFO ] 146999	Cold:0.064087,0.043963,0.121936,0.160895,0.664552,0.077369,0.119824,0.162420,-1
[INFO ] 147999	Whole:0.180595,0.144618,0.093740,0.131405,0.775757,0.123097,0.130033,0.331198,-1
[INFO ] 147999	Cold:0.063467,0.044272,0.120182,0.161422,0.664547,0.078284,0.120592,0.163557,-1
[INFO ] 148999	Whole:0.176204,0.143697,0.090093,0.130017,0.775399,0.122777,0.129601,0.331113,-1
[INFO ] 148999	Cold:0.063777,0.044272,0.118470,0.161720,0.663778,0.078701,0.121184,0.165332,-1
[INFO ] 149999	Whole:0.175212,0.144618,0.087994,0.130384,0.772944,0.122004,0.128866,0.330948,-1
[INFO ] 149999	Cold:0.061610,0.044118,0.115294,0.160628,0.665320,0.075496,0.118656,0.162515,-1
[INFO ] 1/1
[INFO ] 150999	Whole:0.175212,0.145184,0.089424,0.131690,0.772951,0.123040,0.130005,0.334614,-1
[INFO ] 150999	Cold:0.062229,0.045046,0.118997,0.164538,0.668405,0.076085,0.120050,0.162241,-1
[INFO ] 151999	Whole:0.173796,0.145680,0.090478,0.132562,0.774346,0.122779,0.130170,0.332560,-1
[INFO ] 151999	Cold:0.063467,0.044427,0.123189,0.164170,0.667637,0.077597,0.121023,0.164491,-1
[INFO ] 152999	Whole:0.172521,0.144334,0.085934,0.130797,0.772918,0.120231,0.127178,0.327627,-1
[INFO ] 152999	Cold:0.062229,0.044427,0.115282,0.161078,0.662995,0.073443,0.116299,0.155627,-1
[INFO ] 153999	Whole:0.171388,0.144263,0.084600,0.130057,0.773271,0.119512,0.126407,0.325947,-1
[INFO ] 153999	Cold:0.061920,0.044582,0.113541,0.160503,0.664539,0.072978,0.115929,0.155605,-1
[INFO ] 154999	Whole:0.172663,0.145467,0.085847,0.132606,0.774681,0.120929,0.128513,0.327532,-1
[INFO ] 154999	Cold:0.063777,0.044427,0.117684,0.159659,0.663771,0.072879,0.115910,0.155467,-1
[INFO ] 155999	Whole:0.173229,0.144334,0.086052,0.130578,0.775038,0.121621,0.128411,0.333082,-1
[INFO ] 155999	Cold:0.059752,0.044582,0.111203,0.161112,0.665306,0.074518,0.117740,0.160083,-1
[INFO ] 156999	Whole:0.175212,0.143839,0.086885,0.131277,0.775392,0.120529,0.128021,0.330629,-1
[INFO ] 156999	Cold:0.060372,0.044118,0.113880,0.161562,0.664537,0.073334,0.116710,0.158531,-1
[INFO ] 1/1
[INFO ] 157999	Whole:0.173513,0.143059,0.083658,0.130359,0.773278,0.119145,0.126698,0.329702,-1
[INFO ] 157999	Cold:0.057276,0.043963,0.105261,0.161150,0.662987,0.070180,0.113995,0.154021,-1
[INFO ] 158999	Whole:0.173229,0.143768,0.082747,0.130266,0.772915,0.119039,0.126129,0.322632,-1
[INFO ] 158999	Cold:0.058824,0.044272,0.105483,0.161215,0.661448,0.070479,0.113778,0.150437,-1
[INFO ] 159999	Whole:0.172521,0.144334,0.082116,0.130860,0.771173,0.119510,0.126519,0.322769,-1
[INFO ] 159999	Cold:0.057585,0.043344,0.107272,0.158945,0.661449,0.070575,0.113331,0.151541,-1
[INFO ] 160999	Whole:0.173229,0.143484,0.083909,0.128747,0.769407,0.119503,0.126098,0.322873,-1
[INFO ] 160999	Cold:0.058514,0.043653,0.106590,0.161306,0.662990,0.071923,0.115147,0.155074,-1
[INFO ] 161999	Whole:0.173229,0.142918,0.084584,0.130883,0.772927,0.118827,0.126894,0.325172,-1
[INFO ] 161999	Cold:0.060681,0.045201,0.109202,0.163100,0.665308,0.073242,0.117043,0.155584,-1
[INFO ] 162999	Whole:0.173938,0.142776,0.086174,0.130656,0.772572,0.119206,0.127127,0.325580,-1
[INFO ] 162999	Cold:0.060372,0.045356,0.110599,0.162056,0.665310,0.073509,0.117045,0.155529,-1
[INFO ] 163999	Whole:0.173088,0.144476,0.086177,0.132096,0.773987,0.118874,0.127067,0.326147,-1
[INFO ] 163999	Cold:0.060372,0.045820,0.112869,0.164507,0.667619,0.072419,0.116779,0.154205,-1
[INFO ] 1/1
[INFO ] 164999	Whole:0.172238,0.143555,0.087204,0.131904,0.777501,0.119883,0.127929,0.326350,-1
[INFO ] 164999	Cold:0.060372,0.044427,0.114793,0.162904,0.669159,0.074588,0.117823,0.157919,-1
[INFO ] 165999	Whole:0.171388,0.143768,0.086329,0.131800,0.777850,0.120363,0.128217,0.329110,-1
[INFO ] 165999	Cold:0.058204,0.043808,0.109268,0.160918,0.667612,0.073521,0.115926,0.154275,-1
[INFO ] 166999	Whole:0.171955,0.144334,0.086717,0.131571,0.776801,0.119619,0.127224,0.325206,-1
[INFO ] 166999	Cold:0.060681,0.043653,0.113654,0.161835,0.667622,0.072431,0.115578,0.155201,-1


[INFO ] Training: ...ssh/lastfm-hetrec/train0.5_folder_1, Testing:: .../ssh/lastfm-hetrec/test0.5_folder_1.
[DEBUG] User amount: 1612, item amount: 5534
[DEBUG] Rate amount: 30018, scales: {1.0}
[DEBUG] User amount: 1612, item amount: 5534
[DEBUG] Rate amount: 28523, scales: {1.0}
[INFO ] AsyWalkRanker: 30,2.5E-4,0.45,0.45,100,1,100,0.42,10
[INFO ] 1/1
[INFO ] 1/1
[INFO ] 1/1
[INFO ] 1/1
[INFO ] 1/1
[INFO ] 1/1
[INFO ] 1/1
[INFO ] 1/1
[INFO ] 50999	Whole:0.145326,0.118697,0.067202,0.100957,0.737619,0.092481,0.098285,0.273508,-1
[INFO ] 50999	Cold:0.044272,0.032353,0.083166,0.119981,0.622811,0.048550,0.080852,0.103637,-1
[INFO ] 51999	Whole:0.146742,0.118626,0.067344,0.101087,0.738327,0.092363,0.098119,0.274220,-1
[INFO ] 51999	Cold:0.043963,0.032508,0.082121,0.121418,0.623582,0.048155,0.080930,0.103548,-1
[INFO ] 52999	Whole:0.147309,0.118414,0.069480,0.101783,0.738683,0.092373,0.098563,0.274323,-1
[INFO ] 52999	Cold:0.043653,0.032508,0.081554,0.121895,0.625124,0.047522,0.080529,0.103025,-1
[INFO ] 53999	Whole:0.147875,0.121884,0.068121,0.103479,0.741489,0.095772,0.101445,0.278236,-1
[INFO ] 53999	Cold:0.044582,0.033282,0.082886,0.121332,0.625125,0.051418,0.084029,0.110203,-1
[INFO ] 54999	Whole:0.147167,0.121671,0.068239,0.103674,0.741848,0.095818,0.101701,0.279668,-1
[INFO ] 54999	Cold:0.044892,0.034056,0.082978,0.124505,0.628981,0.050776,0.084314,0.108258,-1
[INFO ] 55999	Whole:0.147592,0.121459,0.067860,0.105917,0.742561,0.095428,0.101934,0.278428,-1
[INFO ] 55999	Cold:0.044272,0.034365,0.082060,0.126819,0.629755,0.051403,0.085501,0.109926,-1
[INFO ] 56999	Whole:0.152691,0.126487,0.072939,0.109904,0.748245,0.100415,0.106393,0.290177,-1
[INFO ] 56999	Cold:0.048297,0.036687,0.091908,0.134086,0.639020,0.054995,0.091183,0.117820,-1
[INFO ] 1/1
[INFO ] 57999	Whole:0.150850,0.126416,0.070307,0.110511,0.747532,0.100249,0.106525,0.291149,-1
[INFO ] 57999	Cold:0.045511,0.036842,0.084992,0.133923,0.638243,0.055938,0.091860,0.119831,-1
[INFO ] 58999	Whole:0.152408,0.125921,0.069493,0.109648,0.746826,0.100626,0.106374,0.290699,-1
[INFO ] 58999	Cold:0.046749,0.037152,0.088113,0.135218,0.640556,0.055775,0.091935,0.117703,-1
[INFO ] 59999	Whole:0.156232,0.128399,0.072821,0.111715,0.752123,0.103010,0.108922,0.297730,-1
[INFO ] 59999	Cold:0.047678,0.037616,0.089883,0.136241,0.642877,0.055831,0.093001,0.122101,-1
[INFO ] 60999	Whole:0.155524,0.128116,0.072548,0.112251,0.752119,0.102926,0.109046,0.298421,-1
[INFO ] 60999	Cold:0.048916,0.037616,0.091275,0.137421,0.643642,0.055352,0.092632,0.120699,-1
[INFO ] 61999	Whole:0.155524,0.127691,0.072891,0.113044,0.754574,0.102564,0.109157,0.299153,-1
[INFO ] 61999	Cold:0.047059,0.037461,0.087478,0.138051,0.642873,0.055431,0.092704,0.120050,-1
[INFO ] 62999	Whole:0.159632,0.130241,0.074053,0.112691,0.753500,0.106187,0.111367,0.309909,-1
[INFO ] 62999	Cold:0.048607,0.037152,0.091529,0.135943,0.639800,0.057729,0.094554,0.125921,-1
[INFO ] 63999	Whole:0.159773,0.130170,0.073002,0.112571,0.753861,0.106140,0.111532,0.309398,-1
[INFO ] 63999	Cold:0.048297,0.037771,0.090497,0.136818,0.641339,0.057881,0.095026,0.125879,-1
[INFO ] 1/1
[INFO ] 64999	Whole:0.158782,0.131374,0.072784,0.114706,0.756700,0.106722,0.112105,0.306582,-1
[INFO ] 64999	Cold:0.047368,0.038854,0.088046,0.139254,0.646736,0.058550,0.096524,0.128435,-1
[INFO ] 65999	Whole:0.162465,0.132507,0.075341,0.117134,0.756705,0.107267,0.113099,0.303571,-1
[INFO ] 65999	Cold:0.050155,0.039938,0.093447,0.144652,0.648290,0.058974,0.098137,0.127185,-1
[INFO ] 66999	Whole:0.162323,0.133144,0.075172,0.119795,0.759529,0.107859,0.114269,0.304546,-1
[INFO ] 66999	Cold:0.049536,0.040867,0.092768,0.147361,0.652917,0.059169,0.099349,0.128576,-1
[INFO ] 67999	Whole:0.163314,0.134844,0.075558,0.119457,0.760584,0.108024,0.114320,0.303815,-1
[INFO ] 67999	Cold:0.050774,0.041022,0.094475,0.148316,0.653691,0.058655,0.099110,0.127025,-1
[INFO ] 68999	Whole:0.164023,0.134703,0.077169,0.120602,0.762352,0.108842,0.115361,0.306462,-1
[INFO ] 68999	Cold:0.051084,0.040557,0.096076,0.148841,0.654467,0.060305,0.100514,0.128732,-1
[INFO ] 69999	Whole:0.163739,0.135694,0.077254,0.121163,0.762003,0.109454,0.116049,0.308223,-1
[INFO ] 69999	Cold:0.051084,0.040402,0.096233,0.147536,0.651381,0.061305,0.100866,0.129582,-1
[INFO ] 70999	Whole:0.164589,0.135269,0.076711,0.120050,0.762002,0.109793,0.115891,0.306015,-1
[INFO ] 70999	Cold:0.050464,0.040248,0.095748,0.147934,0.652158,0.061225,0.100865,0.129033,-1
[INFO ] 1/1
[INFO ] 71999	Whole:0.165014,0.136827,0.078296,0.124552,0.766605,0.112757,0.119661,0.313219,-1
[INFO ] 71999	Cold:0.049845,0.042415,0.096786,0.154633,0.659867,0.066257,0.107346,0.139837,-1
[INFO ] 72999	Whole:0.164873,0.136898,0.078396,0.124433,0.766595,0.112385,0.119282,0.314095,-1
[INFO ] 72999	Cold:0.050155,0.043189,0.094810,0.154614,0.659865,0.066736,0.108037,0.140948,-1
[INFO ] 73999	Whole:0.165156,0.136827,0.077485,0.123230,0.764479,0.113274,0.119673,0.316825,-1
[INFO ] 73999	Cold:0.050464,0.043034,0.092849,0.159072,0.660644,0.066850,0.108861,0.140887,-1
[INFO ] 74999	Whole:0.169547,0.136402,0.081135,0.123606,0.764111,0.113460,0.119987,0.320136,-1
[INFO ] 74999	Cold:0.053870,0.041950,0.101524,0.154402,0.656029,0.065363,0.107037,0.141917,-1
[INFO ] 75999	Whole:0.169405,0.136756,0.082336,0.124133,0.764466,0.114070,0.120840,0.322125,-1
[INFO ] 75999	Cold:0.053560,0.041950,0.101303,0.154646,0.655260,0.066086,0.107649,0.142986,-1
[INFO ] 76999	Whole:0.168272,0.136544,0.079225,0.123102,0.762698,0.113729,0.119870,0.321204,-1
[INFO ] 76999	Cold:0.052632,0.041176,0.096401,0.152033,0.653712,0.064770,0.105901,0.142079,-1
[INFO ] 77999	Whole:0.170680,0.137394,0.083635,0.123363,0.765510,0.113414,0.119526,0.318938,-1
[INFO ] 77999	Cold:0.056656,0.042105,0.108294,0.154111,0.657568,0.064842,0.106586,0.140600,-1
[INFO ] 1/1
[INFO ] 78999	Whole:0.168130,0.138810,0.079345,0.125304,0.766564,0.114224,0.120746,0.321583,-1
[INFO ] 78999	Cold:0.054489,0.043189,0.098842,0.157567,0.660652,0.066074,0.108509,0.142777,-1
[INFO ] 79999	Whole:0.168697,0.138952,0.079596,0.125091,0.767641,0.114593,0.121295,0.322063,-1
[INFO ] 79999	Cold:0.055418,0.043034,0.101989,0.157129,0.658340,0.067959,0.109804,0.144337,-1
[INFO ] 80999	Whole:0.169688,0.139518,0.085759,0.124549,0.767263,0.115503,0.121682,0.322476,-1
[INFO ] 80999	Cold:0.057276,0.041950,0.111670,0.152571,0.655259,0.066632,0.107369,0.140500,-1
[INFO ] 81999	Whole:0.169830,0.139377,0.084813,0.123752,0.766557,0.115554,0.121504,0.322669,-1
[INFO ] 81999	Cold:0.056037,0.041796,0.107517,0.151819,0.654482,0.065799,0.106627,0.140496,-1
[INFO ] 82999	Whole:0.170397,0.140014,0.084527,0.125924,0.769038,0.116154,0.122520,0.325150,-1
[INFO ] 82999	Cold:0.056966,0.042570,0.109245,0.155251,0.658340,0.067159,0.108572,0.141726,-1
[INFO ] 83999	Whole:0.170397,0.141997,0.080355,0.128158,0.770795,0.117679,0.123678,0.325022,-1
[INFO ] 83999	Cold:0.053560,0.043653,0.099379,0.158980,0.662194,0.067002,0.109588,0.142810,-1
[INFO ] 84999	Whole:0.171388,0.141643,0.082326,0.127136,0.769383,0.117830,0.123701,0.325427,-1
[INFO ] 84999	Cold:0.054799,0.043034,0.104848,0.157237,0.658339,0.068217,0.109819,0.143556,-1
[INFO ] 1/1
[INFO ] 85999	Whole:0.170963,0.141714,0.082872,0.127824,0.767639,0.117563,0.123645,0.326175,-1
[INFO ] 85999	Cold:0.054489,0.043498,0.103637,0.159278,0.660659,0.066864,0.109774,0.144091,-1
[INFO ] 86999	Whole:0.172521,0.142776,0.083697,0.132300,0.775736,0.117953,0.125726,0.327917,-1
[INFO ] 86999	Cold:0.055108,0.045201,0.105932,0.167643,0.669143,0.068782,0.113500,0.146521,-1
[INFO ] 87999	Whole:0.173371,0.142564,0.084512,0.133080,0.774688,0.118505,0.126183,0.329378,-1
[INFO ] 87999	Cold:0.053560,0.044737,0.102845,0.165863,0.668367,0.067521,0.111755,0.143006,-1
[INFO ] 88999	Whole:0.172380,0.143130,0.083253,0.132344,0.775376,0.118030,0.125415,0.325167,-1
[INFO ] 88999	Cold:0.054799,0.044892,0.105158,0.167861,0.669906,0.068395,0.113175,0.146645,-1
[INFO ] 89999	Whole:0.170822,0.144263,0.083950,0.133405,0.776447,0.119045,0.126522,0.325727,-1
[INFO ] 89999	Cold:0.056347,0.045666,0.108781,0.167407,0.671462,0.069489,0.114772,0.150316,-1
[INFO ] 90999	Whole:0.171388,0.144972,0.084558,0.133923,0.778201,0.118698,0.126290,0.325595,-1
[INFO ] 90999	Cold:0.056037,0.045820,0.109168,0.169029,0.673003,0.070041,0.115522,0.151050,-1
[INFO ] 91999	Whole:0.172521,0.144830,0.084975,0.134794,0.778556,0.119167,0.126994,0.327391,-1
[INFO ] 91999	Cold:0.057276,0.045820,0.109905,0.167874,0.673004,0.070942,0.115930,0.152266,-1
[INFO ] 1/1
[INFO ] 92999	Whole:0.170680,0.142564,0.084350,0.132055,0.778551,0.120508,0.127465,0.333068,-1
[INFO ] 92999	Cold:0.056966,0.045046,0.110587,0.165864,0.671464,0.072651,0.116633,0.153911,-1
[INFO ] 93999	Whole:0.172663,0.143201,0.086338,0.133295,0.777507,0.121233,0.128404,0.333558,-1
[INFO ] 93999	Cold:0.057276,0.045356,0.113128,0.167613,0.673006,0.073566,0.117758,0.154062,-1
[INFO ] 94999	Whole:0.171530,0.143059,0.085514,0.133446,0.777864,0.121519,0.128786,0.333548,-1
[INFO ] 94999	Cold:0.057585,0.045201,0.113257,0.166070,0.672238,0.072807,0.117041,0.154320,-1
[INFO ] 95999	Whole:0.173796,0.146034,0.084833,0.133015,0.777497,0.122525,0.128778,0.331480,-1
[INFO ] 95999	Cold:0.056347,0.044892,0.109271,0.165132,0.669925,0.073630,0.117340,0.155317,-1
[INFO ] 96999	Whole:0.173371,0.146317,0.085656,0.132824,0.777498,0.122163,0.128480,0.331622,-1
[INFO ] 96999	Cold:0.056347,0.044427,0.110664,0.161303,0.668384,0.072719,0.115972,0.154712,-1
[INFO ] 97999	Whole:0.172946,0.145822,0.086153,0.131302,0.776786,0.122541,0.128443,0.332313,-1
[INFO ] 97999	Cold:0.056966,0.045511,0.111180,0.164272,0.670698,0.072965,0.117083,0.155041,-1
[INFO ] 98999	Whole:0.171388,0.145467,0.082690,0.132927,0.779612,0.121382,0.128088,0.334109,-1
[INFO ] 98999	Cold:0.055108,0.045820,0.103818,0.166273,0.673773,0.071331,0.116050,0.152757,-1
[INFO ] 99999	Whole:0.171813,0.145609,0.082971,0.132963,0.779612,0.121627,0.128257,0.334729,-1
[INFO ] 99999	Cold:0.055418,0.044892,0.104681,0.163768,0.670693,0.071319,0.115367,0.153121,-1
[INFO ] 1/1
[INFO ] 100999	Whole:0.173371,0.145184,0.084317,0.133188,0.776802,0.122316,0.129274,0.337942,-1
[INFO ] 100999	Cold:0.056966,0.045666,0.108449,0.167512,0.672241,0.074020,0.118418,0.156104,-1
[INFO ] 101999	Whole:0.172380,0.145467,0.086649,0.133556,0.780659,0.122656,0.129541,0.338412,-1
[INFO ] 101999	Cold:0.058824,0.045511,0.113996,0.166503,0.673006,0.071789,0.116044,0.151100,-1
[INFO ] 102999	Whole:0.173938,0.145326,0.086624,0.132415,0.778911,0.122667,0.129204,0.337264,-1
[INFO ] 102999	Cold:0.059133,0.045820,0.112797,0.166801,0.673779,0.072677,0.117107,0.153593,-1
[INFO ] 103999	Whole:0.173513,0.145397,0.086720,0.133899,0.780305,0.123357,0.130604,0.339018,-1
[INFO ] 103999	Cold:0.058824,0.046749,0.115915,0.168575,0.675323,0.074800,0.119276,0.155282,-1
[INFO ] 104999	Whole:0.171388,0.146459,0.083845,0.134909,0.781729,0.123478,0.131141,0.340550,-1
[INFO ] 104999	Cold:0.057895,0.046285,0.107821,0.169474,0.675331,0.075204,0.120190,0.159439,-1
[INFO ] 105999	Whole:0.171246,0.145680,0.082991,0.133785,0.780323,0.122936,0.130519,0.339174,-1
[INFO ] 105999	Cold:0.057895,0.046594,0.107269,0.168894,0.675326,0.075420,0.120072,0.157975,-1
[INFO ] 106999	Whole:0.173088,0.146317,0.083782,0.134679,0.780678,0.123148,0.130519,0.336503,-1
[INFO ] 106999	Cold:0.058204,0.046285,0.107790,0.168310,0.673786,0.073416,0.118038,0.153780,-1
[INFO ] 1/1
[INFO ] 107999	Whole:0.174221,0.146813,0.086109,0.134952,0.779981,0.124506,0.131710,0.339320,-1
[INFO ] 107999	Cold:0.059443,0.047833,0.112374,0.171385,0.677645,0.076666,0.122382,0.161837,-1
[INFO ] 108999	Whole:0.174079,0.146105,0.084957,0.133774,0.777868,0.124587,0.131285,0.338855,-1
[INFO ] 108999	Cold:0.059443,0.047523,0.111403,0.169257,0.676874,0.076890,0.122092,0.162245,-1
[INFO ] 109999	Whole:0.176771,0.146742,0.086751,0.135110,0.778573,0.124896,0.131918,0.339555,-1
[INFO ] 109999	Cold:0.061300,0.047368,0.115057,0.170403,0.677648,0.076477,0.121879,0.160846,-1
[INFO ] 110999	Whole:0.176204,0.147663,0.087258,0.135985,0.783121,0.124129,0.131389,0.333542,-1
[INFO ] 110999	Cold:0.059133,0.047523,0.113492,0.171535,0.679182,0.075755,0.121508,0.161225,-1
[INFO ] 111999	Whole:0.176629,0.147663,0.087216,0.136677,0.785247,0.124025,0.131748,0.335547,-1
[INFO ] 111999	Cold:0.059443,0.047833,0.111548,0.172900,0.679955,0.075001,0.121188,0.159283,-1
[INFO ] 112999	Whole:0.176912,0.147663,0.087660,0.137343,0.783141,0.124135,0.131845,0.334851,-1
[INFO ] 112999	Cold:0.059133,0.047059,0.113053,0.171208,0.677644,0.074083,0.119713,0.156390,-1
[INFO ] 113999	Whole:0.178187,0.148159,0.089400,0.138748,0.782794,0.124551,0.132482,0.338131,-1
[INFO ] 113999	Cold:0.060991,0.047988,0.116398,0.175379,0.679962,0.074609,0.121735,0.160284,-1
[INFO ] 1/1
[INFO ] 114999	Whole:0.178470,0.148371,0.088984,0.136637,0.782084,0.125900,0.133113,0.341252,-1
[INFO ] 114999	Cold:0.061610,0.046594,0.116462,0.171375,0.679197,0.075612,0.121685,0.162823,-1
[INFO ] 115999	Whole:0.179603,0.148159,0.087443,0.136653,0.782085,0.125280,0.132579,0.340154,-1
[INFO ] 115999	Cold:0.059443,0.046904,0.110812,0.172033,0.679966,0.076282,0.122308,0.163222,-1
[INFO ] 116999	Whole:0.177054,0.148088,0.090404,0.137799,0.783860,0.124897,0.132721,0.339385,-1
[INFO ] 116999	Cold:0.061300,0.048142,0.119119,0.174039,0.679963,0.075775,0.122376,0.161223,-1
[INFO ] 117999	Whole:0.176771,0.148017,0.090831,0.138011,0.783495,0.125076,0.132625,0.337362,-1
[INFO ] 117999	Cold:0.061610,0.048452,0.120034,0.174684,0.679965,0.075128,0.122018,0.159343,-1
[INFO ] 118999	Whole:0.178045,0.147309,0.090623,0.136873,0.783145,0.124349,0.131825,0.336521,-1
[INFO ] 118999	Cold:0.060372,0.047988,0.117649,0.173099,0.679191,0.074978,0.121324,0.158733,-1
[INFO ] 119999	Whole:0.177479,0.147592,0.089493,0.137995,0.782794,0.124518,0.132906,0.340659,-1
[INFO ] 119999	Cold:0.061300,0.048142,0.117623,0.175586,0.677656,0.075785,0.122791,0.160897,-1
[INFO ] 120999	Whole:0.176487,0.147380,0.088730,0.137883,0.782795,0.124170,0.132085,0.339596,-1
[INFO ] 120999	Cold:0.059752,0.048916,0.115157,0.177318,0.678424,0.074839,0.122552,0.159458,-1
[INFO ] 1/1
[INFO ] 121999	Whole:0.175496,0.147238,0.087955,0.137501,0.782094,0.124471,0.132524,0.342989,-1
[INFO ] 121999	Cold:0.060372,0.047833,0.114946,0.174627,0.676883,0.076021,0.122810,0.162803,-1
[INFO ] 122999	Whole:0.177620,0.147450,0.089785,0.137898,0.781734,0.124419,0.132352,0.336193,-1
[INFO ] 122999	Cold:0.062539,0.048762,0.119035,0.175383,0.677655,0.077464,0.123915,0.161472,-1
[INFO ] 123999	Whole:0.177054,0.147450,0.089207,0.137961,0.782788,0.123647,0.131969,0.336247,-1
[INFO ] 123999	Cold:0.061920,0.048297,0.118515,0.174878,0.676886,0.075421,0.122266,0.160099,-1
[INFO ] 124999	Whole:0.176629,0.147946,0.089615,0.138484,0.782787,0.123854,0.132292,0.336162,-1
[INFO ] 124999	Cold:0.060991,0.048297,0.114391,0.175098,0.676885,0.075143,0.121875,0.158403,-1
[INFO ] 125999	Whole:0.177479,0.147521,0.090196,0.137874,0.783853,0.124704,0.132771,0.339826,-1
[INFO ] 125999	Cold:0.061920,0.048762,0.119754,0.175844,0.680739,0.076577,0.123754,0.162169,-1
[INFO ] 126999	Whole:0.177479,0.146955,0.090024,0.137335,0.782796,0.124573,0.132538,0.339554,-1
[INFO ] 126999	Cold:0.062539,0.048607,0.119843,0.174462,0.678429,0.076381,0.123252,0.161666,-1
[INFO ] 127999	Whole:0.177620,0.147238,0.089754,0.136986,0.781393,0.124106,0.132187,0.337292,-1
[INFO ] 127999	Cold:0.060991,0.048607,0.117598,0.174151,0.678425,0.075714,0.122541,0.160619,-1
[INFO ] 1/1
[INFO ] 128999	Whole:0.178754,0.148159,0.088056,0.138158,0.783528,0.125057,0.133228,0.339556,-1
[INFO ] 128999	Cold:0.060062,0.048297,0.114654,0.173598,0.679193,0.076117,0.122802,0.163542,-1
[INFO ] 129999	Whole:0.177620,0.147663,0.087763,0.137755,0.781773,0.124675,0.132957,0.339467,-1
[INFO ] 129999	Cold:0.058824,0.047833,0.112847,0.172361,0.677648,0.074868,0.121134,0.160156,-1
[INFO ] 130999	Whole:0.175637,0.147450,0.087346,0.137396,0.780352,0.123917,0.132061,0.336707,-1
[INFO ] 130999	Cold:0.060372,0.047988,0.116422,0.173657,0.679187,0.075326,0.121801,0.160440,-1
[INFO ] 131999	Whole:0.175637,0.146388,0.087864,0.137935,0.783875,0.123119,0.132400,0.341004,-1
[INFO ] 131999	Cold:0.060681,0.049536,0.114380,0.177150,0.681507,0.075595,0.123408,0.162288,-1
[INFO ] 132999	Whole:0.176912,0.147238,0.088363,0.138275,0.784927,0.123309,0.132515,0.338653,-1
[INFO ] 132999	Cold:0.061610,0.049226,0.116509,0.176647,0.681509,0.075330,0.123072,0.161701,-1
[INFO ] 133999	Whole:0.175212,0.147096,0.087552,0.138582,0.785271,0.123461,0.132915,0.337361,-1
[INFO ] 133999	Cold:0.061610,0.049845,0.115916,0.178439,0.683048,0.076631,0.124596,0.162748,-1

