[INFO ] Training: ...research/ssh/yelp/train0.5_folder_1, Testing:: .../research/ssh/yelp/test0.5_folder_1.
[DEBUG] User amount: 16477, item amount: 13179
[DEBUG] Rate amount: 122555, scales: {1.0}
[DEBUG] User amount: 16477, item amount: 13179
[DEBUG] Rate amount: 117731, scales: {1.0}
[INFO ] AsyWalkRanker: 30,5.0E-4,0.35,0.35,100,1,100,0.42,10
[INFO ] 1/1
[INFO ] 1/1
[INFO ] 1/1
[INFO ] 1/1
[INFO ] 1/1
[INFO ] 1/1
[INFO ] 1/1
[INFO ] 1/1
[INFO ] 1/1
[INFO ] 251999	Whole:0.040779,0.035106,0.031786,0.052505,0.618100,0.026927,0.044523,0.100728,-1
[INFO ] 251999	Cold:0.019356,0.016421,0.031009,0.051479,0.573403,0.019932,0.037002,0.056227,-1
[INFO ] 254999	Whole:0.041102,0.034957,0.031665,0.052329,0.617757,0.027030,0.044611,0.100855,-1
[INFO ] 254999	Cold:0.019411,0.016356,0.030930,0.051217,0.572579,0.020119,0.037079,0.056412,-1
[INFO ] 257999	Whole:0.041301,0.035311,0.031858,0.052314,0.617727,0.027284,0.044854,0.101275,-1
[INFO ] 257999	Cold:0.019796,0.016274,0.031098,0.050695,0.571984,0.020290,0.037150,0.056973,-1
[INFO ] 260999	Whole:0.040754,0.035436,0.030944,0.053156,0.618688,0.027203,0.045023,0.101522,-1
[INFO ] 260999	Cold:0.019154,0.016687,0.029977,0.052184,0.573312,0.020335,0.037528,0.056635,-1
[INFO ] 263999	Whole:0.040779,0.034957,0.031511,0.052341,0.617355,0.026645,0.044147,0.099426,-1
[INFO ] 263999	Cold:0.019576,0.016310,0.030971,0.051028,0.572304,0.019621,0.036507,0.054862,-1
[INFO ] 1/1
[INFO ] 266999	Whole:0.040953,0.035050,0.031341,0.052257,0.617974,0.027119,0.044621,0.100967,-1
[INFO ] 266999	Cold:0.019118,0.016384,0.030330,0.050792,0.572487,0.020246,0.037102,0.056653,-1
[INFO ] 269999	Whole:0.040356,0.035000,0.031247,0.052694,0.617727,0.027065,0.044694,0.100777,-1
[INFO ] 269999	Cold:0.019264,0.016448,0.030718,0.051720,0.572945,0.020383,0.037434,0.057007,-1
[INFO ] 272999	Whole:0.040294,0.034982,0.030944,0.052148,0.617354,0.026772,0.044209,0.099821,-1
[INFO ] 272999	Cold:0.019264,0.016182,0.030551,0.050707,0.571571,0.020065,0.036797,0.055973,-1
[INFO ] 275999	Whole:0.041475,0.035143,0.031915,0.052144,0.617604,0.027260,0.044748,0.101487,-1
[INFO ] 275999	Cold:0.019576,0.016246,0.031038,0.050672,0.572488,0.020369,0.037221,0.057170,-1
[INFO ] 278999	Whole:0.040717,0.035106,0.031706,0.052515,0.617667,0.027030,0.044602,0.100696,-1
[INFO ] 278999	Cold:0.019429,0.016448,0.031270,0.051386,0.573494,0.020305,0.037367,0.057230,-1
[INFO ] 281999	Whole:0.041239,0.034913,0.031269,0.052167,0.617417,0.026792,0.044199,0.100175,-1
[INFO ] 281999	Cold:0.019356,0.016365,0.030517,0.051182,0.572624,0.019878,0.036757,0.055307,-1
[INFO ] 284999	Whole:0.041227,0.034913,0.031387,0.052031,0.617045,0.026889,0.044283,0.100381,-1
[INFO ] 284999	Cold:0.019154,0.016246,0.030656,0.050933,0.572166,0.019865,0.036686,0.055432,-1
[INFO ] 287999	Whole:0.040816,0.035050,0.031551,0.052366,0.617385,0.027120,0.044468,0.099487,-1
[INFO ] 287999	Cold:0.019246,0.016421,0.030925,0.051602,0.573037,0.020416,0.037316,0.056046,-1
[INFO ] 290999	Whole:0.040331,0.034770,0.031017,0.051587,0.616453,0.026603,0.043837,0.099263,-1
[INFO ] 290999	Cold:0.018989,0.016081,0.030266,0.050222,0.571616,0.019712,0.036322,0.055120,-1
[INFO ] 293999	Whole:0.040406,0.034739,0.031152,0.051363,0.617292,0.026578,0.043909,0.099711,-1
[INFO ] 293999	Cold:0.019044,0.016154,0.030441,0.049757,0.572440,0.019822,0.036441,0.055682,-1
[INFO ] 1/1
[INFO ] 296999	Whole:0.040281,0.034857,0.030857,0.051766,0.617044,0.026529,0.043851,0.099216,-1
[INFO ] 296999	Cold:0.018732,0.016081,0.030103,0.050129,0.571616,0.019605,0.036235,0.054899,-1
[INFO ] 299999	Whole:0.040381,0.034696,0.030765,0.051733,0.616979,0.026405,0.043626,0.098130,-1
[INFO ] 299999	Cold:0.018971,0.015989,0.030451,0.050378,0.571387,0.019690,0.036231,0.054615,-1
[INFO ] 302999	Whole:0.040866,0.034708,0.030979,0.051310,0.617322,0.026578,0.043855,0.099936,-1
[INFO ] 302999	Cold:0.019154,0.015999,0.030325,0.049763,0.571845,0.019617,0.036175,0.055229,-1



[INFO ] Training: ...research/ssh/yelp/train0.5_folder_1, Testing:: .../research/ssh/yelp/test0.5_folder_1.
[DEBUG] User amount: 16477, item amount: 13179
[DEBUG] Rate amount: 122555, scales: {1.0}
[DEBUG] User amount: 16477, item amount: 13179
[DEBUG] Rate amount: 117731, scales: {1.0}
[INFO ] AsyWalkRanker: 30,4.0E-4,0.35,0.35,100,1,100,0.42,10
[INFO ] 1/1
[INFO ] 1/1
[INFO ] 1/1
[INFO ] 1/1
[INFO ] 1/1
[INFO ] 1/1
[INFO ] 1/1
[INFO ] 200999	Whole:0.040455,0.034490,0.030192,0.050091,0.615985,0.025416,0.042699,0.098279,-1
[INFO ] 200999	Cold:0.018549,0.015696,0.028879,0.048027,0.569141,0.018261,0.034375,0.051852,-1
[INFO ] 203999	Whole:0.040766,0.034671,0.030383,0.050317,0.615861,0.025855,0.043094,0.099939,-1
[INFO ] 203999	Cold:0.018751,0.015411,0.029393,0.047993,0.568409,0.018547,0.034590,0.052918,-1
[INFO ] 206999	Whole:0.040841,0.034826,0.030465,0.050849,0.617134,0.025806,0.043348,0.100683,-1
[INFO ] 206999	Cold:0.018714,0.015723,0.029230,0.048800,0.569966,0.018231,0.034635,0.052730,-1
[INFO ] 1/1
[INFO ] 209999	Whole:0.041177,0.035255,0.030093,0.051017,0.618250,0.026027,0.043559,0.101222,-1
[INFO ] 209999	Cold:0.018530,0.015668,0.028694,0.048500,0.569920,0.018322,0.034625,0.052926,-1
[INFO ] 212999	Whole:0.041214,0.035318,0.030918,0.051099,0.618870,0.025916,0.043514,0.100768,-1
[INFO ] 212999	Cold:0.018585,0.015806,0.029469,0.048757,0.570607,0.018374,0.034719,0.052656,-1
[INFO ] 215999	Whole:0.041289,0.035118,0.030887,0.051124,0.617877,0.025833,0.043456,0.099981,-1
[INFO ] 215999	Cold:0.018861,0.015815,0.029515,0.049077,0.570241,0.018423,0.034802,0.052321,-1
[INFO ] 218999	Whole:0.041600,0.035467,0.031511,0.051427,0.618716,0.026090,0.043853,0.100766,-1
[INFO ] 218999	Cold:0.019595,0.015962,0.030643,0.049101,0.571066,0.018670,0.035206,0.053612,-1
[INFO ] 221999	Whole:0.041525,0.035336,0.031285,0.051534,0.618128,0.025906,0.043794,0.100579,-1
[INFO ] 221999	Cold:0.019356,0.016035,0.030103,0.049526,0.571020,0.018531,0.035208,0.053505,-1
[INFO ] 224999	Whole:0.041102,0.035622,0.030908,0.052172,0.620144,0.026185,0.044223,0.101104,-1
[INFO ] 224999	Cold:0.019081,0.016329,0.030043,0.050253,0.572576,0.018858,0.035671,0.053629,-1
[INFO ] 227999	Whole:0.042048,0.035809,0.031637,0.052796,0.620487,0.026351,0.044578,0.102205,-1
[INFO ] 227999	Cold:0.019796,0.016329,0.030728,0.050751,0.572257,0.019002,0.035956,0.054163,-1
[INFO ] 230999	Whole:0.041637,0.035492,0.031202,0.052083,0.619710,0.026391,0.044460,0.102055,-1
[INFO ] 230999	Cold:0.019356,0.016154,0.029898,0.049892,0.571708,0.019112,0.035886,0.054737,-1
[INFO ] 233999	Whole:0.041724,0.036033,0.031378,0.053202,0.621385,0.026471,0.044836,0.102383,-1
[INFO ] 233999	Cold:0.019484,0.016540,0.030074,0.051398,0.573585,0.019138,0.036285,0.054580,-1
[INFO ] 236999	Whole:0.041799,0.035691,0.031444,0.052897,0.620856,0.026458,0.044594,0.101912,-1
[INFO ] 236999	Cold:0.019411,0.016384,0.030328,0.051270,0.572853,0.019299,0.036305,0.054634,-1
[INFO ] 1/1
[INFO ] 239999	Whole:0.041836,0.035790,0.031628,0.052589,0.620517,0.026660,0.044734,0.102367,-1
[INFO ] 239999	Cold:0.019686,0.016338,0.030675,0.050910,0.572716,0.019381,0.036372,0.055227,-1
[INFO ] 242999	Whole:0.041289,0.035591,0.031020,0.052527,0.620175,0.025943,0.044076,0.100687,-1
[INFO ] 242999	Cold:0.019173,0.016246,0.029944,0.050753,0.572807,0.018609,0.035611,0.053655,-1
[INFO ] 245999	Whole:0.041898,0.035604,0.031555,0.053148,0.620733,0.026056,0.044338,0.100457,-1
[INFO ] 245999	Cold:0.019613,0.016586,0.030559,0.051829,0.573768,0.018908,0.036159,0.054050,-1
[INFO ] 248999	Whole:0.041625,0.035809,0.031502,0.053160,0.621263,0.026222,0.044701,0.101781,-1
[INFO ] 248999	Cold:0.019228,0.016622,0.030218,0.051380,0.574089,0.019020,0.036281,0.054793,-1
[INFO ] 251999	Whole:0.042048,0.035884,0.031839,0.053638,0.621295,0.026528,0.045071,0.102511,-1
[INFO ] 251999	Cold:0.019595,0.016787,0.030678,0.052204,0.574502,0.019219,0.036659,0.055059,-1
[INFO ] 254999	Whole:0.042073,0.035996,0.031284,0.053850,0.621915,0.026697,0.045268,0.103205,-1
[INFO ] 254999	Cold:0.019283,0.016641,0.029881,0.052047,0.573906,0.019297,0.036607,0.055055,-1
[INFO ] 257999	Whole:0.041923,0.035896,0.031812,0.053943,0.621232,0.026457,0.045009,0.101972,-1
[INFO ] 257999	Cold:0.019539,0.016769,0.030720,0.052461,0.574136,0.019303,0.036807,0.055478,-1
[INFO ] 260999	Whole:0.041948,0.035915,0.031514,0.053364,0.621171,0.026379,0.044836,0.102047,-1
[INFO ] 260999	Cold:0.019539,0.016512,0.030410,0.051418,0.573357,0.019095,0.036262,0.054450,-1
[INFO ] 263999	Whole:0.042284,0.035852,0.031882,0.053759,0.622163,0.026591,0.045220,0.103081,-1
[INFO ] 263999	Cold:0.019741,0.016787,0.030660,0.052078,0.574776,0.019519,0.036973,0.056085,-1
[INFO ] 1/1
[INFO ] 266999	Whole:0.042346,0.035890,0.032213,0.054310,0.622102,0.026417,0.045133,0.102755,-1
[INFO ] 266999	Cold:0.020090,0.016852,0.031368,0.052937,0.575052,0.019118,0.036770,0.055049,-1
[INFO ] 269999	Whole:0.042234,0.035946,0.031796,0.054463,0.622816,0.026569,0.045290,0.102418,-1
[INFO ] 269999	Cold:0.019998,0.016971,0.030747,0.053152,0.576059,0.019541,0.037219,0.055797,-1
[INFO ] 272999	Whole:0.042384,0.036033,0.032817,0.054093,0.621918,0.026923,0.045602,0.103529,-1
[INFO ] 272999	Cold:0.020145,0.017081,0.031967,0.053074,0.575739,0.019889,0.037604,0.056621,-1
[INFO ] 275999	Whole:0.041612,0.036344,0.031238,0.055262,0.623406,0.026666,0.045639,0.102980,-1
[INFO ] 275999	Cold:0.019264,0.017173,0.030008,0.053931,0.576333,0.019493,0.037367,0.055666,-1
[INFO ] 278999	Whole:0.042048,0.036076,0.032344,0.054398,0.622816,0.026835,0.045615,0.103076,-1
[INFO ] 278999	Cold:0.019925,0.017072,0.031608,0.053209,0.575876,0.019890,0.037607,0.056494,-1
[INFO ] 281999	Whole:0.041276,0.035828,0.031926,0.053783,0.621389,0.026671,0.045183,0.102072,-1
[INFO ] 281999	Cold:0.020053,0.016815,0.031591,0.052683,0.575281,0.019903,0.037410,0.056534,-1
[INFO ] 284999	Whole:0.041388,0.035566,0.031662,0.053923,0.621543,0.026585,0.045047,0.101434,-1
[INFO ] 284999	Cold:0.019796,0.016742,0.031112,0.052860,0.574960,0.019870,0.037328,0.056095,-1
[INFO ] 287999	Whole:0.041351,0.035529,0.032163,0.053515,0.620986,0.026934,0.045258,0.103067,-1
[INFO ] 287999	Cold:0.020182,0.016888,0.032108,0.052928,0.575144,0.020134,0.037661,0.056653,-1
[INFO ] 290999	Whole:0.041140,0.035535,0.031267,0.052871,0.620581,0.026369,0.044637,0.101447,-1
[INFO ] 290999	Cold:0.019429,0.016687,0.030495,0.051600,0.574181,0.019453,0.036664,0.054978,-1
[INFO ] 293999	Whole:0.041451,0.035336,0.031744,0.053018,0.620179,0.026163,0.044385,0.101127,-1
[INFO ] 293999	Cold:0.020017,0.016732,0.031280,0.052173,0.574364,0.019196,0.036580,0.054672,-1
[INFO ] 1/1
[INFO ] 296999	Whole:0.041401,0.035498,0.031539,0.053446,0.620582,0.026380,0.044763,0.101389,-1
[INFO ] 296999	Cold:0.019815,0.016852,0.031039,0.052739,0.575280,0.019581,0.037143,0.055924,-1
[INFO ] 299999	Whole:0.041500,0.035809,0.031562,0.053379,0.620952,0.026410,0.044780,0.101258,-1
[INFO ] 299999	Cold:0.019796,0.016760,0.030759,0.052176,0.574410,0.019412,0.036859,0.055600,-1
[INFO ] 302999	Whole:0.041276,0.035548,0.031530,0.053823,0.620831,0.026353,0.044799,0.101244,-1
[INFO ] 302999	Cold:0.019925,0.016751,0.031040,0.052887,0.574548,0.019650,0.037213,0.056177,-1
[INFO ] 305999	Whole:0.041687,0.035485,0.031979,0.054221,0.620988,0.026255,0.044797,0.100952,-1
[INFO ] 305999	Cold:0.020127,0.017063,0.031484,0.053910,0.576288,0.019516,0.037435,0.056066,-1
[INFO ] 308999	Whole:0.040928,0.035280,0.031926,0.053361,0.620241,0.026206,0.044555,0.100821,-1
[INFO ] 308999	Cold:0.019925,0.016934,0.031602,0.052972,0.575372,0.019610,0.037276,0.055967,-1
[INFO ] 311999	Whole:0.041326,0.035411,0.031860,0.053170,0.620551,0.026311,0.044624,0.101280,-1
[INFO ] 311999	Cold:0.020090,0.016833,0.031423,0.052602,0.575418,0.019533,0.037101,0.056051,-1
[INFO ] 314999	Whole:0.041065,0.035510,0.031959,0.053945,0.621203,0.026419,0.044876,0.101179,-1
[INFO ] 314999	Cold:0.019906,0.016989,0.031630,0.053236,0.575601,0.019664,0.037371,0.056026,-1
[INFO ] 317999	Whole:0.041363,0.035629,0.031780,0.054050,0.621172,0.026668,0.045116,0.102168,-1
[INFO ] 317999	Cold:0.019925,0.017035,0.031404,0.053578,0.575693,0.019908,0.037643,0.056343,-1
[INFO ] 320999	Whole:0.041339,0.035367,0.032277,0.053442,0.620025,0.026513,0.044808,0.100968,-1
[INFO ] 320999	Cold:0.020218,0.016870,0.032335,0.053105,0.574961,0.019958,0.037539,0.056433,-1
[INFO ] 323999	Whole:0.040965,0.035498,0.031847,0.053405,0.620861,0.026531,0.044824,0.101457,-1
[INFO ] 323999	Cold:0.020053,0.017017,0.031837,0.053164,0.576059,0.019906,0.037571,0.056571,-1
[INFO ] 1/1
[INFO ] 326999	Whole:0.040965,0.035106,0.031516,0.053365,0.619652,0.026084,0.044423,0.100798,-1
[INFO ] 326999	Cold:0.020053,0.016833,0.031182,0.053215,0.575418,0.019376,0.037069,0.055492,-1
[INFO ] 329999	Whole:0.041164,0.034926,0.031968,0.052757,0.619529,0.026101,0.044379,0.100923,-1