[INFO ] Training: ...earch/ssh/epinion/train0.2_folder_1, Testing:: ...search/ssh/epinion/test0.2_folder_1.
[DEBUG] User amount: 38451, item amount: 123271
[DEBUG] Rate amount: 531860, scales: {1.0}
[DEBUG] User amount: 38451, item amount: 123271
[DEBUG] Rate amount: 113693, scales: {1.0}
[INFO ] AsyWalkRanker: 30,5.0E-4,0.35,0.35,100,1,100,0.42,10
[INFO ] 1/1
[INFO ] 1/1
[INFO ] 1/1
[INFO ] 1/1
[INFO ] 1/1
[INFO ] 1/1
[INFO ] 1/1
[INFO ] 1004999	Whole:0.028541,0.022898,0.035191,0.055344,0.590219,0.024603,0.042235,0.077127,-1
[INFO ] 1004999	Cold:0.011197,0.008545,0.035819,0.055883,0.540407,0.021936,0.032965,0.032977,-1
[INFO ] 1009999	Whole:0.028402,0.023128,0.034904,0.056308,0.591019,0.024661,0.042541,0.077575,-1
[INFO ] 1009999	Cold:0.010860,0.008671,0.034579,0.057014,0.541459,0.021725,0.033032,0.032553,-1
[INFO ] 1014999	Whole:0.028197,0.023071,0.034443,0.055576,0.590506,0.024501,0.042221,0.077314,-1
[INFO ] 1014999	Cold:0.010720,0.008573,0.034151,0.055945,0.540898,0.021622,0.032708,0.032502,-1
[INFO ] 1019999	Whole:0.028721,0.023181,0.035280,0.055808,0.591367,0.024794,0.042619,0.078143,-1
[INFO ] 1019999	Cold:0.011028,0.008531,0.034677,0.055926,0.540828,0.022086,0.033056,0.033086,-1
[INFO ] 1024999	Whole:0.028746,0.023284,0.035222,0.055783,0.591490,0.025028,0.042814,0.078443,-1
[INFO ] 1024999	Cold:0.010888,0.008503,0.035459,0.055173,0.540407,0.022008,0.032871,0.033006,-1
[INFO ] 1029999	Whole:0.028590,0.023325,0.035278,0.056275,0.592023,0.024950,0.042904,0.078549,-1
[INFO ] 1029999	Cold:0.010720,0.008798,0.034871,0.057675,0.541740,0.022288,0.033635,0.033145,-1
[INFO ] 1034999	Whole:0.028935,0.023198,0.035448,0.055937,0.591592,0.024922,0.042750,0.078351,-1
[INFO ] 1034999	Cold:0.011057,0.008489,0.035694,0.055826,0.540758,0.022194,0.033148,0.033376,-1
[INFO ] 1039999	Whole:0.028689,0.023144,0.035235,0.055648,0.591018,0.024877,0.042568,0.077933,-1
[INFO ] 1039999	Cold:0.010944,0.008433,0.035643,0.055256,0.540337,0.022157,0.032975,0.033420,-1
[INFO ] 1044999	Whole:0.028697,0.023226,0.034775,0.056052,0.591654,0.024436,0.042298,0.077145,-1
[INFO ] 1044999	Cold:0.010832,0.008531,0.034416,0.055842,0.540617,0.021317,0.032393,0.031945,-1
[INFO ] 1049999	Whole:0.028894,0.023247,0.034872,0.055925,0.591306,0.024851,0.042661,0.077957,-1
[INFO ] 1049999	Cold:0.010664,0.008573,0.034095,0.055849,0.540758,0.022238,0.033175,0.033241,-1
[INFO ] 1054999	Whole:0.028689,0.023206,0.034909,0.055550,0.591408,0.024920,0.042651,0.078540,-1
[INFO ] 1054999	Cold:0.010776,0.008461,0.034533,0.055833,0.540547,0.021901,0.032816,0.032562,-1
[INFO ] 1059999	Whole:0.028730,0.023284,0.034849,0.056458,0.591695,0.025036,0.042898,0.078296,-1
[INFO ] 1059999	Cold:0.010888,0.008868,0.034530,0.058861,0.542301,0.022686,0.034180,0.033597,-1
[INFO ] 1064999	Whole:0.028943,0.023366,0.035210,0.056403,0.591838,0.024863,0.042786,0.078203,-1
[INFO ] 1064999	Cold:0.010579,0.008755,0.034011,0.057551,0.541740,0.022078,0.033442,0.033095,-1
[INFO ] 1069999	Whole:0.028721,0.023251,0.034935,0.055628,0.591060,0.024944,0.042729,0.078459,-1
[INFO ] 1069999	Cold:0.010776,0.008615,0.034089,0.056651,0.541038,0.022133,0.033257,0.033022,-1
[INFO ] 1074999	Whole:0.028656,0.023292,0.035076,0.055984,0.591675,0.024701,0.042590,0.078335,-1
[INFO ] 1074999	Cold:0.010916,0.008727,0.034965,0.057411,0.541529,0.021591,0.032977,0.032110,-1
[INFO ] 1079999	Whole:0.028484,0.023267,0.034755,0.056329,0.591572,0.024944,0.042812,0.077993,-1
[INFO ] 1079999	Cold:0.010776,0.008755,0.034579,0.057128,0.541249,0.022456,0.033630,0.033283,-1
[INFO ] 1084999	Whole:0.028935,0.023181,0.035568,0.055890,0.591121,0.024759,0.042554,0.077760,-1
[INFO ] 1084999	Cold:0.011141,0.008699,0.035705,0.056887,0.541319,0.022138,0.033352,0.033091,-1
[INFO ] 1089999	Whole:0.028779,0.023169,0.035401,0.055835,0.591244,0.024692,0.042460,0.077803,-1
[INFO ] 1089999	Cold:0.010804,0.008699,0.034856,0.056761,0.541178,0.022133,0.033276,0.032866,-1
[INFO ] 1094999	Whole:0.028615,0.023403,0.035069,0.056004,0.591654,0.024605,0.042482,0.077794,-1
[INFO ] 1094999	Cold:0.010720,0.008657,0.034659,0.056775,0.541249,0.021730,0.032907,0.032333,-1
[INFO ] 1099999	Whole:0.028615,0.023235,0.034731,0.056212,0.591613,0.024776,0.042618,0.077893,-1
[INFO ] 1099999	Cold:0.010636,0.008854,0.033836,0.057774,0.542020,0.022668,0.033945,0.033625,-1
[INFO ] 1104999	Whole:0.028869,0.023276,0.035259,0.056185,0.591244,0.024749,0.042635,0.078289,-1
[INFO ] 1104999	Cold:0.010860,0.008727,0.034684,0.056953,0.541459,0.022159,0.033372,0.033130,-1
[INFO ] 1109999	Whole:0.028877,0.023284,0.035256,0.056203,0.591511,0.024941,0.042825,0.078474,-1
[INFO ] 1109999	Cold:0.010748,0.008727,0.034461,0.057077,0.541319,0.022256,0.033490,0.033325,-1



[INFO ] Training: ...earch/ssh/epinion/train0.2_folder_1, Testing:: ...search/ssh/epinion/test0.2_folder_1.
[DEBUG] User amount: 38451, item amount: 123271
[DEBUG] Rate amount: 531860, scales: {1.0}
[DEBUG] User amount: 38451, item amount: 123271
[DEBUG] Rate amount: 113693, scales: {1.0}
[INFO ] AsyWalkRanker: 30,5.0E-4,0.15,0.15,100,1,100,0.45,10
[INFO ] 1/1
[INFO ] 1/1
[INFO ] 1/1
[INFO ] 1/1
[INFO ] 1/1
[INFO ] 804999	Whole:0.028057,0.022685,0.034544,0.054225,0.588128,0.024540,0.041648,0.075764,-1
[INFO ] 804999	Cold:0.010608,0.008320,0.034820,0.054282,0.539495,0.021665,0.032237,0.032146,-1
[INFO ] 1/1
[INFO ] 809999	Whole:0.028032,0.022599,0.034481,0.054023,0.588271,0.024099,0.041171,0.074886,-1
[INFO ] 809999	Cold:0.010608,0.008124,0.035145,0.053319,0.538653,0.021062,0.031476,0.031065,-1
[INFO ] 814999	Whole:0.027868,0.022599,0.034125,0.054029,0.588292,0.024238,0.041292,0.075045,-1
[INFO ] 814999	Cold:0.010299,0.008222,0.033889,0.054044,0.539425,0.021685,0.032174,0.032141,-1
[INFO ] 819999	Whole:0.028016,0.022382,0.034446,0.053824,0.587923,0.023988,0.040978,0.074252,-1
[INFO ] 819999	Cold:0.010860,0.008208,0.035255,0.053744,0.539144,0.021385,0.031891,0.031883,-1



[INFO ] Training: ...earch/ssh/epinion/train0.2_folder_1, Testing:: ...search/ssh/epinion/test0.2_folder_1.
[DEBUG] User amount: 38451, item amount: 123271
[DEBUG] Rate amount: 531860, scales: {1.0}
[DEBUG] User amount: 38451, item amount: 123271
[DEBUG] Rate amount: 113693, scales: {1.0}
[INFO ] AsyWalkRanker: 30,5.0E-4,0.25,0.25,100,1,100,0.45,8
[INFO ] 1/1
[INFO ] 1/1
[INFO ] 1/1
[INFO ] 1/1
[INFO ] 1/1
[INFO ] 1/1
[INFO ] 1/1
[INFO ] 1004999	Whole:0.029140,0.023600,0.035802,0.057239,0.591859,0.025693,0.043620,0.078916,-1
[INFO ] 1004999	Cold:0.011646,0.009134,0.037999,0.060142,0.543143,0.023946,0.035651,0.035512,-1
[INFO ] 1009999	Whole:0.029115,0.023501,0.035805,0.057672,0.591531,0.025406,0.043417,0.078469,-1
[INFO ] 1009999	Cold:0.011506,0.009331,0.037228,0.061386,0.543423,0.023687,0.035684,0.034912,-1
[INFO ] 1014999	Whole:0.029205,0.023530,0.035878,0.057440,0.591388,0.025667,0.043583,0.078885,-1
[INFO ] 1014999	Cold:0.011674,0.009204,0.037672,0.061000,0.543423,0.024355,0.036116,0.035929,-1
[INFO ] 1019999	Whole:0.029271,0.023546,0.036190,0.057781,0.591880,0.025431,0.043455,0.078175,-1
[INFO ] 1019999	Cold:0.011926,0.009289,0.038741,0.061311,0.543774,0.024166,0.036061,0.035646,-1
[INFO ] 1024999	Whole:0.028959,0.023583,0.035783,0.057455,0.591285,0.025573,0.043475,0.078447,-1
[INFO ] 1024999	Cold:0.011674,0.009162,0.037831,0.060329,0.543143,0.024104,0.035766,0.035427,-1
[INFO ] 1029999	Whole:0.029205,0.023571,0.035758,0.057291,0.591244,0.025489,0.043324,0.078174,-1
[INFO ] 1029999	Cold:0.011590,0.009036,0.037914,0.059405,0.542582,0.023791,0.035272,0.035039,-1
[INFO ] 1034999	Whole:0.029295,0.023690,0.036189,0.057364,0.592310,0.025704,0.043663,0.078858,-1
[INFO ] 1034999	Cold:0.011898,0.009050,0.038953,0.059609,0.542652,0.024320,0.035738,0.035680,-1
[INFO ] 1039999	Whole:0.029328,0.023550,0.036059,0.057128,0.591305,0.025710,0.043522,0.078882,-1
[INFO ] 1039999	Cold:0.011618,0.009106,0.037681,0.059917,0.542932,0.024379,0.035892,0.035869,-1
[INFO ] 1044999	Whole:0.029435,0.023616,0.036196,0.057511,0.592331,0.025810,0.043806,0.079435,-1
[INFO ] 1044999	Cold:0.011814,0.009148,0.038416,0.060067,0.542932,0.024512,0.036122,0.036456,-1
[INFO ] 1049999	Whole:0.029353,0.023620,0.036235,0.057271,0.591757,0.025618,0.043546,0.078799,-1
[INFO ] 1049999	Cold:0.011562,0.009204,0.037620,0.060277,0.543073,0.024348,0.035947,0.035814,-1
[INFO ] 1054999	Whole:0.029254,0.023349,0.036145,0.056622,0.591285,0.025539,0.043265,0.078756,-1
[INFO ] 1054999	Cold:0.011870,0.009050,0.038614,0.059398,0.542652,0.024290,0.035733,0.035840,-1
[INFO ] 1059999	Whole:0.029263,0.023776,0.036130,0.057857,0.592310,0.025912,0.043931,0.079004,-1
[INFO ] 1059999	Cold:0.011702,0.009176,0.038193,0.060224,0.543073,0.024991,0.036510,0.036909,-1
[INFO ] 1064999	Whole:0.029230,0.023497,0.036185,0.057203,0.591244,0.025744,0.043561,0.078858,-1
[INFO ] 1064999	Cold:0.011758,0.008994,0.038345,0.059050,0.542301,0.024175,0.035550,0.035726,-1
[INFO ] 1069999	Whole:0.029337,0.023751,0.036194,0.057604,0.591982,0.025843,0.043800,0.079237,-1
[INFO ] 1069999	Cold:0.011702,0.009247,0.038100,0.060722,0.543423,0.024425,0.036117,0.035847,-1
[INFO ] 1074999	Whole:0.029443,0.023743,0.036989,0.058258,0.592290,0.025903,0.044051,0.079404,-1
[INFO ] 1074999	Cold:0.012263,0.009429,0.039912,0.062352,0.544125,0.024535,0.036608,0.036022,-1
[INFO ] 1079999	Whole:0.029410,0.023678,0.036606,0.057310,0.592248,0.025739,0.043630,0.078628,-1
[INFO ] 1079999	Cold:0.012095,0.009120,0.039370,0.060034,0.542932,0.024163,0.035766,0.035587,-1
[INFO ] 1084999	Whole:0.029533,0.023468,0.036420,0.057142,0.591531,0.026091,0.043856,0.079552,-1
[INFO ] 1084999	Cold:0.011983,0.009022,0.038876,0.059475,0.542441,0.025027,0.036262,0.036401,-1
[INFO ] 1089999	Whole:0.029878,0.023620,0.036938,0.057445,0.592146,0.025883,0.043780,0.079039,-1
[INFO ] 1089999	Cold:0.011926,0.009106,0.038708,0.059730,0.542932,0.024461,0.035946,0.035953,-1
[INFO ] 1094999	Whole:0.029394,0.023649,0.036674,0.057688,0.592249,0.025650,0.043659,0.078772,-1
[INFO ] 1094999	Cold:0.012011,0.009373,0.039339,0.061449,0.544055,0.024398,0.036349,0.035988,-1
[INFO ] 1099999	Whole:0.029131,0.023485,0.036104,0.057315,0.591716,0.025727,0.043553,0.078668,-1
[INFO ] 1099999	Cold:0.011842,0.009204,0.038539,0.060528,0.543213,0.024523,0.036233,0.036401,-1
[INFO ] 1104999	Whole:0.029747,0.023624,0.036935,0.057569,0.591736,0.025952,0.043876,0.079228,-1
[INFO ] 1104999	Cold:0.012011,0.009120,0.039000,0.060149,0.542862,0.024853,0.036431,0.036907,-1
[INFO ] 1109999	Whole:0.029501,0.023698,0.036343,0.057526,0.591736,0.025807,0.043735,0.079001,-1
[INFO ] 1109999	Cold:0.012067,0.009106,0.038988,0.059959,0.542792,0.024265,0.035861,0.035962,-1
[INFO ] 1114999	Whole:0.029287,0.023591,0.036427,0.057459,0.591654,0.026072,0.043969,0.079810,-1
[INFO ] 1114999	Cold:0.011926,0.009120,0.038661,0.060032,0.542932,0.024909,0.036397,0.036731,-1
[INFO ] 1119999	Whole:0.029574,0.023579,0.036469,0.057352,0.591572,0.025880,0.043784,0.079414,-1
[INFO ] 1119999	Cold:0.011926,0.009204,0.038626,0.060761,0.543283,0.024773,0.036442,0.036461,-1
[INFO ] 1124999	Whole:0.029271,0.023624,0.036310,0.057496,0.591921,0.025893,0.043801,0.079334,-1
[INFO ] 1124999	Cold:0.011758,0.009134,0.038310,0.060107,0.543213,0.024544,0.036128,0.036271,-1
[INFO ] 1129999	Whole:0.029599,0.023616,0.036540,0.057405,0.591777,0.026061,0.043904,0.079424,-1
[INFO ] 1129999	Cold:0.011870,0.009176,0.038483,0.060295,0.543143,0.024878,0.036417,0.036716,-1
[INFO ] 1/1
[INFO ] 1134999	Whole:0.029361,0.023472,0.036288,0.056704,0.591080,0.025620,0.043356,0.078759,-1
[INFO ] 1134999	Cold:0.011646,0.009008,0.037810,0.059250,0.542441,0.024582,0.035923,0.036252,-1
[INFO ] 1139999	Whole:0.029312,0.023464,0.035986,0.056950,0.591019,0.025761,0.043492,0.079007,-1
[INFO ] 1139999	Cold:0.011702,0.009078,0.037902,0.059783,0.542862,0.024569,0.036038,0.036230,-1
[INFO ] 1144999	Whole:0.029312,0.023776,0.036006,0.057961,0.592576,0.025804,0.043817,0.078983,-1
[INFO ] 1144999	Cold:0.011702,0.009120,0.037736,0.060369,0.543003,0.024601,0.036128,0.035902,-1
[INFO ] 1149999	Whole:0.029476,0.023653,0.036323,0.057574,0.592105,0.025680,0.043650,0.078741,-1
[INFO ] 1149999	Cold:0.011870,0.009120,0.038541,0.060083,0.543213,0.024394,0.035973,0.035970,-1
[INFO ] 1154999	Whole:0.029484,0.023645,0.036576,0.057619,0.592085,0.025799,0.043766,0.079238,-1
[INFO ] 1154999	Cold:0.012095,0.009204,0.039021,0.060107,0.543353,0.024447,0.036082,0.036177,-1
[INFO ] 1159999	Whole:0.029279,0.023583,0.036689,0.057605,0.591880,0.025871,0.043811,0.079309,-1
[INFO ] 1159999	Cold:0.012123,0.009261,0.039316,0.060981,0.543494,0.024541,0.036336,0.036248,-1
[INFO ] 1164999	Whole:0.029238,0.023481,0.036317,0.057402,0.591654,0.025596,0.043501,0.078832,-1
[INFO ] 1164999	Cold:0.011870,0.009247,0.038544,0.060832,0.543494,0.024236,0.035989,0.035687,-1
[INFO ] 1169999	Whole:0.029492,0.023518,0.036470,0.057688,0.591900,0.025940,0.043875,0.079373,-1
[INFO ] 1169999	Cold:0.011955,0.009303,0.038487,0.061068,0.543844,0.025053,0.036761,0.036914,-1
[INFO ] 1174999	Whole:0.029550,0.023542,0.036609,0.057520,0.591757,0.025535,0.043518,0.079072,-1
[INFO ] 1174999	Cold:0.011983,0.009303,0.039231,0.061297,0.543914,0.024452,0.036349,0.036327,-1
[INFO ] 1179999	Whole:0.029574,0.023571,0.036755,0.057511,0.591798,0.025578,0.043567,0.079077,-1
[INFO ] 1179999	Cold:0.012263,0.009275,0.040153,0.061055,0.543704,0.024491,0.036371,0.036371,-1
[INFO ] 1184999	Whole:0.029509,0.023768,0.036723,0.057952,0.592474,0.025816,0.043860,0.079052,-1
[INFO ] 1184999	Cold:0.011870,0.009261,0.038778,0.060978,0.543423,0.024532,0.036295,0.036055,-1
[INFO ] 1189999	Whole:0.029697,0.023583,0.037328,0.057327,0.591716,0.025786,0.043662,0.078823,-1
[INFO ] 1189999	Cold:0.012263,0.009190,0.040625,0.060871,0.543213,0.024858,0.036493,0.036240,-1
[INFO ] 1194999	Whole:0.029673,0.023665,0.037326,0.057800,0.592064,0.026029,0.043986,0.079365,-1
[INFO ] 1194999	Cold:0.012319,0.009204,0.040572,0.060782,0.543143,0.025023,0.036613,0.036525,-1
[INFO ] 1199999	Whole:0.029648,0.023596,0.036822,0.057610,0.591777,0.025977,0.043856,0.079040,-1
[INFO ] 1199999	Cold:0.011730,0.009008,0.039035,0.060041,0.542722,0.024965,0.036327,0.036455,-1
[INFO ] 1204999	Whole:0.029279,0.023657,0.036749,0.057700,0.591880,0.026061,0.044009,0.079683,-1
[INFO ] 1204999	Cold:0.011842,0.009134,0.039239,0.060913,0.542932,0.025248,0.036759,0.036789,-1
[INFO ] 1209999	Whole:0.029353,0.023657,0.036497,0.057422,0.591470,0.025918,0.043776,0.079244,-1
[INFO ] 1209999	Cold:0.011926,0.009036,0.039528,0.059824,0.542371,0.024979,0.036262,0.036030,-1
[INFO ] 1214999	Whole:0.029648,0.023587,0.036969,0.057637,0.591593,0.025916,0.043845,0.079156,-1
[INFO ] 1214999	Cold:0.011842,0.009078,0.039129,0.059894,0.542652,0.025022,0.036343,0.036289,-1
[INFO ] 1219999	Whole:0.029271,0.023854,0.036352,0.058397,0.592003,0.026073,0.044128,0.079032,-1
[INFO ] 1219999	Cold:0.011758,0.009162,0.038661,0.060522,0.542652,0.025375,0.036787,0.036772,-1
[INFO ] 1224999	Whole:0.029615,0.023616,0.037028,0.058046,0.591777,0.025872,0.043829,0.078533,-1
[INFO ] 1224999	Cold:0.012067,0.009275,0.039867,0.061644,0.543423,0.024911,0.036622,0.035891,-1
[INFO ] 1229999	Whole:0.029902,0.023760,0.037469,0.058234,0.592290,0.026063,0.044147,0.079541,-1
[INFO ] 1229999	Cold:0.012039,0.009331,0.039773,0.061710,0.543143,0.024819,0.036571,0.035772,-1
[INFO ] 1234999	Whole:0.029935,0.023776,0.037101,0.058166,0.592618,0.026025,0.044100,0.079537,-1
[INFO ] 1234999	Cold:0.012039,0.009345,0.039574,0.061616,0.543494,0.024991,0.036749,0.036335,-1
[INFO ] 1239999	Whole:0.029845,0.023702,0.037040,0.057796,0.592290,0.026221,0.044184,0.080124,-1
[INFO ] 1239999	Cold:0.012067,0.009331,0.039823,0.061325,0.543494,0.025204,0.036851,0.036496,-1
[INFO ] 1244999	Whole:0.029632,0.023899,0.037244,0.057769,0.592761,0.026102,0.044065,0.079450,-1
[INFO ] 1244999	Cold:0.012123,0.009078,0.040221,0.060516,0.542582,0.025050,0.036550,0.036584,-1
[INFO ] 1249999	Whole:0.029542,0.023850,0.037045,0.057953,0.592925,0.025991,0.044034,0.079343,-1
[INFO ] 1249999	Cold:0.011955,0.009289,0.039861,0.061264,0.543353,0.024680,0.036423,0.035915,-1
[INFO ] 1254999	Whole:0.029878,0.023632,0.036907,0.057260,0.591736,0.025842,0.043694,0.079278,-1
[INFO ] 1254999	Cold:0.011898,0.009022,0.039270,0.059611,0.542231,0.024090,0.035510,0.034949,-1
[INFO ] 1259999	Whole:0.029878,0.023829,0.037166,0.057987,0.592433,0.026337,0.044308,0.079773,-1
[INFO ] 1259999	Cold:0.011870,0.009331,0.039371,0.061612,0.543353,0.025283,0.036911,0.036258,-1
[INFO ] 1264999	Whole:0.029738,0.023719,0.036669,0.057512,0.592187,0.025905,0.043857,0.079170,-1
[INFO ] 1264999	Cold:0.012123,0.009092,0.039925,0.060052,0.542231,0.024714,0.036135,0.035739,-1
[INFO ] 1269999	Whole:0.029788,0.023858,0.037204,0.058341,0.593028,0.026163,0.044267,0.079646,-1
[INFO ] 1269999	Cold:0.012291,0.009387,0.040493,0.061799,0.543634,0.025271,0.037008,0.036488,-1
[INFO ] 1274999	Whole:0.029295,0.023657,0.036519,0.057732,0.591941,0.025798,0.043736,0.078727,-1
[INFO ] 1274999	Cold:0.011898,0.009275,0.039235,0.061240,0.543213,0.024819,0.036465,0.035796,-1
[INFO ] 1279999	Whole:0.029542,0.023772,0.036945,0.058010,0.592577,0.025905,0.043946,0.079112,-1
[INFO ] 1279999	Cold:0.011955,0.009317,0.039511,0.061454,0.543634,0.024795,0.036503,0.035856,-1
[INFO ] 1284999	Whole:0.029501,0.023751,0.037169,0.057819,0.592228,0.026167,0.044089,0.079518,-1
[INFO ] 1284999	Cold:0.012011,0.009120,0.039706,0.060441,0.542722,0.025411,0.036717,0.036479,-1
[INFO ] 1289999	Whole:0.029689,0.023739,0.037242,0.057954,0.592167,0.026311,0.044213,0.079557,-1
[INFO ] 1289999	Cold:0.012263,0.009331,0.040663,0.061650,0.543634,0.025613,0.037235,0.037058,-1
[INFO ] 1/1
[INFO ] 1294999	Whole:0.029845,0.023780,0.037737,0.058123,0.592310,0.026262,0.044301,0.080010,-1
[INFO ] 1294999	Cold:0.012404,0.009359,0.041367,0.062211,0.543704,0.025707,0.037409,0.036935,-1
[INFO ] 1299999	Whole:0.029788,0.023612,0.037057,0.057514,0.591757,0.026075,0.043981,0.079486,-1
[INFO ] 1299999	Cold:0.012039,0.009106,0.039914,0.060549,0.542582,0.025319,0.036739,0.036770,-1
[INFO ] 1304999	Whole:0.029870,0.023673,0.037352,0.057279,0.591777,0.025840,0.043721,0.078977,-1
[INFO ] 1304999	Cold:0.012347,0.009218,0.040760,0.060733,0.543003,0.025235,0.036764,0.036746,-1
[INFO ] 1309999	Whole:0.029935,0.023842,0.037349,0.057905,0.592433,0.025924,0.043919,0.078845,-1
[INFO ] 1309999	Cold:0.012151,0.009162,0.040160,0.060460,0.542862,0.025188,0.036614,0.036437,-1
[INFO ] 1314999	Whole:0.029599,0.023825,0.036734,0.057967,0.592249,0.025776,0.043796,0.078600,-1
[INFO ] 1314999	Cold:0.012095,0.009190,0.039554,0.060946,0.543073,0.024687,0.036342,0.035923,-1
[INFO ] 1319999	Whole:0.029386,0.023710,0.036622,0.057503,0.591736,0.025530,0.043425,0.077870,-1
[INFO ] 1319999	Cold:0.012095,0.009176,0.039741,0.060579,0.542582,0.024609,0.036148,0.035562,-1
[INFO ] 1324999	Whole:0.029279,0.023727,0.036671,0.057757,0.592167,0.025647,0.043665,0.078579,-1
[INFO ] 1324999	Cold:0.012095,0.009232,0.039987,0.061338,0.543213,0.024794,0.036504,0.035997,-1
[INFO ] 1329999	Whole:0.029689,0.023710,0.037228,0.058056,0.592249,0.025847,0.043845,0.078438,-1
[INFO ] 1329999	Cold:0.012095,0.009289,0.039968,0.061942,0.543353,0.025416,0.037114,0.036759,-1
[INFO ] 1334999	Whole:0.029525,0.023842,0.036735,0.058177,0.592515,0.026202,0.044199,0.079267,-1
[INFO ] 1334999	Cold:0.012011,0.009218,0.039325,0.060980,0.543213,0.025814,0.037236,0.037218,-1
[INFO ] 1339999	Whole:0.029542,0.023813,0.036829,0.057803,0.592392,0.025931,0.043883,0.078883,-1
[INFO ] 1339999	Cold:0.012179,0.009050,0.040015,0.060228,0.542722,0.025127,0.036443,0.036110,-1
[INFO ] 1344999	Whole:0.029615,0.023907,0.036787,0.058321,0.593192,0.026158,0.044267,0.079564,-1
[INFO ] 1344999	Cold:0.011898,0.009120,0.039391,0.060750,0.543003,0.025330,0.036795,0.036930,-1
[INFO ] 1349999	Whole:0.029648,0.023862,0.037084,0.058186,0.592761,0.026066,0.044157,0.079442,-1
[INFO ] 1349999	Cold:0.012011,0.009134,0.039703,0.060903,0.542862,0.025312,0.036793,0.036536,-1
[INFO ] 1354999	Whole:0.029870,0.023899,0.037459,0.058440,0.593110,0.026446,0.044530,0.080063,-1
[INFO ] 1354999	Cold:0.012235,0.009232,0.040279,0.060962,0.543283,0.025710,0.037178,0.037169,-1
[INFO ] 1359999	Whole:0.029615,0.023710,0.036963,0.058389,0.592454,0.026242,0.044280,0.079704,-1
[INFO ] 1359999	Cold:0.012207,0.009148,0.039999,0.060934,0.542862,0.025175,0.036677,0.036294,-1
[INFO ] 1364999	Whole:0.029976,0.023665,0.037867,0.057760,0.592228,0.026204,0.044142,0.079801,-1
[INFO ] 1364999	Cold:0.012544,0.009176,0.041194,0.060882,0.542932,0.025348,0.036852,0.036713,-1
[INFO ] 1369999	Whole:0.029820,0.023899,0.037045,0.058311,0.593151,0.026284,0.044382,0.080304,-1
[INFO ] 1369999	Cold:0.012123,0.009190,0.039922,0.061067,0.543353,0.024905,0.036541,0.036197,-1
[INFO ] 1374999	Whole:0.029796,0.023801,0.037281,0.057857,0.592741,0.026193,0.044203,0.080159,-1
[INFO ] 1374999	Cold:0.012067,0.009078,0.040113,0.060410,0.542722,0.024965,0.036355,0.035962,-1
[INFO ] 1379999	Whole:0.029648,0.023698,0.037119,0.057588,0.592249,0.026209,0.044085,0.079923,-1
[INFO ] 1379999	Cold:0.012067,0.009303,0.040022,0.061782,0.543634,0.025132,0.036809,0.036092,-1
[INFO ] 1384999	Whole:0.029771,0.023817,0.037161,0.058050,0.592741,0.026361,0.044326,0.079902,-1
[INFO ] 1384999	Cold:0.012039,0.009317,0.039900,0.061821,0.543704,0.025757,0.037297,0.036688,-1
[INFO ] 1389999	Whole:0.029771,0.023706,0.036992,0.057532,0.592372,0.026163,0.044039,0.079732,-1
[INFO ] 1389999	Cold:0.011814,0.009204,0.039402,0.060972,0.543353,0.025221,0.036684,0.036170,-1
[INFO ] 1394999	Whole:0.029738,0.023628,0.036802,0.057213,0.592331,0.026087,0.043913,0.079686,-1
[INFO ] 1394999	Cold:0.011758,0.009022,0.039012,0.059468,0.542582,0.024815,0.036078,0.035894,-1
[INFO ] 1399999	Whole:0.029927,0.023825,0.037210,0.057554,0.592679,0.026047,0.043980,0.079810,-1
[INFO ] 1399999	Cold:0.011898,0.008938,0.039639,0.059393,0.542231,0.024718,0.035898,0.035537,-1
[INFO ] 1404999	Whole:0.029525,0.023825,0.036841,0.057735,0.592720,0.026038,0.044045,0.079768,-1
[INFO ] 1404999	Cold:0.011898,0.009134,0.039662,0.060081,0.542862,0.024945,0.036316,0.035919,-1
[INFO ] 1409999	Whole:0.029607,0.023809,0.037132,0.057870,0.592802,0.026175,0.044166,0.079873,-1
[INFO ] 1409999	Cold:0.012179,0.009148,0.040392,0.060696,0.543283,0.025373,0.036812,0.036662,-1
[INFO ] 1414999	Whole:0.029706,0.023612,0.036902,0.057495,0.592085,0.025807,0.043731,0.079381,-1
[INFO ] 1414999	Cold:0.011758,0.009247,0.039103,0.060821,0.543213,0.025102,0.036668,0.036529,-1
[INFO ] 1419999	Whole:0.029492,0.023604,0.036873,0.057511,0.592290,0.025813,0.043705,0.079210,-1
[INFO ] 1419999	Cold:0.011786,0.009261,0.039114,0.061053,0.543423,0.025036,0.036649,0.036345,-1
[INFO ] 1424999	Whole:0.029599,0.023591,0.036908,0.057551,0.592146,0.025983,0.043901,0.079765,-1
[INFO ] 1424999	Cold:0.011646,0.009317,0.038507,0.061357,0.543844,0.025055,0.036755,0.036450,-1
[INFO ] 1429999	Whole:0.029320,0.023694,0.036743,0.057671,0.592187,0.026087,0.043998,0.079697,-1
[INFO ] 1429999	Cold:0.011786,0.009275,0.038604,0.061247,0.543423,0.025292,0.036850,0.036482,-1
[INFO ] 1434999	Whole:0.029525,0.023805,0.036728,0.058160,0.592495,0.025993,0.044001,0.079008,-1
[INFO ] 1434999	Cold:0.011926,0.009162,0.038697,0.060506,0.543073,0.024726,0.036222,0.035659,-1
[INFO ] 1439999	Whole:0.029788,0.023723,0.036723,0.057647,0.591818,0.026282,0.044136,0.079724,-1
[INFO ] 1439999	Cold:0.011898,0.009078,0.038570,0.060556,0.542441,0.025533,0.036859,0.036893,-1
[INFO ] 1444999	Whole:0.029747,0.023616,0.037122,0.057711,0.591757,0.026060,0.043956,0.079358,-1
[INFO ] 1444999	Cold:0.012095,0.009162,0.039430,0.060739,0.542932,0.025476,0.036926,0.037006,-1
[INFO ] 1449999	Whole:0.029402,0.023714,0.036621,0.057535,0.591941,0.025981,0.043863,0.079005,-1
[INFO ] 1449999	Cold:0.011870,0.009134,0.038572,0.060379,0.542512,0.025238,0.036633,0.036577,-1
[INFO ] 1454999	Whole:0.029402,0.023858,0.036553,0.058140,0.592310,0.025981,0.043981,0.079141,-1
[INFO ] 1454999	Cold:0.011955,0.009218,0.039685,0.061245,0.543143,0.025247,0.036811,0.036403,-1
[INFO ] 1/1
[INFO ] 1459999	Whole:0.029337,0.023755,0.036887,0.057438,0.592084,0.026053,0.043892,0.079061,-1
[INFO ] 1459999	Cold:0.011983,0.009120,0.039582,0.060213,0.542862,0.025610,0.036931,0.037189,-1
[INFO ] 1464999	Whole:0.029599,0.023731,0.037129,0.057364,0.592044,0.025981,0.043852,0.079196,-1
[INFO ] 1464999	Cold:0.012123,0.009008,0.040155,0.059584,0.542091,0.025354,0.036545,0.036679,-1
[INFO ] 1469999	Whole:0.029615,0.023731,0.036724,0.057739,0.592167,0.026252,0.044089,0.079415,-1
[INFO ] 1469999	Cold:0.011842,0.009120,0.038518,0.061030,0.542932,0.025714,0.037099,0.037043,-1
[INFO ] 1474999	Whole:0.029525,0.023792,0.036735,0.058312,0.592433,0.025949,0.043930,0.078663,-1
[INFO ] 1474999	Cold:0.011870,0.009275,0.038799,0.061692,0.543704,0.025614,0.037201,0.037092,-1
[INFO ] 1479999	Whole:0.029542,0.023776,0.037191,0.058026,0.592392,0.026111,0.044090,0.079275,-1
[INFO ] 1479999	Cold:0.012151,0.009092,0.039929,0.060352,0.542792,0.025164,0.036558,0.036495,-1
[INFO ] 1484999	Whole:0.029271,0.023854,0.036840,0.057956,0.592535,0.026051,0.044027,0.079249,-1
[INFO ] 1484999	Cold:0.012151,0.009204,0.039788,0.061334,0.543143,0.025264,0.036810,0.036218,-1
[INFO ] 1489999	Whole:0.029254,0.023850,0.036514,0.057841,0.592904,0.025883,0.043862,0.078904,-1
[INFO ] 1489999	Cold:0.011786,0.009092,0.038846,0.060567,0.542862,0.025466,0.036795,0.036555,-1
[INFO ] 1494999	Whole:0.029550,0.023805,0.036813,0.058114,0.592536,0.026277,0.044212,0.079266,-1
[INFO ] 1494999	Cold:0.011814,0.009218,0.038804,0.061304,0.543213,0.025766,0.037202,0.036845,-1
[INFO ] 1499999	Whole:0.029919,0.023862,0.037148,0.057930,0.592823,0.025938,0.043961,0.079291,-1
[INFO ] 1499999	Cold:0.011955,0.009176,0.039676,0.060754,0.543143,0.025023,0.036536,0.036179,-1
[INFO ] 1504999	Whole:0.029615,0.023842,0.036597,0.058034,0.592638,0.026160,0.044175,0.080059,-1
[INFO ] 1504999	Cold:0.011562,0.009190,0.038430,0.061222,0.543423,0.025070,0.036620,0.036108,-1
[INFO ] 1509999	Whole:0.029689,0.023854,0.036918,0.058005,0.592987,0.026303,0.044338,0.080151,-1
[INFO ] 1509999	Cold:0.011758,0.009289,0.038903,0.061769,0.543774,0.025567,0.037166,0.036804,-1
[INFO ] 1514999	Whole:0.029525,0.023870,0.037033,0.057865,0.592782,0.026410,0.044389,0.080188,-1
[INFO ] 1514999	Cold:0.012011,0.009218,0.039743,0.061281,0.543213,0.025669,0.037141,0.036888,-1
[INFO ] 1519999	Whole:0.029558,0.023837,0.037063,0.058140,0.592618,0.026326,0.044370,0.080015,-1
[INFO ] 1519999	Cold:0.011926,0.009317,0.039556,0.061800,0.543494,0.025713,0.037317,0.037074,-1
[INFO ] 1524999	Whole:0.029952,0.023760,0.037262,0.057723,0.592659,0.026239,0.044220,0.079886,-1
[INFO ] 1524999	Cold:0.012039,0.009120,0.039685,0.060247,0.542792,0.025383,0.036759,0.036973,-1
[INFO ] 1529999	Whole:0.029878,0.023694,0.037221,0.057745,0.592474,0.026147,0.044137,0.079758,-1
[INFO ] 1529999	Cold:0.012207,0.009036,0.039844,0.060261,0.542652,0.025397,0.036697,0.036608,-1
[INFO ] 1534999	Whole:0.030001,0.023739,0.037453,0.057897,0.592802,0.026162,0.044204,0.079806,-1
[INFO ] 1534999	Cold:0.012067,0.009022,0.040057,0.059997,0.542582,0.025338,0.036606,0.036573,-1
[INFO ] 1539999	Whole:0.029665,0.023899,0.037367,0.058131,0.593048,0.026165,0.044247,0.079655,-1
[INFO ] 1539999	Cold:0.012319,0.009162,0.040809,0.060827,0.543283,0.025334,0.036856,0.036746,-1
[INFO ] 1544999	Whole:0.029656,0.023919,0.036891,0.058356,0.592823,0.026173,0.044290,0.079821,-1
[INFO ] 1544999	Cold:0.012151,0.009247,0.040070,0.061669,0.543494,0.025710,0.037301,0.037077,-1
[INFO ] 1549999	Whole:0.030083,0.023809,0.037553,0.058439,0.592454,0.026426,0.044510,0.080273,-1
[INFO ] 1549999	Cold:0.012291,0.009289,0.040631,0.062258,0.543564,0.025930,0.037565,0.037113,-1
[INFO ] 1554999	Whole:0.029796,0.023948,0.037499,0.058561,0.593294,0.026141,0.044334,0.079666,-1
[INFO ] 1554999	Cold:0.012151,0.009176,0.040281,0.062020,0.543283,0.025381,0.037041,0.036456,-1
[INFO ] 1559999	Whole:0.029697,0.023764,0.037151,0.058350,0.592495,0.026029,0.044101,0.079130,-1
[INFO ] 1559999	Cold:0.012207,0.009232,0.040378,0.062115,0.543774,0.025396,0.037139,0.036684,-1
[INFO ] 1564999	Whole:0.029788,0.023768,0.037249,0.058415,0.592761,0.026085,0.044147,0.078876,-1
[INFO ] 1564999	Cold:0.011983,0.009275,0.039871,0.062010,0.543844,0.025385,0.037091,0.036543,-1
[INFO ] 1569999	Whole:0.029435,0.023678,0.036793,0.058044,0.592474,0.025921,0.043878,0.078664,-1
[INFO ] 1569999	Cold:0.011870,0.009218,0.039519,0.061776,0.543423,0.025105,0.036758,0.036087,-1
[INFO ] 1574999	Whole:0.029542,0.023850,0.036675,0.058367,0.592372,0.026227,0.044304,0.079694,-1
[INFO ] 1574999	Cold:0.011674,0.009275,0.038385,0.061977,0.543704,0.025625,0.037232,0.036841,-1
[INFO ] 1579999	Whole:0.029525,0.023813,0.036750,0.058082,0.592269,0.026148,0.044153,0.079503,-1
[INFO ] 1579999	Cold:0.011702,0.009134,0.038670,0.061206,0.543143,0.025488,0.036955,0.036629,-1
[INFO ] 1584999	Whole:0.029730,0.023878,0.036675,0.058079,0.593028,0.026121,0.044213,0.079761,-1
[INFO ] 1584999	Cold:0.011618,0.009204,0.038292,0.060478,0.543143,0.025284,0.036683,0.036547,-1
[INFO ] 1589999	Whole:0.029738,0.023928,0.036962,0.058069,0.592761,0.026319,0.044354,0.079920,-1
[INFO ] 1589999	Cold:0.011786,0.009078,0.038829,0.060673,0.542792,0.025890,0.037197,0.037385,-1
[INFO ] 1594999	Whole:0.029706,0.023788,0.037171,0.057971,0.592413,0.026100,0.044132,0.079534,-1
[INFO ] 1594999	Cold:0.011983,0.009120,0.039879,0.061124,0.542932,0.025455,0.036948,0.036795,-1
[INFO ] 1599999	Whole:0.029927,0.023952,0.037406,0.058322,0.593192,0.026386,0.044476,0.080107,-1
[INFO ] 1599999	Cold:0.012375,0.009289,0.041002,0.061989,0.543564,0.025985,0.037573,0.037202,-1



[INFO ] 1604999	Whole:0.029796,0.024071,0.037530,0.058701,0.593417,0.026388,0.044554,0.079858,-1
[INFO ] 1604999	Cold:0.012628,0.009387,0.041692,0.062466,0.543985,0.025809,0.037580,0.037126,-1
[INFO ] 1609999	Whole:0.029566,0.023833,0.036881,0.058524,0.593007,0.026248,0.044264,0.079335,-1
[INFO ] 1609999	Cold:0.012039,0.009359,0.039886,0.062263,0.543914,0.026156,0.037744,0.037297,-1
[INFO ] 1614999	Whole:0.029730,0.023805,0.037336,0.058697,0.593028,0.026415,0.044494,0.080183,-1
[INFO ] 1614999	Cold:0.012291,0.009261,0.040787,0.062094,0.543704,0.026097,0.037700,0.037652,-1
[INFO ] 1/1
[INFO ] 1619999	Whole:0.029591,0.024030,0.037052,0.059130,0.593458,0.026568,0.044764,0.080276,-1
[INFO ] 1619999	Cold:0.012347,0.009261,0.040730,0.062010,0.543564,0.026473,0.037939,0.037896,-1
[INFO ] 1624999	Whole:0.029615,0.023694,0.037158,0.057817,0.591818,0.026436,0.044276,0.079838,-1
[INFO ] 1624999	Cold:0.012347,0.009064,0.040927,0.060908,0.542512,0.026070,0.037317,0.037160,-1
[INFO ] 1629999	Whole:0.029566,0.024051,0.037031,0.058463,0.593130,0.026258,0.044354,0.079804,-1
[INFO ] 1629999	Cold:0.012235,0.009064,0.040307,0.060860,0.542652,0.025168,0.036574,0.036053,-1
[INFO ] 1634999	Whole:0.029697,0.023936,0.037319,0.058456,0.593356,0.026191,0.044278,0.079456,-1
[INFO ] 1634999	Cold:0.012235,0.009162,0.040841,0.061037,0.543073,0.025280,0.036821,0.036536,-1
[INFO ] 1639999	Whole:0.029722,0.023891,0.036831,0.058499,0.592761,0.026256,0.044347,0.079732,-1
[INFO ] 1639999	Cold:0.012095,0.009289,0.039680,0.062094,0.543704,0.025487,0.037178,0.036684,-1


[INFO ] 1644999	Whole:0.029566,0.023973,0.036864,0.058917,0.592741,0.026397,0.044559,0.080277,-1
[INFO ] 1644999	Cold:0.012011,0.009359,0.040345,0.062422,0.543704,0.025796,0.037490,0.036851,-1
[INFO ] 1649999	Whole:0.029583,0.023784,0.036928,0.058375,0.592802,0.026216,0.044276,0.079866,-1
[INFO ] 1649999	Cold:0.011926,0.009218,0.039592,0.061931,0.543634,0.025751,0.037333,0.036994,-1
[INFO ] 1654999	Whole:0.029673,0.023821,0.036798,0.058188,0.592740,0.026150,0.044223,0.079928,-1
[INFO ] 1654999	Cold:0.011814,0.009148,0.038451,0.061281,0.543073,0.025349,0.036869,0.036644,-1
[INFO ] 1659999	Whole:0.029763,0.023719,0.037200,0.057809,0.592351,0.025956,0.043958,0.079169,-1
[INFO ] 1659999	Cold:0.011983,0.009247,0.039835,0.061690,0.543423,0.025398,0.037030,0.036608,-1
[INFO ] 1664999	Whole:0.029763,0.023850,0.037404,0.057862,0.592536,0.026254,0.044232,0.079868,-1
[INFO ] 1664999	Cold:0.012263,0.009176,0.040464,0.061101,0.543213,0.025421,0.036924,0.036735,-1
[INFO ] 1669999	Whole:0.029886,0.023915,0.037296,0.058143,0.592966,0.026055,0.044105,0.079158,-1
[INFO ] 1669999	Cold:0.012095,0.009331,0.039618,0.062122,0.543985,0.025538,0.037272,0.037058,-1
[INFO ] 1674999	Whole:0.029509,0.023924,0.036822,0.058370,0.592843,0.026108,0.044214,0.079429,-1
[INFO ] 1674999	Cold:0.011870,0.009162,0.038776,0.060895,0.543003,0.025378,0.036889,0.037146,-1
[INFO ] 1679999	Whole:0.029845,0.024026,0.036837,0.058318,0.592925,0.026213,0.044271,0.079328,-1
[INFO ] 1679999	Cold:0.011730,0.009247,0.038638,0.061351,0.543423,0.025195,0.036820,0.036637,-1
[INFO ] 1684999	Whole:0.029878,0.023796,0.037168,0.057924,0.592413,0.026011,0.044003,0.079227,-1
[INFO ] 1684999	Cold:0.011926,0.009134,0.039437,0.061000,0.543073,0.025173,0.036725,0.036679,-1
[INFO ] 1689999	Whole:0.029829,0.023907,0.037205,0.058320,0.593110,0.026365,0.044470,0.080537,-1
[INFO ] 1689999	Cold:0.011758,0.009204,0.039102,0.061246,0.543564,0.025783,0.037261,0.037236,-1
[INFO ] 1694999	Whole:0.029788,0.023973,0.036978,0.058266,0.593130,0.026374,0.044403,0.080277,-1
[INFO ] 1694999	Cold:0.011814,0.009064,0.039169,0.060549,0.542441,0.025546,0.036799,0.036666,-1
[INFO ] 1699999	Whole:0.029829,0.023837,0.037064,0.058118,0.593048,0.026140,0.044172,0.079659,-1
[INFO ] 1699999	Cold:0.012039,0.009078,0.039192,0.060656,0.542862,0.025245,0.036681,0.036598,-1
[INFO ] 1704999	Whole:0.029722,0.023854,0.037375,0.058329,0.593048,0.026421,0.044510,0.080096,-1
[INFO ] 1704999	Cold:0.011926,0.009176,0.039755,0.061304,0.543353,0.025989,0.037372,0.037162,-1
[INFO ] 1709999	Whole:0.030083,0.023862,0.037422,0.058297,0.593027,0.026340,0.044388,0.080116,-1
[INFO ] 1709999	Cold:0.012011,0.009232,0.039718,0.061561,0.543353,0.025541,0.037054,0.036607,-1
[INFO ] 1714999	Whole:0.029837,0.023932,0.037290,0.057894,0.592679,0.026200,0.044205,0.079545,-1
[INFO ] 1714999	Cold:0.012123,0.008966,0.039957,0.060018,0.542161,0.025511,0.036679,0.036695,-1



[INFO ] Training: ...earch/ssh/epinion/train0.2_folder_1, Testing:: ...search/ssh/epinion/test0.2_folder_1.
[DEBUG] User amount: 38451, item amount: 123271
[DEBUG] Rate amount: 531860, scales: {1.0}
[DEBUG] User amount: 38451, item amount: 123271
[DEBUG] Rate amount: 113693, scales: {1.0}
[INFO ] AsyWalkRanker: 30,5.0E-4,0.25,0.25,100,3200,1,100,0.45,10
[INFO ] 1059999 Cold:0.012067,0.009134,0.038856,0.059591,0.543143,0.025215,0.036585,0.037094,-1
[INFO ] 1064999 Whole:0.029451,0.023780,0.036442,0.056978,0.591982,0.025979,0.043921,0.079832,-1
[INFO ] 1064999 Cold:0.012067,0.009036,0.038931,0.059122,0.542722,0.024909,0.036196,0.036635,-1
[INFO ] 1069999 Whole:0.029410,0.023628,0.036481,0.056668,0.591675,0.025848,0.043710,0.079484,-1
[INFO ] 1069999 Cold:0.012151,0.009064,0.039020,0.059012,0.542652,0.024807,0.036089,0.036341,-1
[INFO ] 1074999 Whole:0.029140,0.023731,0.035977,0.056472,0.591613,0.025761,0.043591,0.079391,-1
[INFO ] 1074999 Cold:0.011898,0.009064,0.037991,0.058960,0.542441,0.024771,0.036073,0.036496,-1
[INFO ] 1079999 Whole:0.029320,0.023731,0.036315,0.056749,0.591593,0.025822,0.043649,0.079188,-1
[INFO ] 1079999 Cold:0.011870,0.009064,0.038536,0.059503,0.542652,0.025336,0.036589,0.037061,-1
[INFO ] 1084999 Whole:0.029337,0.023620,0.036489,0.056691,0.591429,0.025551,0.043388,0.078990,-1
[INFO ] 1084999 Cold:0.011955,0.009092,0.038751,0.060057,0.542512,0.024745,0.036171,0.035994,-1
[INFO ] 1089999 Whole:0.029222,0.023723,0.036338,0.056836,0.591593,0.025726,0.043592,0.079223,-1
[INFO ] 1089999 Cold:0.011898,0.009232,0.038400,0.060665,0.543283,0.025012,0.036562,0.036499,-1
[INFO ] 1094999 Whole:0.029615,0.023678,0.036926,0.057027,0.591654,0.025780,0.043671,0.079030,-1
[INFO ] 1094999 Cold:0.012095,0.009176,0.039125,0.060720,0.543143,0.025270,0.036747,0.036662,-1
[INFO ] 1099999 Whole:0.029378,0.023784,0.036670,0.057008,0.592064,0.026008,0.043918,0.079865,-1
[INFO ] 1099999 Cold:0.012151,0.009134,0.039048,0.060144,0.543003,0.025390,0.036731,0.036781,-1
[INFO ] 1104999 Whole:0.029419,0.023714,0.036584,0.057104,0.591921,0.026004,0.043880,0.079374,-1
[INFO ] 1104999 Cold:0.012123,0.009078,0.038727,0.059854,0.542652,0.025268,0.036540,0.036687,-1
[INFO ] 1109999 Whole:0.029017,0.023661,0.036187,0.056951,0.591756,0.025935,0.043767,0.079342,-1
[INFO ] 1109999 Cold:0.011955,0.009064,0.038388,0.060246,0.542792,0.025493,0.036771,0.036789,-1
[INFO ] 1114999 Whole:0.029213,0.023665,0.036633,0.056806,0.591859,0.026011,0.043836,0.079498,-1
[INFO ] 1114999 Cold:0.012151,0.008994,0.039485,0.059058,0.542371,0.025458,0.036520,0.036906,-1
[INFO ] 1119999 Whole:0.029369,0.023710,0.036219,0.056796,0.591675,0.025824,0.043651,0.078885,-1
[INFO ] 1119999 Cold:0.011898,0.009050,0.037906,0.059896,0.542652,0.024803,0.036173,0.036244,-1
[INFO ] 1124999 Whole:0.028959,0.023714,0.035539,0.056728,0.591511,0.025752,0.043508,0.078701,-1
[INFO ] 1124999 Cold:0.011618,0.009134,0.037331,0.060107,0.543003,0.024828,0.036249,0.036107,-1
[INFO ] 1129999 Whole:0.029624,0.023719,0.036513,0.057607,0.591839,0.025852,0.043849,0.079040,-1
[INFO ] 1129999 Cold:0.011898,0.009303,0.038370,0.061771,0.543844,0.025128,0.036895,0.036638,-1
[INFO ] 1/1
[INFO ] 1134999 Whole:0.029566,0.023731,0.036892,0.056662,0.591736,0.026013,0.043861,0.079621,-1
[INFO ] 1134999 Cold:0.011898,0.009148,0.038912,0.059720,0.543143,0.025012,0.036383,0.036397,-1
[INFO ] 1159999 Whole:0.029394,0.023698,0.036316,0.057344,0.591962,0.025841,0.043802,0.079200,-1
[INFO ] 1159999 Cold:0.011983,0.009261,0.038828,0.060983,0.543704,0.025601,0.037162,0.037533,-1
[INFO ] 1164999 Whole:0.029607,0.023698,0.036739,0.057581,0.591900,0.025879,0.043835,0.079104,-1
[INFO ] 1164999 Cold:0.012067,0.009162,0.039190,0.060866,0.543423,0.025510,0.036985,0.037056,-1
[INFO ] 1169999 Whole:0.029205,0.023530,0.036071,0.057115,0.591039,0.025793,0.043542,0.078627,-1
[INFO ] 1169999 Cold:0.012011,0.009162,0.038482,0.060688,0.543003,0.025990,0.037347,0.037884,-1
[INFO ] 1174999 Whole:0.029476,0.023723,0.036769,0.057565,0.591449,0.026289,0.044135,0.079706,-1
[INFO ] 1174999 Cold:0.012123,0.009317,0.039160,0.061584,0.543774,0.026228,0.037789,0.038165,-1
[INFO ] 1179999 Whole:0.029230,0.023899,0.036244,0.057438,0.592002,0.026126,0.044026,0.079521,-1
[INFO ] 1179999 Cold:0.011814,0.009078,0.037726,0.059402,0.542652,0.025261,0.036475,0.036946,-1
[INFO ] 1184999 Whole:0.029492,0.023870,0.036290,0.057371,0.592515,0.026069,0.043996,0.079876,-1
[INFO ] 1184999 Cold:0.011842,0.009162,0.037986,0.060501,0.543003,0.025504,0.036936,0.037222,-1
[INFO ] 1189999 Whole:0.029197,0.023854,0.035934,0.057231,0.592330,0.025955,0.043858,0.079406,-1
[INFO ] 1189999 Cold:0.011814,0.009162,0.037502,0.060015,0.543003,0.025390,0.036703,0.036863,-1
[INFO ] 1194999 Whole:0.029525,0.023788,0.036309,0.057087,0.592269,0.025872,0.043770,0.079276,-1
[INFO ] 1194999 Cold:0.011842,0.009092,0.037932,0.059652,0.542932,0.025205,0.036485,0.036743,-1
[INFO ] 1199999 Whole:0.029714,0.023723,0.036831,0.056757,0.592187,0.025877,0.043726,0.079507,-1
[INFO ] 1199999 Cold:0.012067,0.009050,0.039003,0.059437,0.542862,0.025661,0.036840,0.037378,-1
[INFO ] 1204999 Whole:0.029771,0.023883,0.037088,0.057337,0.592167,0.026053,0.043994,0.079623,-1
[INFO ] 1204999 Cold:0.012151,0.009036,0.039204,0.059758,0.542441,0.025619,0.036810,0.037199,-1
[INFO ] 1209999 Whole:0.029591,0.023891,0.036737,0.058125,0.592618,0.026121,0.044209,0.079392,-1
[INFO ] 1209999 Cold:0.012375,0.009373,0.039702,0.062386,0.544055,0.026156,0.037853,0.037812,-1
[INFO ] 1214999 Whole:0.029673,0.023936,0.036450,0.057491,0.592372,0.025978,0.043959,0.079524,-1
[INFO ] 1214999 Cold:0.012151,0.009218,0.039118,0.060892,0.543423,0.025741,0.037224,0.037558,-1
[INFO ] 1219999 Whole:0.029837,0.023846,0.036895,0.057109,0.592023,0.026060,0.043961,0.080046,-1
[INFO ] 1219999 Cold:0.012179,0.009148,0.039721,0.059863,0.543003,0.025713,0.037020,0.037750,-1
[INFO ] 1224999 Whole:0.029714,0.023817,0.036847,0.057348,0.592351,0.026066,0.043963,0.079743,-1
[INFO ] 1224999 Cold:0.011898,0.009162,0.038442,0.060293,0.543003,0.025720,0.037033,0.037195,-1
[INFO ] 1229999 Whole:0.029689,0.023760,0.036661,0.057245,0.591982,0.025953,0.043848,0.079426,-1
[INFO ] 1229999 Cold:0.011814,0.009176,0.038208,0.060099,0.542792,0.025445,0.036790,0.036987,-1
[INFO ] 1234999 Whole:0.029779,0.023825,0.036649,0.057608,0.592433,0.026040,0.043975,0.079222,-1
[INFO ] 1234999 Cold:0.011870,0.009275,0.037939,0.060927,0.543423,0.025768,0.037225,0.037412,-1
[INFO ] 1239999 Whole:0.029517,0.023723,0.036631,0.056971,0.591818,0.025965,0.043747,0.078943,-1
[INFO ] 1239999 Cold:0.011898,0.009134,0.038381,0.060097,0.542932,0.025631,0.036925,0.037313,-1
[INFO ] 1244999 Whole:0.029591,0.023731,0.036598,0.057619,0.591695,0.026087,0.044015,0.079606,-1
[INFO ] 1244999 Cold:0.011955,0.009092,0.037937,0.059702,0.542512,0.025001,0.036326,0.036499,-1
[INFO ] 1249999 Whole:0.029451,0.023755,0.036596,0.057386,0.592023,0.026046,0.043967,0.079795,-1
[INFO ] 1249999 Cold:0.012039,0.009303,0.038536,0.061065,0.543634,0.025090,0.036706,0.036542,-1
[INFO ] 1254999 Whole:0.029738,0.023821,0.036787,0.057571,0.592412,0.026118,0.044090,0.079962,-1
[INFO ] 1254999 Cold:0.012151,0.009275,0.039197,0.060906,0.543564,0.025911,0.037292,0.037414,-1
[INFO ] 1259999 Whole:0.029394,0.023686,0.035916,0.057360,0.591941,0.025714,0.043610,0.078613,-1
[INFO ] 1259999 Cold:0.011702,0.009092,0.037203,0.059671,0.543002,0.025119,0.036368,0.036507,-1
[INFO ] 1264999 Whole:0.029476,0.023825,0.036558,0.057278,0.592208,0.026141,0.044079,0.080247,-1
[INFO ] 1264999 Cold:0.011702,0.009148,0.037722,0.060723,0.543213,0.025197,0.036643,0.036487,-1
[INFO ] 1269999 Whole:0.029886,0.023772,0.036733,0.057627,0.592556,0.025940,0.043936,0.079524,-1
[INFO ] 1269999 Cold:0.011674,0.009176,0.037551,0.060878,0.543353,0.025212,0.036718,0.036738,-1
[INFO ] 1274999 Whole:0.029615,0.023768,0.036638,0.057380,0.592207,0.025697,0.043691,0.079015,-1
[INFO ] 1274999 Cold:0.011758,0.009190,0.038182,0.061023,0.543353,0.024967,0.036571,0.036403,-1
[INFO ] 1279999 Whole:0.029886,0.023878,0.037247,0.057640,0.592802,0.026185,0.044212,0.080176,-1
[INFO ] 1279999 Cold:0.012067,0.009289,0.038966,0.061584,0.543914,0.025615,0.037247,0.037292,-1
[INFO ] 1284999 Whole:0.029640,0.023755,0.036801,0.057457,0.591818,0.026076,0.044036,0.079915,-1
[INFO ] 1284999 Cold:0.012039,0.009162,0.039237,0.061505,0.543143,0.025701,0.037246,0.037193,-1
[INFO ] 1289999 Whole:0.029796,0.023653,0.036839,0.057335,0.591593,0.026102,0.044009,0.079686,-1
[INFO ] 1289999 Cold:0.011814,0.009190,0.038391,0.061439,0.543423,0.026121,0.037641,0.038205,-1
[INFO ] 1/1
[INFO ] 1294999 Whole:0.029886,0.023833,0.037283,0.057393,0.591490,0.026076,0.043986,0.079334,-1
[INFO ] 1294999 Cold:0.011758,0.009289,0.038423,0.061818,0.543774,0.025891,0.037473,0.037460,-1
[INFO ] 1299999 Whole:0.029599,0.023837,0.036915,0.057704,0.592003,0.026195,0.044188,0.079931,-1
[INFO ] 1299999 Cold:0.012067,0.009232,0.039700,0.061381,0.543774,0.026348,0.037737,0.037875,-1
[INFO ] 1304999 Whole:0.029460,0.023735,0.037131,0.057755,0.591880,0.026195,0.044148,0.079639,-1
[INFO ] 1304999 Cold:0.012151,0.009289,0.039698,0.061764,0.544055,0.026022,0.037610,0.037627,-1
[INFO ] 1309999 Whole:0.029755,0.023850,0.037454,0.057815,0.592044,0.026549,0.044508,0.080221,-1
[INFO ] 1309999 Cold:0.012319,0.009106,0.040236,0.060761,0.543073,0.026350,0.037564,0.037631,-1
[INFO ] 1314999 Whole:0.029599,0.023702,0.036966,0.057752,0.592003,0.026440,0.044401,0.080257,-1
[INFO ] 1314999 Cold:0.012207,0.009317,0.039801,0.062145,0.543915,0.026528,0.038093,0.038234,-1
[INFO ] 1319999 Whole:0.029886,0.023866,0.037475,0.058050,0.592454,0.026285,0.044346,0.079802,-1
[INFO ] 1319999 Cold:0.012263,0.009232,0.039962,0.061759,0.543634,0.026196,0.037701,0.037611,-1
[INFO ] 1324999 Whole:0.029648,0.023743,0.036861,0.057387,0.591921,0.025850,0.043802,0.079136,-1
[INFO ] 1324999 Cold:0.012039,0.009148,0.038898,0.060894,0.543213,0.025464,0.036948,0.036932,-1
[INFO ] 1329999 Whole:0.029501,0.023932,0.036843,0.057588,0.592720,0.026197,0.044182,0.080018,-1
[INFO ] 1329999 Cold:0.012123,0.009289,0.039511,0.061551,0.543844,0.026259,0.037784,0.038095,-1
[INFO ] 1334999 Whole:0.029501,0.023813,0.037126,0.057779,0.592515,0.026036,0.044053,0.079465,-1
[INFO ] 1334999 Cold:0.012235,0.009204,0.040360,0.061413,0.543424,0.026023,0.037509,0.037651,-1
[INFO ] 1339999 Whole:0.029558,0.023960,0.036818,0.057482,0.592946,0.025989,0.043955,0.079560,-1
[INFO ] 1339999 Cold:0.011898,0.009176,0.038608,0.060396,0.543003,0.025754,0.037051,0.037136,-1
[INFO ] 1344999 Whole:0.029566,0.024083,0.036855,0.058290,0.593150,0.026346,0.044448,0.079910,-1
[INFO ] 1344999 Cold:0.011898,0.009345,0.038695,0.062152,0.543844,0.026027,0.037633,0.037446,-1
[INFO ] 1349999 Whole:0.029796,0.024038,0.036951,0.058239,0.592823,0.026436,0.044516,0.080384,-1
[INFO ] 1349999 Cold:0.012011,0.009204,0.039010,0.061465,0.543283,0.025856,0.037364,0.037342,-1
[INFO ] 1354999 Whole:0.029673,0.024022,0.036926,0.058010,0.592741,0.026161,0.044241,0.080047,-1
[INFO ] 1354999 Cold:0.012039,0.009247,0.039420,0.061858,0.543634,0.025683,0.037239,0.036786,-1
[INFO ] 1359999 Whole:0.029689,0.023887,0.036883,0.057703,0.592228,0.026030,0.044069,0.079726,-1
[INFO ] 1359999 Cold:0.012179,0.009345,0.039702,0.061937,0.543914,0.025903,0.037528,0.037357,-1
[INFO ] 1364999 Whole:0.029517,0.024116,0.036545,0.058050,0.593212,0.026156,0.044326,0.080340,-1
[INFO ] 1364999 Cold:0.012123,0.009275,0.039382,0.060957,0.543353,0.026008,0.037399,0.037370,-1
[INFO ] 1369999 Whole:0.029468,0.023911,0.036811,0.057718,0.592515,0.026120,0.044164,0.080210,-1
[INFO ] 1369999 Cold:0.012095,0.009204,0.039840,0.060988,0.543564,0.025782,0.037235,0.037200,-1
[INFO ] 1374999 Whole:0.029501,0.023952,0.036918,0.057799,0.592454,0.026154,0.044159,0.079829,-1
[INFO ] 1374999 Cold:0.011955,0.009190,0.039221,0.061427,0.543564,0.025766,0.037274,0.037242,-1



[INFO ] Training: ...earch/ssh/epinion/train0.2_folder_1, Testing:: ...search/ssh/epinion/test0.2_folder_1.
[DEBUG] User amount: 38451, item amount: 123271
[DEBUG] Rate amount: 531860, scales: {1.0}
[DEBUG] User amount: 38451, item amount: 123271
[DEBUG] Rate amount: 113693, scales: {1.0}
[INFO ] AsyWalkRanker: 30,5.0E-4,0.25,0.25,100,6400,1,100,0.45,10
[INFO ] 1294999 Whole:0.029271,0.024006,0.037199,0.058708,0.592802,0.025935,0.043969,0.077809,-1
[INFO ] 1294999 Cold:0.012011,0.009176,0.040142,0.061499,0.543283,0.025088,0.036711,0.036213,-1
[INFO ] 1299999 Whole:0.029082,0.023862,0.036539,0.058038,0.592720,0.025557,0.043586,0.077516,-1
[INFO ] 1299999 Cold:0.011730,0.009134,0.038793,0.060698,0.543143,0.024715,0.036268,0.035751,-1
[INFO ] 1304999 Whole:0.029468,0.023903,0.037176,0.058041,0.592454,0.026003,0.043995,0.078400,-1
[INFO ] 1304999 Cold:0.012039,0.009008,0.039604,0.059927,0.542722,0.025482,0.036739,0.036923,-1
[INFO ] 1309999 Whole:0.029419,0.023874,0.037410,0.058140,0.592638,0.025706,0.043732,0.077781,-1
[INFO ] 1309999 Cold:0.011898,0.008966,0.039557,0.059530,0.542441,0.024584,0.035890,0.035702,-1
[INFO ] 1314999 Whole:0.029115,0.023780,0.036845,0.058086,0.591695,0.025945,0.043851,0.077692,-1
[INFO ] 1314999 Cold:0.011955,0.009022,0.039897,0.060061,0.542932,0.024918,0.036293,0.036074,-1
[INFO ] 1319999 Whole:0.029172,0.023825,0.036943,0.057846,0.591982,0.025565,0.043486,0.077092,-1
[INFO ] 1319999 Cold:0.011758,0.009036,0.038974,0.059896,0.543002,0.024352,0.035769,0.035249,-1
[INFO ] 1324999 Whole:0.029156,0.023866,0.036625,0.058210,0.592474,0.025606,0.043669,0.077692,-1
[INFO ] 1324999 Cold:0.011506,0.009092,0.037871,0.060092,0.542722,0.024197,0.035712,0.035136,-1
[INFO ] 1329999 Whole:0.029107,0.023911,0.036247,0.058337,0.592474,0.025794,0.043807,0.078128,-1
[INFO ] 1329999 Cold:0.011534,0.009190,0.037703,0.061260,0.543143,0.024411,0.036078,0.035160,-1
[INFO ] 1334999 Whole:0.029763,0.024096,0.037534,0.058673,0.592802,0.025667,0.043839,0.077489,-1
[INFO ] 1334999 Cold:0.011842,0.009289,0.039487,0.061236,0.543564,0.024605,0.036305,0.035499,-1
[INFO ] 1339999 Whole:0.029156,0.024100,0.036554,0.058698,0.593478,0.025669,0.043879,0.078199,-1
[INFO ] 1339999 Cold:0.011618,0.009261,0.038778,0.061213,0.543423,0.024667,0.036377,0.035878,-1
[INFO ] 1344999 Whole:0.029164,0.024211,0.036960,0.058939,0.593642,0.025963,0.044129,0.077875,-1
[INFO ] 1344999 Cold:0.011506,0.009261,0.038614,0.061435,0.543704,0.024451,0.036237,0.035643,-1
[INFO ] 1349999 Whole:0.028992,0.024059,0.036595,0.058172,0.592679,0.025800,0.043808,0.077915,-1
[INFO ] 1349999 Cold:0.011646,0.009050,0.038614,0.059534,0.542792,0.024489,0.035882,0.035889,-1
[INFO ] 1354999 Whole:0.029271,0.023936,0.036929,0.058056,0.592699,0.025788,0.043776,0.077942,-1
[INFO ] 1354999 Cold:0.011674,0.009008,0.039277,0.059464,0.542652,0.024599,0.035900,0.035732,-1
[INFO ] 1359999 Whole:0.029468,0.023960,0.036747,0.058130,0.592617,0.025803,0.043803,0.078250,-1
[INFO ] 1359999 Cold:0.011730,0.009176,0.038518,0.060871,0.543494,0.024596,0.036238,0.035936,-1
[INFO ] 1364999 Whole:0.029566,0.023924,0.037066,0.058082,0.592372,0.025748,0.043730,0.077718,-1
[INFO ] 1364999 Cold:0.012011,0.009036,0.039893,0.059810,0.542792,0.024678,0.036072,0.035849,-1
[INFO ] 1369999 Whole:0.029378,0.023870,0.036969,0.057684,0.592289,0.025741,0.043660,0.077941,-1
[INFO ] 1369999 Cold:0.012179,0.008924,0.040299,0.058832,0.542441,0.024525,0.035739,0.035784,-1
[INFO ] 1374999 Whole:0.029238,0.024018,0.036475,0.058533,0.592700,0.025822,0.043923,0.078040,-1
[INFO ] 1374999 Cold:0.011646,0.009261,0.038587,0.060988,0.543844,0.024638,0.036305,0.035724,-1
[INFO ] 1379999 Whole:0.029378,0.023911,0.037059,0.058173,0.592167,0.025842,0.043868,0.078527,-1
[INFO ] 1379999 Cold:0.012179,0.009218,0.040424,0.060836,0.543704,0.024855,0.036526,0.036373,-1
[INFO ] 1384999 Whole:0.029591,0.024202,0.037065,0.058574,0.593089,0.026235,0.044342,0.079055,-1
[INFO ] 1384999 Cold:0.012123,0.009387,0.040293,0.062301,0.544406,0.025555,0.037398,0.037180,-1
[INFO ] 1389999 Whole:0.029394,0.024088,0.036866,0.058646,0.593232,0.025986,0.044068,0.078597,-1
[INFO ] 1389999 Cold:0.012291,0.009373,0.040670,0.062067,0.544546,0.025243,0.037095,0.036775,-1
[INFO ] 1394999 Whole:0.029460,0.024067,0.036257,0.057934,0.592802,0.025705,0.043668,0.078442,-1
[INFO ] 1394999 Cold:0.011758,0.009092,0.038350,0.060175,0.542862,0.024565,0.035985,0.035452,-1


[INFO ] Training: ...earch/ssh/epinion/train0.2_folder_1, Testing:: ...search/ssh/epinion/test0.2_folder_1.
[DEBUG] User amount: 38451, item amount: 123271
[DEBUG] Rate amount: 531860, scales: {1.0}
[DEBUG] User amount: 38451, item amount: 123271
[DEBUG] Rate amount: 113693, scales: {1.0}



[INFO ] AsyWalkRanker: 30,5.0E-4,0.25,0.25,100,1600,1,160,0.12,8
[INFO ] 1/1
[INFO ] 1/1
[INFO ] 1/1
[INFO ] 1/1
[INFO ] 1/1
[INFO ] 1/1
[INFO ] 902999	Whole:0.028639,0.023427,0.036165,0.057444,0.591921,0.025507,0.043406,0.077688,-1
[INFO ] 902999	Cold:0.011926,0.009106,0.039103,0.060207,0.542862,0.024695,0.036218,0.036002,-1
[INFO ] 905999	Whole:0.029394,0.023526,0.037456,0.058011,0.592105,0.025898,0.043906,0.078195,-1
[INFO ] 905999	Cold:0.012179,0.009303,0.040395,0.061723,0.543704,0.024960,0.036776,0.036250,-1
[INFO ] 908999	Whole:0.028861,0.023374,0.036528,0.057877,0.592208,0.026188,0.044188,0.079695,-1
[INFO ] 908999	Cold:0.011814,0.009232,0.039594,0.061449,0.543353,0.025372,0.037026,0.036831,-1
[INFO ] 911999	Whole:0.028664,0.023378,0.036824,0.057354,0.592003,0.025933,0.043831,0.078728,-1
[INFO ] 911999	Cold:0.012319,0.009190,0.041353,0.060845,0.543353,0.025191,0.036826,0.036687,-1
[INFO ] 914999	Whole:0.028664,0.023276,0.036270,0.057341,0.591470,0.025621,0.043591,0.078620,-1
[INFO ] 914999	Cold:0.011618,0.009190,0.038191,0.060606,0.543283,0.024084,0.035819,0.035375,-1
[INFO ] 917999	Whole:0.029181,0.023395,0.036717,0.056826,0.591900,0.025552,0.043459,0.078682,-1
[INFO ] 917999	Cold:0.011870,0.008966,0.038828,0.058998,0.542301,0.023783,0.035274,0.035257,-1
[INFO ] 920999	Whole:0.029066,0.023231,0.036690,0.056523,0.591551,0.025059,0.042824,0.076786,-1
[INFO ] 920999	Cold:0.011758,0.008826,0.038192,0.057779,0.541459,0.023367,0.034589,0.034435,-1
[INFO ] 923999	Whole:0.029017,0.023501,0.036776,0.057181,0.592043,0.025658,0.043545,0.078147,-1
[INFO ] 923999	Cold:0.011870,0.008924,0.039101,0.058956,0.542231,0.024476,0.035759,0.035934,-1
[INFO ] 926999	Whole:0.028943,0.023280,0.036897,0.056892,0.591408,0.025671,0.043421,0.078067,-1
[INFO ] 926999	Cold:0.012095,0.008924,0.039872,0.058675,0.541950,0.024592,0.035826,0.036199,-1
[INFO ] 929999	Whole:0.029017,0.023124,0.036027,0.056113,0.590854,0.025489,0.043098,0.077958,-1
[INFO ] 929999	Cold:0.011674,0.008826,0.037882,0.058225,0.541529,0.024498,0.035537,0.035707,-1
[INFO ] 932999	Whole:0.028746,0.023251,0.035824,0.056724,0.591367,0.025714,0.043509,0.078723,-1
[INFO ] 932999	Cold:0.011842,0.009064,0.038076,0.059359,0.542511,0.024463,0.035844,0.035930,-1
[INFO ] 935999	Whole:0.028730,0.023153,0.035712,0.056722,0.590896,0.025891,0.043580,0.078827,-1
[INFO ] 935999	Cold:0.011590,0.009050,0.037237,0.059508,0.542582,0.024504,0.035857,0.035644,-1
[INFO ] 938999	Whole:0.029033,0.023308,0.036285,0.056936,0.591470,0.025814,0.043596,0.078517,-1
[INFO ] 938999	Cold:0.011842,0.009162,0.038668,0.059588,0.543073,0.024736,0.036158,0.036235,-1
[INFO ] 941999	Whole:0.028869,0.023382,0.036511,0.057225,0.592085,0.025828,0.043711,0.078937,-1
[INFO ] 941999	Cold:0.012291,0.009092,0.039521,0.059992,0.542862,0.024891,0.036307,0.036272,-1
[INFO ] 944999	Whole:0.029017,0.023308,0.036662,0.057117,0.591388,0.025676,0.043473,0.077863,-1
[INFO ] 944999	Cold:0.012151,0.009134,0.039488,0.060191,0.543143,0.024803,0.036337,0.036234,-1
[INFO ] 947999	Whole:0.029189,0.023554,0.036609,0.057934,0.592167,0.026111,0.044136,0.079311,-1
[INFO ] 947999	Cold:0.011758,0.009176,0.038701,0.060443,0.543213,0.024625,0.036186,0.035693,-1
[INFO ] 950999	Whole:0.028615,0.023358,0.036066,0.056699,0.591470,0.025589,0.043323,0.078084,-1
[INFO ] 950999	Cold:0.011814,0.008840,0.038912,0.057750,0.541459,0.024047,0.035084,0.035042,-1
[INFO ] 953999	Whole:0.028918,0.023472,0.036472,0.057416,0.591736,0.025614,0.043552,0.077946,-1
[INFO ] 953999	Cold:0.011898,0.009064,0.039119,0.059801,0.542792,0.023727,0.035328,0.034651,-1
[INFO ] 956999	Whole:0.028648,0.023272,0.036122,0.056607,0.591101,0.025485,0.043280,0.078399,-1
[INFO ] 956999	Cold:0.011814,0.008980,0.038720,0.059240,0.542161,0.024477,0.035843,0.036053,-1
[INFO ] 959999	Whole:0.029025,0.023292,0.036424,0.057008,0.591572,0.025756,0.043641,0.079116,-1
[INFO ] 959999	Cold:0.011842,0.008910,0.038821,0.058815,0.542371,0.024241,0.035525,0.035557,-1
[INFO ] 962999	Whole:0.029419,0.023489,0.036764,0.057700,0.592331,0.025749,0.043847,0.078968,-1
[INFO ] 962999	Cold:0.012067,0.009120,0.039179,0.060218,0.543073,0.024689,0.036265,0.036236,-1
[INFO ] 965999	Whole:0.029099,0.023395,0.036269,0.057668,0.592392,0.025743,0.043845,0.078875,-1
[INFO ] 965999	Cold:0.011674,0.009106,0.037481,0.060194,0.543073,0.024409,0.036009,0.036089,-1
[INFO ] 968999	Whole:0.029197,0.023452,0.036553,0.057516,0.592290,0.026070,0.044102,0.079644,-1
[INFO ] 968999	Cold:0.011534,0.008980,0.037328,0.059193,0.542441,0.024310,0.035677,0.035870,-1
[INFO ] 1/1
[INFO ] 971999	Whole:0.029172,0.023637,0.036574,0.058035,0.592659,0.025794,0.043912,0.078458,-1
[INFO ] 971999	Cold:0.011898,0.009148,0.038532,0.059848,0.543143,0.024055,0.035703,0.035639,-1
[INFO ] 974999	Whole:0.028951,0.023682,0.036571,0.058059,0.592556,0.025655,0.043764,0.078291,-1
[INFO ] 974999	Cold:0.012207,0.009036,0.039655,0.059976,0.542582,0.024250,0.035798,0.035325,-1
[INFO ] 977999	Whole:0.029378,0.023624,0.037080,0.058222,0.592823,0.025777,0.043896,0.078326,-1
[INFO ] 977999	Cold:0.012488,0.009275,0.041304,0.060939,0.543704,0.024048,0.035897,0.034867,-1
[INFO ] 980999	Whole:0.029041,0.023333,0.035934,0.057231,0.591695,0.025885,0.043781,0.079140,-1
[INFO ] 980999	Cold:0.011590,0.009148,0.037810,0.060418,0.543143,0.024471,0.036058,0.035602,-1
[INFO ] 983999	Whole:0.029271,0.023591,0.036459,0.057720,0.592290,0.026101,0.044087,0.079292,-1
[INFO ] 983999	Cold:0.011870,0.009106,0.038598,0.059454,0.542792,0.024911,0.036255,0.036475,-1
[INFO ] 986999	Whole:0.028926,0.023505,0.035878,0.058109,0.592679,0.026008,0.044151,0.079222,-1
[INFO ] 986999	Cold:0.011674,0.009148,0.037807,0.059969,0.543143,0.025337,0.036758,0.037305,-1
[INFO ] 989999	Whole:0.028836,0.023362,0.035880,0.058016,0.592064,0.025748,0.043779,0.078346,-1
[INFO ] 989999	Cold:0.011534,0.009204,0.037532,0.060441,0.543283,0.025002,0.036477,0.036409,-1
[INFO ] 992999	Whole:0.029008,0.023501,0.036132,0.057717,0.592351,0.025931,0.043929,0.078901,-1
[INFO ] 992999	Cold:0.011786,0.009036,0.037772,0.059041,0.542441,0.024997,0.036196,0.036381,-1
[INFO ] 995999	Whole:0.028976,0.023128,0.036436,0.056798,0.590670,0.025628,0.043306,0.077744,-1
[INFO ] 995999	Cold:0.011898,0.008938,0.038862,0.058733,0.542371,0.024423,0.035598,0.035425,-1
[INFO ] 998999	Whole:0.029246,0.023399,0.036393,0.057469,0.591490,0.025653,0.043581,0.078711,-1
[INFO ] 998999	Cold:0.011983,0.009036,0.039260,0.059118,0.542371,0.023800,0.035214,0.034616,-1
[INFO ] 1001999	Whole:0.028885,0.023542,0.036714,0.057512,0.591654,0.025965,0.043862,0.078722,-1
[INFO ] 1001999	Cold:0.012375,0.009064,0.040679,0.059745,0.542792,0.024895,0.036319,0.036176,-1
[INFO ] 1004999	Whole:0.029287,0.023399,0.036660,0.057179,0.591859,0.025855,0.043754,0.079297,-1
[INFO ] 1004999	Cold:0.011898,0.008994,0.039115,0.058955,0.542371,0.024151,0.035566,0.035508,-1
[INFO ] 1007999	Whole:0.029230,0.023292,0.036429,0.057078,0.591511,0.026169,0.043923,0.079052,-1
[INFO ] 1007999	Cold:0.011506,0.009022,0.037501,0.059162,0.542301,0.025300,0.036438,0.036861,-1
[INFO ] 1010999	Whole:0.029164,0.023349,0.036507,0.057626,0.591900,0.025935,0.043867,0.078938,-1
[INFO ] 1010999	Cold:0.011955,0.009078,0.039143,0.059943,0.542722,0.025035,0.036424,0.036506,-1
[INFO ] 1013999	Whole:0.029164,0.023321,0.037506,0.057235,0.591859,0.026130,0.043930,0.078997,-1
[INFO ] 1013999	Cold:0.012460,0.009218,0.040831,0.061012,0.543494,0.025858,0.037316,0.037211,-1
[INFO ] 1016999	Whole:0.029295,0.023534,0.037186,0.057932,0.592228,0.026097,0.044128,0.079134,-1
[INFO ] 1016999	Cold:0.012067,0.009162,0.039892,0.060291,0.543353,0.024931,0.036437,0.036279,-1
[INFO ] 1019999	Whole:0.029460,0.023550,0.036852,0.057515,0.592228,0.025849,0.043830,0.078867,-1
[INFO ] 1019999	Cold:0.012151,0.008910,0.039830,0.058888,0.542161,0.024390,0.035708,0.035935,-1
[INFO ] 1022999	Whole:0.029558,0.023686,0.037390,0.058230,0.592720,0.026003,0.044077,0.078928,-1
[INFO ] 1022999	Cold:0.012404,0.009078,0.040497,0.060497,0.542792,0.024602,0.036132,0.035578,-1
[INFO ] 1025999	Whole:0.029041,0.023571,0.036066,0.057497,0.592023,0.026133,0.044059,0.079469,-1
[INFO ] 1025999	Cold:0.011814,0.008952,0.038423,0.059102,0.542231,0.024672,0.035927,0.036127,-1
[INFO ] 1028999	Whole:0.029263,0.023407,0.036962,0.057476,0.591962,0.026179,0.044093,0.079495,-1
[INFO ] 1028999	Cold:0.012095,0.009022,0.039587,0.059662,0.542722,0.024979,0.036374,0.036729,-1
[INFO ] 1031999	Whole:0.029673,0.023583,0.037490,0.057304,0.591900,0.025947,0.043904,0.079167,-1
[INFO ] 1031999	Cold:0.012263,0.008966,0.040368,0.058825,0.542161,0.024385,0.035700,0.035788,-1
[INFO ] 1034999	Whole:0.028926,0.023288,0.036637,0.057212,0.591388,0.025756,0.043560,0.077996,-1
[INFO ] 1034999	Cold:0.012207,0.009092,0.039568,0.059765,0.542652,0.024777,0.036242,0.036401,-1
[INFO ] 1037999	Whole:0.029558,0.023513,0.036676,0.057385,0.591818,0.025765,0.043742,0.078658,-1
[INFO ] 1037999	Cold:0.011898,0.008938,0.038628,0.058720,0.542231,0.024464,0.035730,0.036005,-1
[INFO ] 1040999	Whole:0.029369,0.023477,0.036818,0.057302,0.591941,0.025707,0.043602,0.078223,-1
[INFO ] 1040999	Cold:0.012011,0.008826,0.039129,0.058128,0.541670,0.024497,0.035570,0.035964,-1
[INFO ] 1043999	Whole:0.029295,0.023596,0.036661,0.057809,0.592761,0.025851,0.043988,0.079361,-1
[INFO ] 1043999	Cold:0.012039,0.009022,0.039545,0.059174,0.542582,0.024955,0.036246,0.036604,-1
[INFO ] 1046999	Whole:0.029443,0.023497,0.036970,0.057532,0.592454,0.025898,0.043944,0.079479,-1
[INFO ] 1046999	Cold:0.012207,0.009092,0.040106,0.060139,0.543003,0.025199,0.036643,0.036700,-1
[INFO ] 1049999	Whole:0.029205,0.023518,0.036710,0.057502,0.592905,0.025645,0.043717,0.079156,-1
