[INFO ] Training: ...research/ssh/yelp/train0.2_folder_1, Testing:: .../research/ssh/yelp/test0.2_folder_1.
[DEBUG] User amount: 16821, item amount: 14476
[DEBUG] Rate amount: 196088, scales: {1.0}
[DEBUG] User amount: 16821, item amount: 14476
[DEBUG] Rate amount: 48428, scales: {1.0}
[INFO ] AsyWalkRanker: 30,5.0E-4,0.35,0.35,100,1,100,0.35,10
[INFO ] 1/1
[INFO ] 1/1
[INFO ] 1/1
[INFO ] 1/1
[INFO ] 1/1
[INFO ] 1/1
[INFO ] 1/1
[INFO ] 200999	Whole:0.021724,0.018517,0.030837,0.054275,0.575187,0.020984,0.036339,0.057895,-1
[INFO ] 200999	Cold:0.008954,0.007941,0.027032,0.049144,0.538071,0.017026,0.027379,0.026582,-1
[INFO ] 203999	Whole:0.022118,0.018267,0.032328,0.052804,0.574166,0.021104,0.036145,0.058675,-1
[INFO ] 203999	Cold:0.009495,0.007755,0.028825,0.047852,0.537481,0.017024,0.027171,0.026879,-1
[INFO ] 206999	Whole:0.021845,0.018161,0.031952,0.052815,0.574015,0.021405,0.036426,0.059709,-1
[INFO ] 206999	Cold:0.009089,0.007704,0.028059,0.047956,0.537143,0.017020,0.027149,0.027075,-1
[INFO ] 209999	Whole:0.022209,0.018555,0.031703,0.054131,0.575151,0.021520,0.036813,0.059546,-1
[INFO ] 209999	Cold:0.008988,0.007941,0.027074,0.049316,0.538240,0.017127,0.027584,0.027224,-1
[INFO ] 212999	Whole:0.022194,0.018570,0.032729,0.054406,0.575112,0.021836,0.037135,0.059402,-1
[INFO ] 212999	Cold:0.009427,0.007873,0.028890,0.049237,0.537903,0.017442,0.027769,0.027277,-1
[INFO ] 215999	Whole:0.022345,0.018578,0.032787,0.054135,0.575869,0.021529,0.036957,0.059766,-1
[INFO ] 215999	Cold:0.009191,0.007890,0.027857,0.048696,0.537903,0.016600,0.026971,0.026097,-1
[INFO ] 218999	Whole:0.022285,0.018813,0.032631,0.054892,0.575868,0.021959,0.037455,0.060322,-1
[INFO ] 218999	Cold:0.009225,0.008042,0.028242,0.050391,0.538494,0.017318,0.027962,0.027327,-1
[INFO ] 1/1
[INFO ] 221999	Whole:0.022618,0.019086,0.033819,0.055844,0.577309,0.022511,0.038279,0.061446,-1
[INFO ] 221999	Cold:0.009968,0.008076,0.030484,0.050642,0.539086,0.018234,0.028858,0.028689,-1
[INFO ] 224999	Whole:0.022845,0.019093,0.034053,0.056233,0.577837,0.022254,0.038170,0.061115,-1
[INFO ] 224999	Cold:0.009968,0.008380,0.030898,0.051940,0.540098,0.017701,0.028747,0.027731,-1
[INFO ] 227999	Whole:0.023073,0.019124,0.033873,0.056167,0.577762,0.022043,0.037950,0.060359,-1
[INFO ] 227999	Cold:0.009664,0.008312,0.029504,0.051287,0.539676,0.017435,0.028389,0.027646,-1
[INFO ] 230999	Whole:0.023240,0.019510,0.034961,0.057338,0.578821,0.022612,0.038771,0.061383,-1
[INFO ] 230999	Cold:0.010035,0.008346,0.031244,0.051875,0.539761,0.017971,0.028931,0.027985,-1
[INFO ] 233999	Whole:0.022876,0.019033,0.033157,0.055748,0.577006,0.022069,0.037869,0.060669,-1
[INFO ] 233999	Cold:0.009427,0.008211,0.028744,0.051056,0.539254,0.017504,0.028294,0.027258,-1
[INFO ] 236999	Whole:0.023619,0.019707,0.034179,0.058877,0.580297,0.022765,0.039341,0.061988,-1
[INFO ] 236999	Cold:0.009833,0.008785,0.029419,0.054207,0.541786,0.018286,0.029851,0.028876,-1
[INFO ] 239999	Whole:0.023694,0.019647,0.035123,0.057166,0.579126,0.023149,0.039313,0.063066,-1
[INFO ] 239999	Cold:0.010373,0.008464,0.031292,0.052340,0.540436,0.018227,0.029294,0.028402,-1
[INFO ] 242999	Whole:0.023573,0.019821,0.034606,0.057609,0.579277,0.022936,0.039186,0.061778,-1
[INFO ] 242999	Cold:0.009833,0.008397,0.030078,0.051523,0.540014,0.017781,0.028740,0.027728,-1
[INFO ] 245999	Whole:0.023664,0.019692,0.034502,0.057079,0.578860,0.023075,0.039137,0.062051,-1
[INFO ] 245999	Cold:0.009867,0.008329,0.030208,0.051653,0.539929,0.018200,0.029090,0.028489,-1
[INFO ] 248999	Whole:0.023497,0.020132,0.034663,0.058875,0.580679,0.023812,0.040313,0.063730,-1
[INFO ] 248999	Cold:0.009833,0.008920,0.030596,0.054362,0.542714,0.019018,0.030530,0.029745,-1
[INFO ] 1/1
[INFO ] 251999	Whole:0.023619,0.020011,0.034912,0.058820,0.580564,0.023723,0.040153,0.062970,-1
[INFO ] 251999	Cold:0.009867,0.008870,0.030151,0.053813,0.542461,0.018933,0.030353,0.029693,-1
[INFO ] 254999	Whole:0.024240,0.020435,0.035618,0.060877,0.582115,0.024010,0.040983,0.064395,-1
[INFO ] 254999	Cold:0.010340,0.009208,0.031475,0.056997,0.543980,0.019278,0.031334,0.030006,-1
[INFO ] 257999	Whole:0.023922,0.020352,0.035204,0.060287,0.581434,0.024027,0.040830,0.064529,-1
[INFO ] 257999	Cold:0.009867,0.008971,0.030047,0.055105,0.542714,0.018792,0.030472,0.029088,-1
[INFO ] 260999	Whole:0.024589,0.020549,0.036571,0.060808,0.581436,0.024602,0.041386,0.064454,-1
[INFO ] 260999	Cold:0.010509,0.008904,0.032573,0.055029,0.542377,0.019292,0.030814,0.029425,-1
[INFO ] 263999	Whole:0.024422,0.020723,0.036396,0.060335,0.581926,0.024770,0.041556,0.065648,-1
[INFO ] 263999	Cold:0.010373,0.008819,0.031863,0.054198,0.542124,0.019461,0.030842,0.030170,-1
[INFO ] 266999	Whole:0.024710,0.020791,0.037585,0.061459,0.582760,0.024639,0.041757,0.065340,-1
[INFO ] 266999	Cold:0.011015,0.009056,0.034156,0.056043,0.543222,0.019340,0.031200,0.030043,-1
[INFO ] 269999	Whole:0.024816,0.020981,0.036827,0.062116,0.583744,0.024753,0.042132,0.066378,-1
[INFO ] 269999	Cold:0.010948,0.009157,0.032767,0.055893,0.543728,0.018964,0.031074,0.030464,-1
[INFO ] 272999	Whole:0.024680,0.020412,0.036143,0.059750,0.581285,0.024402,0.041165,0.065700,-1
[INFO ] 272999	Cold:0.010542,0.008904,0.031855,0.054587,0.542630,0.018911,0.030540,0.029661,-1
[INFO ] 275999	Whole:0.024331,0.020784,0.037010,0.060974,0.582608,0.024500,0.041593,0.065793,-1
[INFO ] 275999	Cold:0.010610,0.008971,0.032232,0.054849,0.542968,0.018744,0.030463,0.029385,-1
[INFO ] 278999	Whole:0.024907,0.020913,0.036690,0.060585,0.583252,0.025321,0.042286,0.067360,-1
[INFO ] 278999	Cold:0.010373,0.008853,0.031213,0.053159,0.542546,0.019417,0.030717,0.030699,-1
[INFO ] 1/1
[INFO ] 281999	Whole:0.024604,0.020981,0.036706,0.062101,0.583554,0.024976,0.042259,0.066428,-1
[INFO ] 281999	Cold:0.010475,0.009225,0.032531,0.056265,0.544065,0.019863,0.031686,0.030623,-1
[INFO ] 284999	Whole:0.024816,0.020890,0.036997,0.061676,0.583668,0.025208,0.042396,0.066970,-1
[INFO ] 284999	Cold:0.010576,0.009241,0.031979,0.055670,0.544234,0.020102,0.031903,0.031642,-1
[INFO ] 287999	Whole:0.024468,0.020814,0.036468,0.061217,0.583554,0.024742,0.041853,0.066043,-1
[INFO ] 287999	Cold:0.010204,0.009241,0.031137,0.055951,0.544486,0.019416,0.031385,0.030754,-1
[INFO ] 290999	Whole:0.024816,0.021231,0.036348,0.062984,0.584765,0.025190,0.042666,0.067160,-1
[INFO ] 290999	Cold:0.010204,0.009478,0.031236,0.057539,0.545330,0.019795,0.031957,0.030509,-1
[INFO ] 293999	Whole:0.025332,0.021110,0.037164,0.062426,0.584539,0.025253,0.042716,0.067805,-1
[INFO ] 293999	Cold:0.010948,0.009292,0.032497,0.056675,0.544741,0.020526,0.032441,0.031961,-1
[INFO ] 296999	Whole:0.025347,0.021079,0.038128,0.062178,0.583896,0.025419,0.042764,0.067705,-1
[INFO ] 296999	Cold:0.011353,0.009529,0.034043,0.057569,0.545669,0.020209,0.032564,0.032192,-1
[INFO ] 299999	Whole:0.025256,0.021193,0.037580,0.062671,0.584048,0.025514,0.043007,0.067962,-1
[INFO ] 299999	Cold:0.011184,0.009478,0.033480,0.057589,0.545247,0.020358,0.032606,0.031968,-1
[INFO ] 302999	Whole:0.025195,0.021216,0.037976,0.062518,0.584502,0.025548,0.042944,0.067457,-1
[INFO ] 302999	Cold:0.010846,0.009275,0.033804,0.056692,0.544572,0.020432,0.032304,0.031394,-1
[INFO ] 305999	Whole:0.025589,0.021474,0.038480,0.063252,0.585181,0.025640,0.043141,0.067543,-1
[INFO ] 305999	Cold:0.010779,0.009731,0.033359,0.059021,0.546680,0.019952,0.032525,0.030987,-1
[INFO ] 308999	Whole:0.025832,0.021420,0.038765,0.062962,0.584993,0.025640,0.043168,0.067755,-1
[INFO ] 308999	Cold:0.011184,0.009630,0.033635,0.057842,0.545838,0.020481,0.032802,0.032083,-1
[INFO ] 311999	Whole:0.025453,0.021572,0.037531,0.063128,0.585788,0.025741,0.043284,0.068095,-1
[INFO ] 311999	Cold:0.010677,0.009681,0.032339,0.058968,0.546428,0.020807,0.033177,0.032149,-1
[INFO ] 1/1
[INFO ] 314999	Whole:0.025468,0.021564,0.038021,0.063905,0.585826,0.026115,0.043742,0.068348,-1
[INFO ] 314999	Cold:0.011015,0.009883,0.033536,0.060002,0.547272,0.020988,0.033675,0.032754,-1
[INFO ] 317999	Whole:0.025407,0.021496,0.038218,0.063771,0.585675,0.026473,0.044085,0.069301,-1
[INFO ] 317999	Cold:0.011252,0.009647,0.033829,0.058435,0.546260,0.021188,0.033526,0.033250,-1
[INFO ] 320999	Whole:0.025983,0.021830,0.038315,0.064489,0.586243,0.026404,0.044213,0.069768,-1
[INFO ] 320999	Cold:0.010846,0.009698,0.032703,0.059258,0.546428,0.020900,0.033353,0.032494,-1
[INFO ] 323999	Whole:0.025074,0.021724,0.037104,0.064125,0.586696,0.025974,0.043774,0.068737,-1
[INFO ] 323999	Cold:0.011117,0.009833,0.033885,0.058956,0.547187,0.020635,0.033138,0.031945,-1
[INFO ] 326999	Whole:0.025711,0.021762,0.037912,0.064550,0.586584,0.026289,0.044178,0.069611,-1
[INFO ] 326999	Cold:0.011387,0.009782,0.034581,0.059494,0.547104,0.020982,0.033621,0.032910,-1
[INFO ] 329999	Whole:0.025438,0.022057,0.038422,0.066131,0.587416,0.026399,0.044634,0.069475,-1
[INFO ] 329999	Cold:0.011151,0.010103,0.034170,0.061829,0.548369,0.021112,0.034190,0.032484,-1
[INFO ] 332999	Whole:0.025908,0.022315,0.039153,0.066417,0.587757,0.026978,0.045168,0.069791,-1
[INFO ] 332999	Cold:0.011522,0.010103,0.035361,0.061860,0.548117,0.021709,0.034696,0.033406,-1
[INFO ] 335999	Whole:0.026544,0.022224,0.039780,0.065823,0.587493,0.026894,0.045005,0.070361,-1
[INFO ] 335999	Cold:0.011590,0.010086,0.035569,0.061749,0.548539,0.021296,0.034341,0.032718,-1
[INFO ] 338999	Whole:0.025726,0.022087,0.039188,0.066097,0.587985,0.026868,0.045103,0.070513,-1
[INFO ] 338999	Cold:0.011455,0.010137,0.036020,0.061094,0.548708,0.021803,0.034723,0.033711,-1
[INFO ] 341999	Whole:0.026287,0.022156,0.039102,0.065359,0.587757,0.026740,0.044876,0.070553,-1
[INFO ] 341999	Cold:0.012063,0.009867,0.036369,0.058901,0.547189,0.021406,0.033976,0.033649,-1
[INFO ] 1/1
[INFO ] 344999	Whole:0.026484,0.022368,0.040141,0.066614,0.588401,0.027173,0.045478,0.070453,-1
[INFO ] 344999	Cold:0.011894,0.010356,0.036417,0.062726,0.549383,0.022227,0.035396,0.033856,-1
[INFO ] 347999	Whole:0.026090,0.022391,0.039862,0.066493,0.587909,0.026784,0.045072,0.069705,-1
[INFO ] 347999	Cold:0.012063,0.010137,0.036833,0.062045,0.548961,0.021422,0.034622,0.033489,-1
[INFO ] 350999	Whole:0.026059,0.022474,0.039957,0.067861,0.589196,0.027195,0.045689,0.069815,-1
[INFO ] 350999	Cold:0.011691,0.010542,0.036484,0.064655,0.550817,0.022587,0.036176,0.034941,-1
[INFO ] 353999	Whole:0.025923,0.022216,0.039570,0.067431,0.588174,0.027356,0.045716,0.070621,-1
[INFO ] 353999	Cold:0.011488,0.010475,0.035935,0.064818,0.550395,0.022690,0.036238,0.034944,-1
[INFO ] 356999	Whole:0.026256,0.022216,0.039940,0.066214,0.587758,0.027073,0.045258,0.070166,-1
[INFO ] 356999	Cold:0.011725,0.010086,0.035887,0.060654,0.548285,0.021062,0.033976,0.032731,-1
[INFO ] 359999	Whole:0.026287,0.022421,0.040251,0.067700,0.589234,0.027261,0.045686,0.069849,-1
[INFO ] 359999	Cold:0.012029,0.010390,0.037267,0.063899,0.550058,0.022570,0.035958,0.034797,-1
[INFO ] 362999	Whole:0.026211,0.022701,0.040180,0.068049,0.590255,0.027099,0.045908,0.070989,-1
[INFO ] 362999	Cold:0.012130,0.010593,0.037011,0.064368,0.550480,0.021804,0.035572,0.034132,-1
[INFO ] 365999	Whole:0.026105,0.022603,0.040030,0.067142,0.589460,0.027049,0.045582,0.070455,-1
[INFO ] 365999	Cold:0.012299,0.010323,0.037301,0.062115,0.549384,0.021862,0.035192,0.034480,-1
[INFO ] 368999	Whole:0.026287,0.022520,0.040132,0.068780,0.589197,0.027459,0.046235,0.071813,-1
[INFO ] 368999	Cold:0.012299,0.010525,0.037419,0.063882,0.550227,0.022135,0.035741,0.034580,-1
[INFO ] 371999	Whole:0.026059,0.022474,0.038931,0.067562,0.588703,0.027134,0.045637,0.070289,-1
[INFO ] 371999	Cold:0.011725,0.010356,0.035285,0.062727,0.549467,0.022176,0.035391,0.034177,-1
[INFO ] 374999	Whole:0.026605,0.022527,0.040778,0.068272,0.589348,0.027501,0.046200,0.071535,-1
[INFO ] 374999	Cold:0.012468,0.010475,0.038742,0.063730,0.550312,0.022900,0.036282,0.035282,-1
[INFO ] 1/1
[INFO ] 377999	Whole:0.026544,0.022398,0.040031,0.067252,0.588440,0.027009,0.045539,0.070483,-1
[INFO ] 377999	Cold:0.012198,0.010390,0.037163,0.063554,0.549805,0.021734,0.035190,0.033434,-1
[INFO ] 380999	Whole:0.026150,0.022429,0.039634,0.068170,0.589309,0.027044,0.045746,0.070192,-1
[INFO ] 380999	Cold:0.012164,0.010492,0.036904,0.065080,0.550565,0.022363,0.036113,0.034894,-1
[INFO ] 383999	Whole:0.026620,0.022770,0.040362,0.068506,0.590444,0.027618,0.046322,0.071142,-1
[INFO ] 383999	Cold:0.012266,0.010576,0.037495,0.064758,0.550818,0.022313,0.035989,0.034457,-1
[INFO ] 386999	Whole:0.026499,0.022573,0.040020,0.068542,0.589576,0.027389,0.046095,0.071101,-1
[INFO ] 386999	Cold:0.011860,0.010627,0.036690,0.065818,0.550987,0.022813,0.036567,0.034918,-1
[INFO ] 389999	Whole:0.026696,0.022565,0.040792,0.067314,0.588591,0.027692,0.046140,0.071836,-1
[INFO ] 389999	Cold:0.012198,0.010137,0.038329,0.063274,0.548709,0.022897,0.035990,0.034893,-1
[INFO ] 392999	Whole:0.026939,0.022739,0.040529,0.068378,0.589385,0.027454,0.046127,0.071011,-1
[INFO ] 392999	Cold:0.012333,0.010542,0.037515,0.065583,0.550228,0.022354,0.036116,0.034153,-1
[INFO ] 395999	Whole:0.026817,0.022656,0.041085,0.068890,0.589234,0.027130,0.045982,0.070704,-1
[INFO ] 395999	Cold:0.012266,0.010593,0.038793,0.066206,0.550734,0.022355,0.036252,0.034257,-1
[INFO ] 398999	Whole:0.025938,0.022497,0.039839,0.067012,0.588930,0.026554,0.045086,0.069013,-1
[INFO ] 398999	Cold:0.011556,0.010255,0.035687,0.062894,0.549130,0.021747,0.035037,0.033806,-1
[INFO ] 401999	Whole:0.026969,0.022853,0.041386,0.068977,0.590068,0.028038,0.046939,0.072916,-1
[INFO ] 401999	Cold:0.013043,0.010661,0.040376,0.065690,0.551073,0.023594,0.037332,0.036328,-1
[INFO ] 404999	Whole:0.026453,0.022694,0.040016,0.068177,0.589272,0.027270,0.045980,0.070737,-1
[INFO ] 404999	Cold:0.012333,0.010525,0.037720,0.065034,0.550228,0.022746,0.036425,0.035138,-1
[INFO ] 1/1
[INFO ] 407999	Whole:0.027227,0.022747,0.041596,0.068993,0.590219,0.028030,0.046814,0.072136,-1
[INFO ] 407999	Cold:0.012941,0.010762,0.040404,0.067005,0.551494,0.023787,0.037733,0.036442,-1
[INFO ] 410999	Whole:0.027257,0.022641,0.042194,0.068481,0.590067,0.027556,0.046248,0.070872,-1
[INFO ] 410999	Cold:0.013212,0.010694,0.041370,0.066095,0.550988,0.023428,0.037226,0.035763,-1
[INFO ] 413999	Whole:0.026787,0.022610,0.040894,0.068271,0.589084,0.027863,0.046470,0.071360,-1
[INFO ] 413999	Cold:0.012840,0.010576,0.039348,0.065377,0.550482,0.024125,0.037642,0.036983,-1
[INFO ] 416999	Whole:0.027242,0.022815,0.041369,0.069388,0.590296,0.028455,0.047332,0.073341,-1
[INFO ] 416999	Cold:0.012097,0.010441,0.037529,0.065157,0.550060,0.024193,0.037622,0.037341,-1
[INFO ] 419999	Whole:0.027090,0.023156,0.041132,0.070042,0.591771,0.027914,0.047150,0.072012,-1
[INFO ] 419999	Cold:0.012468,0.010728,0.038058,0.066253,0.551494,0.023269,0.037159,0.035916,-1
[INFO ] 422999	Whole:0.026817,0.022914,0.041389,0.070210,0.591241,0.028449,0.047464,0.072456,-1
[INFO ] 422999	Cold:0.012435,0.010897,0.038681,0.067244,0.552085,0.024205,0.038073,0.036609,-1
[INFO ] 425999	Whole:0.027105,0.022936,0.041296,0.070062,0.591733,0.028115,0.047318,0.072804,-1
[INFO ] 425999	Cold:0.012570,0.010694,0.038804,0.065847,0.551326,0.023971,0.037717,0.037067,-1
[INFO ] 428999	Whole:0.027120,0.022936,0.041415,0.069539,0.591618,0.027688,0.046777,0.072008,-1
[INFO ] 428999	Cold:0.012705,0.010576,0.038641,0.065107,0.550650,0.023195,0.036849,0.035774,-1
[INFO ] 431999	Whole:0.027318,0.023043,0.041852,0.070285,0.591355,0.028184,0.047420,0.073038,-1
[INFO ] 431999	Cold:0.012874,0.010830,0.039734,0.066503,0.551748,0.023791,0.037812,0.037151,-1
[INFO ] 434999	Whole:0.026757,0.022959,0.040487,0.069714,0.591013,0.028194,0.047229,0.072819,-1
[INFO ] 434999	Cold:0.012367,0.010796,0.038489,0.066985,0.551916,0.024189,0.038155,0.037546,-1
[INFO ] 437999	Whole:0.026923,0.022883,0.041137,0.069592,0.590900,0.027478,0.046592,0.071254,-1
[INFO ] 437999	Cold:0.012266,0.010813,0.038209,0.066795,0.552084,0.022855,0.036988,0.035575,-1
[INFO ] 1/1
[INFO ] 440999	Whole:0.027257,0.023133,0.041322,0.070646,0.591846,0.028078,0.047306,0.071727,-1
[INFO ] 440999	Cold:0.012772,0.011218,0.039048,0.069081,0.553688,0.024115,0.038625,0.037278,-1
[INFO ] 443999	Whole:0.026969,0.022891,0.040978,0.069030,0.590219,0.028022,0.046895,0.072265,-1
[INFO ] 443999	Cold:0.012637,0.010677,0.038885,0.066080,0.551326,0.023896,0.037738,0.037275,-1
[INFO ] 446999	Whole:0.026635,0.022944,0.040711,0.069580,0.590900,0.027966,0.047021,0.072164,-1
[INFO ] 446999	Cold:0.012874,0.010948,0.038945,0.067075,0.552338,0.023703,0.037843,0.037033,-1
[INFO ] 449999	Whole:0.027090,0.022914,0.041257,0.070028,0.591203,0.027718,0.046947,0.072159,-1
[INFO ] 449999	Cold:0.012367,0.011032,0.037982,0.068137,0.552843,0.022871,0.037296,0.035518,-1
[INFO ] 452999	Whole:0.027181,0.022724,0.041556,0.069074,0.590370,0.027621,0.046628,0.072022,-1
[INFO ] 452999	Cold:0.012739,0.010796,0.039131,0.066506,0.551916,0.022566,0.036733,0.035426,-1
[INFO ] 455999	Whole:0.026863,0.022497,0.040823,0.068053,0.589424,0.027292,0.045972,0.071100,-1
[INFO ] 455999	Cold:0.012266,0.010694,0.037278,0.066236,0.551493,0.022546,0.036520,0.034949,-1
[INFO ] 458999	Whole:0.027105,0.022701,0.041598,0.068817,0.590143,0.027805,0.046655,0.072156,-1
[INFO ] 458999	Cold:0.012435,0.010424,0.038371,0.065194,0.550312,0.022688,0.036349,0.035179,-1
[INFO ] 461999	Whole:0.027090,0.022815,0.041129,0.067943,0.589953,0.027547,0.046233,0.071260,-1
[INFO ] 461999	Cold:0.012130,0.010610,0.036822,0.064804,0.551071,0.022858,0.036507,0.035607,-1
[INFO ] 464999	Whole:0.027090,0.022891,0.041225,0.069319,0.590899,0.027966,0.046833,0.071856,-1
[INFO ] 464999	Cold:0.012570,0.010813,0.038140,0.066747,0.552000,0.023004,0.037054,0.035618,-1
[INFO ] 467999	Whole:0.027060,0.022656,0.041295,0.067388,0.590407,0.027287,0.045952,0.071653,-1
[INFO ] 467999	Cold:0.012637,0.010475,0.038283,0.063735,0.550650,0.022361,0.035951,0.035292,-1
[INFO ] 1/1
[INFO ] 470999	Whole:0.026787,0.022565,0.040816,0.068881,0.589538,0.027593,0.046374,0.071156,-1
[INFO ] 470999	Cold:0.012772,0.010931,0.038965,0.067735,0.552423,0.023267,0.037531,0.035981,-1
[INFO ] 473999	Whole:0.026999,0.022671,0.041870,0.069299,0.589992,0.027727,0.046600,0.071039,-1
[INFO ] 473999	Cold:0.012637,0.010914,0.039072,0.067337,0.552169,0.023531,0.037651,0.036253,-1
[INFO ] 476999	Whole:0.026741,0.022845,0.040290,0.069123,0.590786,0.027771,0.046679,0.071741,-1
[INFO ] 476999	Cold:0.012435,0.010830,0.037532,0.066929,0.551747,0.023310,0.037315,0.035760,-1
[INFO ] 479999	Whole:0.026832,0.023080,0.040927,0.070590,0.591694,0.028304,0.047444,0.072448,-1
[INFO ] 479999	Cold:0.012806,0.011184,0.039204,0.068781,0.553435,0.024361,0.038641,0.037093,-1
[INFO ] 482999	Whole:0.026514,0.022679,0.041490,0.069377,0.591164,0.027836,0.046744,0.071333,-1
[INFO ] 482999	Cold:0.013245,0.011032,0.040446,0.067801,0.552929,0.023985,0.038241,0.037062,-1
[INFO ] 485999	Whole:0.027105,0.022815,0.041311,0.069711,0.590900,0.027975,0.047074,0.072647,-1
[INFO ] 485999	Cold:0.012671,0.010982,0.038841,0.067703,0.552676,0.023923,0.038134,0.037120,-1
[INFO ] 488999	Whole:0.026438,0.022732,0.040689,0.069255,0.590559,0.027386,0.046377,0.071217,-1
[INFO ] 488999	Cold:0.012603,0.010728,0.038852,0.066472,0.551325,0.022916,0.036868,0.035105,-1
[INFO ] 491999	Whole:0.027651,0.022853,0.042816,0.069374,0.590674,0.028385,0.047365,0.073218,-1
[INFO ] 491999	Cold:0.013110,0.010863,0.041178,0.066810,0.552170,0.023737,0.037796,0.036589,-1
[INFO ] 494999	Whole:0.026893,0.022921,0.041238,0.070075,0.591014,0.027935,0.047075,0.072297,-1
[INFO ] 494999	Cold:0.013043,0.011083,0.040612,0.067984,0.553098,0.023740,0.038117,0.037013,-1
[INFO ] 497999	Whole:0.027378,0.023111,0.041546,0.069757,0.591505,0.028296,0.047337,0.072764,-1
[INFO ] 497999	Cold:0.012941,0.011015,0.039570,0.067323,0.552760,0.023403,0.037637,0.036275,-1
[INFO ] 1/1
[INFO ] 500999	Whole:0.027302,0.022876,0.041588,0.068772,0.590787,0.027741,0.046708,0.072572,-1
[INFO ] 500999	Cold:0.012874,0.010779,0.039325,0.066174,0.551663,0.023088,0.037086,0.035962,-1
[INFO ] 503999	Whole:0.026696,0.022709,0.040641,0.068566,0.590331,0.027680,0.046460,0.071308,-1
[INFO ] 503999	Cold:0.012401,0.010897,0.037898,0.067002,0.552337,0.022731,0.036874,0.034917,-1
[INFO ] 506999	Whole:0.026362,0.022785,0.039881,0.068894,0.590030,0.027502,0.046368,0.071047,-1
[INFO ] 506999	Cold:0.012130,0.010914,0.037329,0.067198,0.552338,0.023323,0.037483,0.036239,-1
[INFO ] 509999	Whole:0.026681,0.022656,0.041204,0.068239,0.589273,0.027588,0.046297,0.071237,-1
[INFO ] 509999	Cold:0.012772,0.010813,0.039649,0.065704,0.551831,0.023041,0.036985,0.035860,-1
[INFO ] 512999	Whole:0.027166,0.022762,0.042046,0.068836,0.589803,0.027864,0.046651,0.071421,-1
[INFO ] 512999	Cold:0.012671,0.010779,0.040418,0.066075,0.551494,0.023238,0.037111,0.035612,-1
[INFO ] 515999	Whole:0.026893,0.022936,0.041872,0.069603,0.591013,0.027777,0.046793,0.071270,-1
[INFO ] 515999	Cold:0.013009,0.010846,0.040131,0.067449,0.552170,0.023314,0.037457,0.035646,-1
[INFO ] 518999	Whole:0.027621,0.023027,0.042025,0.070004,0.590976,0.028378,0.047436,0.072722,-1
[INFO ] 518999	Cold:0.013009,0.010846,0.039469,0.067182,0.552085,0.023756,0.037833,0.036830,-1
[INFO ] 521999	Whole:0.026787,0.022777,0.041008,0.069104,0.591014,0.027855,0.046863,0.072571,-1
[INFO ] 521999	Cold:0.012435,0.010711,0.038005,0.065783,0.551494,0.022569,0.036556,0.035075,-1
[INFO ] 524999	Whole:0.026954,0.023080,0.041760,0.069753,0.591505,0.027715,0.046844,0.071957,-1
[INFO ] 524999	Cold:0.012874,0.011015,0.039339,0.067970,0.552844,0.022865,0.037304,0.035638,-1
[INFO ] 527999	Whole:0.027318,0.023035,0.042027,0.069541,0.591014,0.027871,0.046905,0.071823,-1
[INFO ] 527999	Cold:0.012806,0.010813,0.039497,0.066299,0.551748,0.023237,0.037214,0.035811,-1
[INFO ] 530999	Whole:0.027242,0.022785,0.042079,0.069518,0.590863,0.027953,0.046940,0.072187,-1
[INFO ] 530999	Cold:0.012874,0.010914,0.039201,0.067931,0.552592,0.023408,0.037741,0.036215,-1
[INFO ] 1/1
[INFO ] 533999	Whole:0.027105,0.022899,0.041376,0.069307,0.590712,0.028147,0.047078,0.071956,-1
[INFO ] 533999	Cold:0.013178,0.010779,0.040038,0.066199,0.551579,0.023777,0.037671,0.036791,-1
[INFO ] 536999	Whole:0.027060,0.022800,0.041529,0.069496,0.590749,0.027835,0.046811,0.071908,-1
[INFO ] 536999	Cold:0.012806,0.010813,0.039846,0.066872,0.551579,0.023431,0.037471,0.036065,-1
[INFO ] 539999	Whole:0.026878,0.022641,0.041407,0.068532,0.589992,0.027928,0.046678,0.072173,-1
[INFO ] 539999	Cold:0.012806,0.010762,0.039094,0.066374,0.551410,0.023443,0.037452,0.036655,-1
[INFO ] 542999	Whole:0.026908,0.022929,0.041730,0.069977,0.590787,0.028019,0.047094,0.072120,-1
[INFO ] 542999	Cold:0.012739,0.011015,0.039314,0.068198,0.552929,0.023742,0.038087,0.036620,-1
[INFO ] 545999	Whole:0.027045,0.022777,0.041458,0.069094,0.590674,0.028155,0.047138,0.073544,-1
[INFO ] 545999	Cold:0.013077,0.010948,0.039953,0.067495,0.552423,0.024044,0.038249,0.037488,-1
[INFO ] 548999	Whole:0.027029,0.022777,0.041239,0.068343,0.590294,0.028052,0.046766,0.072018,-1
[INFO ] 548999	Cold:0.012739,0.010593,0.038920,0.064946,0.550566,0.023589,0.037182,0.036534,-1
[INFO ] 551999	Whole:0.026453,0.022694,0.040709,0.069419,0.590939,0.027935,0.046884,0.072332,-1
[INFO ] 551999	Cold:0.012232,0.010897,0.037988,0.067652,0.552338,0.023555,0.037728,0.036356,-1
[INFO ] 554999	Whole:0.026984,0.022762,0.042230,0.069656,0.590296,0.027608,0.046642,0.071653,-1
[INFO ] 554999	Cold:0.013245,0.010914,0.041609,0.067844,0.552339,0.023068,0.037423,0.035419,-1
[INFO ] 557999	Whole:0.027105,0.023126,0.041614,0.069522,0.590787,0.027603,0.046720,0.071634,-1
[INFO ] 557999	Cold:0.013178,0.010863,0.040652,0.067069,0.552085,0.022720,0.036960,0.035093,-1
[INFO ] 560999	Whole:0.026741,0.022808,0.041193,0.069152,0.590785,0.027450,0.046470,0.071579,-1
[INFO ] 560999	Cold:0.012874,0.011015,0.039165,0.067464,0.552675,0.022797,0.037225,0.035810,-1
[INFO ] 1/1
[INFO ] 563999	Whole:0.026529,0.022451,0.040362,0.067351,0.589233,0.027293,0.045814,0.071126,-1
[INFO ] 563999	Cold:0.012570,0.010542,0.037495,0.064577,0.550481,0.022481,0.036196,0.035131,-1
[INFO ] 566999	Whole:0.026863,0.022717,0.041356,0.068968,0.590219,0.028080,0.046883,0.072091,-1
[INFO ] 566999	Cold:0.012468,0.010779,0.038013,0.066374,0.551579,0.023640,0.037574,0.036575,-1
[INFO ] 569999	Whole:0.026908,0.022709,0.040974,0.068463,0.590256,0.027612,0.046472,0.072084,-1
[INFO ] 569999	Cold:0.012333,0.010762,0.037565,0.065740,0.551578,0.022761,0.036718,0.035367,-1
[INFO ] 572999	Whole:0.026772,0.022694,0.040667,0.068112,0.589840,0.027421,0.046200,0.071423,-1
[INFO ] 572999	Cold:0.012266,0.010779,0.037633,0.065811,0.551915,0.022664,0.036636,0.035223,-1
[INFO ] 575999	Whole:0.026954,0.022641,0.040906,0.069141,0.590636,0.027650,0.046696,0.072247,-1
[INFO ] 575999	Cold:0.012435,0.010965,0.038210,0.066807,0.552844,0.023375,0.037641,0.036999,-1
[INFO ] 578999	Whole:0.026635,0.022936,0.041104,0.068866,0.591089,0.027531,0.046607,0.072274,-1
[INFO ] 578999	Cold:0.012806,0.010796,0.038993,0.065673,0.551410,0.022705,0.036677,0.035269,-1
[INFO ] 581999	Whole:0.026984,0.022891,0.041216,0.068759,0.590672,0.027944,0.046881,0.073142,-1
[INFO ] 581999	Cold:0.012637,0.010762,0.038143,0.065183,0.551241,0.022752,0.036638,0.035699,-1
[INFO ] 584999	Whole:0.027060,0.022671,0.041202,0.068031,0.589614,0.027908,0.046537,0.071629,-1
[INFO ] 584999	Cold:0.012502,0.010661,0.037670,0.064546,0.550819,0.023468,0.037060,0.036708,-1
[INFO ] 587999	Whole:0.027424,0.022724,0.042134,0.069449,0.590598,0.028196,0.047156,0.072504,-1
[INFO ] 587999	Cold:0.013009,0.010830,0.039376,0.066785,0.552001,0.023679,0.037768,0.036889,-1
[INFO ] 590999	Whole:0.026893,0.022724,0.041658,0.069492,0.589387,0.028016,0.046830,0.071516,-1
[INFO ] 590999	Cold:0.012671,0.010846,0.039559,0.067554,0.551916,0.023780,0.037836,0.036276,-1
[INFO ] 593999	Whole:0.027378,0.022792,0.041381,0.068765,0.590749,0.028332,0.047175,0.073335,-1
[INFO ] 593999	Cold:0.012941,0.010880,0.039058,0.066667,0.552170,0.024343,0.038270,0.037673,-1
[INFO ] 1/1
[INFO ] 596999	Whole:0.026635,0.022542,0.041589,0.068744,0.589501,0.027886,0.046763,0.072169,-1
[INFO ] 596999	Cold:0.013245,0.010931,0.039956,0.066976,0.552170,0.023868,0.037963,0.037087,-1
[INFO ] 599999	Whole:0.026878,0.022466,0.041710,0.067688,0.589273,0.027734,0.046405,0.072108,-1
[INFO ] 599999	Cold:0.013144,0.010813,0.040742,0.066596,0.551832,0.023493,0.037512,0.036405,-1
[INFO ] 602999	Whole:0.026772,0.022694,0.041557,0.069023,0.589916,0.027475,0.046386,0.070488,-1
[INFO ] 602999	Cold:0.013144,0.011032,0.040187,0.067863,0.552507,0.023475,0.037804,0.036176,-1
[INFO ] 605999	Whole:0.027166,0.022959,0.042008,0.069792,0.591166,0.028589,0.047679,0.073528,-1
[INFO ] 605999	Cold:0.012975,0.010813,0.040094,0.065915,0.551833,0.024344,0.038146,0.037822,-1
[INFO ] 608999	Whole:0.027363,0.022861,0.042669,0.068647,0.590598,0.027868,0.046784,0.072333,-1
[INFO ] 608999	Cold:0.012908,0.010796,0.040052,0.065605,0.551916,0.023719,0.037527,0.036775,-1