[INFO ] Training: ...research/ssh/yelp/train0.2_folder_1, Testing:: .../research/ssh/yelp/test0.2_folder_1.
[DEBUG] User amount: 16821, item amount: 14476
[DEBUG] Rate amount: 196088, scales: {1.0}
[DEBUG] User amount: 16821, item amount: 14476
[DEBUG] Rate amount: 48428, scales: {1.0}
[INFO ] AsyWalkRanker: 30,5.0E-4,0.35,0.35,100,1,100,0.42,10
[INFO ] 1/1
[INFO ] 1/1
[INFO ] 1/1
[INFO ] 1/1
[INFO ] 1/1
[INFO ] 1/1
[INFO ] 1/1
[INFO ] 200999	Whole:0.022133,0.018457,0.032225,0.052549,0.574392,0.021344,0.036287,0.059025,-1
[INFO ] 200999	Cold:0.009157,0.007518,0.028172,0.045855,0.536131,0.016842,0.026462,0.026285,-1
[INFO ] 203999	Whole:0.022042,0.018457,0.031916,0.052747,0.574695,0.021389,0.036427,0.059148,-1
[INFO ] 203999	Cold:0.008853,0.007535,0.027575,0.046700,0.536468,0.016638,0.026454,0.026052,-1
[INFO ] 206999	Whole:0.022239,0.018479,0.032444,0.053595,0.575112,0.022013,0.037146,0.060383,-1
[INFO ] 206999	Cold:0.009225,0.007687,0.028192,0.047562,0.537228,0.017692,0.027567,0.027406,-1
[INFO ] 209999	Whole:0.022360,0.018790,0.032521,0.054007,0.576247,0.022177,0.037466,0.060346,-1
[INFO ] 209999	Cold:0.009495,0.007974,0.029172,0.048189,0.538409,0.017849,0.027975,0.027926,-1
[INFO ] 212999	Whole:0.022633,0.018783,0.032682,0.053848,0.575983,0.022072,0.037393,0.060342,-1
[INFO ] 212999	Cold:0.009258,0.007924,0.028566,0.048102,0.537988,0.018117,0.028158,0.028212,-1
[INFO ] 215999	Whole:0.022679,0.018972,0.033748,0.054312,0.576248,0.022413,0.037839,0.061325,-1
[INFO ] 215999	Cold:0.009765,0.007738,0.030641,0.047666,0.537567,0.018253,0.028172,0.028581,-1
[INFO ] 218999	Whole:0.022770,0.019230,0.033229,0.055379,0.576891,0.022144,0.037792,0.060345,-1
[INFO ] 218999	Cold:0.009427,0.008059,0.029293,0.049313,0.538663,0.017449,0.027871,0.027232,-1
[INFO ] 1/1
[INFO ] 221999	Whole:0.023133,0.019344,0.034039,0.055857,0.577535,0.022557,0.038382,0.061262,-1
[INFO ] 221999	Cold:0.009664,0.008076,0.029754,0.049848,0.539085,0.017829,0.028335,0.027852,-1
[INFO ] 224999	Whole:0.023149,0.019245,0.033942,0.056028,0.577952,0.022356,0.038303,0.061279,-1
[INFO ] 224999	Cold:0.009934,0.008329,0.030411,0.050712,0.540182,0.017705,0.028481,0.027597,-1
[INFO ] 227999	Whole:0.022952,0.019366,0.033472,0.056004,0.578065,0.022689,0.038556,0.062151,-1
[INFO ] 227999	Cold:0.009562,0.008228,0.029397,0.050425,0.539592,0.018356,0.029001,0.028939,-1
[INFO ] 230999	Whole:0.023209,0.019571,0.033725,0.056396,0.578445,0.022410,0.038457,0.061805,-1
[INFO ] 230999	Cold:0.009292,0.008109,0.028293,0.049459,0.539169,0.017270,0.027801,0.027226,-1
[INFO ] 233999	Whole:0.023543,0.019814,0.033856,0.056941,0.579124,0.023294,0.039360,0.063360,-1
[INFO ] 233999	Cold:0.009360,0.008295,0.028256,0.050707,0.539760,0.018756,0.029305,0.029140,-1
[INFO ] 236999	Whole:0.023573,0.019707,0.033959,0.056809,0.579124,0.023062,0.039128,0.062457,-1
[INFO ] 236999	Cold:0.009427,0.008329,0.028439,0.051087,0.540182,0.018512,0.029213,0.028865,-1
[INFO ] 239999	Whole:0.023300,0.019851,0.034102,0.057778,0.579088,0.023498,0.039754,0.063325,-1
[INFO ] 239999	Cold:0.009698,0.008532,0.029954,0.052638,0.540689,0.018708,0.029741,0.028856,-1
[INFO ] 242999	Whole:0.023649,0.020223,0.034975,0.058987,0.581359,0.023811,0.040369,0.064039,-1
[INFO ] 242999	Cold:0.009529,0.008464,0.030039,0.052641,0.540772,0.018485,0.029460,0.028490,-1
[INFO ] 245999	Whole:0.024331,0.020450,0.035789,0.058896,0.581586,0.024188,0.040841,0.065465,-1
[INFO ] 245999	Cold:0.009900,0.008498,0.030588,0.052196,0.540773,0.018836,0.029797,0.029315,-1
[INFO ] 248999	Whole:0.024619,0.020473,0.036404,0.059614,0.581624,0.024399,0.041209,0.065809,-1
[INFO ] 248999	Cold:0.010407,0.008650,0.032342,0.053187,0.541196,0.019196,0.030367,0.029784,-1
[INFO ] 1/1
[INFO ] 251999	Whole:0.024164,0.020860,0.035775,0.060531,0.583062,0.024617,0.041737,0.067158,-1
[INFO ] 251999	Cold:0.010204,0.008870,0.031278,0.054460,0.542884,0.019748,0.031252,0.031213,-1
[INFO ] 254999	Whole:0.024740,0.020776,0.036531,0.060703,0.582116,0.024702,0.041688,0.066229,-1
[INFO ] 254999	Cold:0.010542,0.008988,0.032362,0.055705,0.542968,0.019480,0.031215,0.030429,-1
[INFO ] 257999	Whole:0.024680,0.020806,0.036391,0.060281,0.582645,0.024647,0.041612,0.066505,-1
[INFO ] 257999	Cold:0.009867,0.008920,0.030565,0.054961,0.542799,0.019223,0.030823,0.029980,-1
[INFO ] 260999	Whole:0.024452,0.020844,0.036236,0.060767,0.583025,0.024576,0.041694,0.066260,-1
[INFO ] 260999	Cold:0.009799,0.009072,0.030329,0.054956,0.543473,0.019268,0.030926,0.030076,-1
[INFO ] 263999	Whole:0.024574,0.020837,0.036799,0.060916,0.582571,0.024341,0.041497,0.065558,-1
[INFO ] 263999	Cold:0.010272,0.008971,0.031596,0.054694,0.543051,0.018443,0.030197,0.029232,-1
[INFO ] 266999	Whole:0.025044,0.021292,0.036499,0.062043,0.584199,0.025144,0.042569,0.067227,-1
[INFO ] 266999	Cold:0.010407,0.009174,0.031264,0.055955,0.543981,0.019269,0.031229,0.030488,-1
[INFO ] 269999	Whole:0.025089,0.021269,0.036905,0.062300,0.584161,0.025078,0.042564,0.067217,-1
[INFO ] 269999	Cold:0.010204,0.008937,0.031345,0.055215,0.543052,0.019206,0.030869,0.029872,-1
[INFO ] 272999	Whole:0.025044,0.021269,0.037406,0.062848,0.584503,0.025178,0.042784,0.067371,-1
[INFO ] 272999	Cold:0.010542,0.009225,0.032503,0.056369,0.544065,0.019475,0.031391,0.030103,-1
[INFO ] 275999	Whole:0.024937,0.021367,0.036397,0.063119,0.584577,0.025265,0.042791,0.066911,-1
[INFO ] 275999	Cold:0.010069,0.009393,0.030354,0.057428,0.544908,0.020078,0.032167,0.031154,-1
[INFO ] 278999	Whole:0.025362,0.021420,0.037381,0.063048,0.585260,0.025117,0.042917,0.067981,-1
[INFO ] 278999	Cold:0.010677,0.009427,0.032598,0.057168,0.545162,0.019851,0.032047,0.031092,-1
[INFO ] 1/1
[INFO ] 281999	Whole:0.025225,0.021549,0.036757,0.062334,0.585295,0.025176,0.042707,0.067668,-1
[INFO ] 281999	Cold:0.010204,0.009309,0.030988,0.056521,0.544824,0.020010,0.031978,0.031478,-1
[INFO ] 284999	Whole:0.025544,0.021542,0.038096,0.063042,0.585562,0.025629,0.043327,0.068219,-1
[INFO ] 284999	Cold:0.010948,0.009393,0.033443,0.057634,0.545163,0.020680,0.032811,0.032277,-1
[INFO ] 287999	Whole:0.025119,0.021504,0.037042,0.063230,0.585259,0.025392,0.043074,0.067759,-1
[INFO ] 287999	Cold:0.010407,0.009461,0.032151,0.057773,0.545415,0.020130,0.032361,0.031549,-1
[INFO ] 290999	Whole:0.025271,0.021762,0.037165,0.063223,0.586393,0.025302,0.043126,0.068211,-1
[INFO ] 290999	Cold:0.010610,0.009393,0.031959,0.055940,0.544824,0.019493,0.031503,0.030692,-1
[INFO ] 293999	Whole:0.026226,0.021784,0.038694,0.063423,0.585903,0.026256,0.044033,0.070131,-1
[INFO ] 293999	Cold:0.011151,0.009241,0.033705,0.055547,0.544572,0.019965,0.031857,0.031593,-1
[INFO ] 296999	Whole:0.026090,0.021852,0.039341,0.064312,0.586773,0.025655,0.043741,0.068654,-1
[INFO ] 296999	Cold:0.011556,0.009562,0.036066,0.057891,0.546007,0.020349,0.032713,0.032031,-1
[INFO ] 299999	Whole:0.026453,0.022042,0.038977,0.064880,0.587228,0.026162,0.044263,0.069687,-1
[INFO ] 299999	Cold:0.010846,0.009816,0.033038,0.059281,0.546850,0.020541,0.033152,0.032106,-1
[INFO ] 302999	Whole:0.026332,0.022050,0.038766,0.065036,0.586811,0.026255,0.044378,0.069894,-1
[INFO ] 302999	Cold:0.010745,0.009647,0.032962,0.059204,0.546006,0.020402,0.032941,0.031707,-1
[INFO ] 305999	Whole:0.026620,0.022171,0.039513,0.065524,0.587758,0.026147,0.044521,0.070331,-1
[INFO ] 305999	Cold:0.011590,0.009883,0.035735,0.059971,0.547441,0.020558,0.033360,0.031991,-1
[INFO ] 308999	Whole:0.026393,0.022156,0.039374,0.065463,0.588135,0.025996,0.044374,0.070137,-1
[INFO ] 308999	Cold:0.011488,0.009934,0.035496,0.060770,0.547695,0.020843,0.033799,0.032627,-1
[INFO ] 311999	Whole:0.026590,0.022406,0.039672,0.065608,0.588628,0.026219,0.044632,0.069992,-1
[INFO ] 311999	Cold:0.011657,0.009630,0.035150,0.058891,0.546345,0.020428,0.033047,0.032213,-1
[INFO ] 1/1
[INFO ] 314999	Whole:0.027136,0.022338,0.040310,0.066259,0.588855,0.026433,0.044986,0.070796,-1
[INFO ] 314999	Cold:0.011894,0.009883,0.035771,0.060595,0.547274,0.020821,0.033781,0.032862,-1
[INFO ] 317999	Whole:0.027196,0.022466,0.040335,0.066308,0.588894,0.027113,0.045564,0.072077,-1
[INFO ] 317999	Cold:0.011961,0.010171,0.036726,0.062691,0.548708,0.021909,0.035136,0.034153,-1
[INFO ] 320999	Whole:0.026757,0.022557,0.040406,0.066811,0.588629,0.026783,0.045390,0.070546,-1
[INFO ] 320999	Cold:0.011860,0.010086,0.036307,0.060742,0.548117,0.020979,0.033986,0.032931,-1
[INFO ] 323999	Whole:0.026999,0.022679,0.040119,0.067223,0.590104,0.027462,0.046108,0.071985,-1
[INFO ] 323999	Cold:0.011894,0.010340,0.036163,0.062645,0.549383,0.022273,0.035483,0.034619,-1
[INFO ] 326999	Whole:0.026650,0.022391,0.040098,0.066324,0.588289,0.026948,0.045415,0.071636,-1
[INFO ] 326999	Cold:0.011894,0.010272,0.036047,0.061706,0.548792,0.022131,0.035212,0.034677,-1
[INFO ] 329999	Whole:0.026757,0.022345,0.039441,0.066256,0.588364,0.026687,0.045169,0.071028,-1
[INFO ] 329999	Cold:0.011759,0.010086,0.035409,0.061238,0.548286,0.021336,0.034418,0.033667,-1
[INFO ] 332999	Whole:0.026863,0.022489,0.039412,0.066296,0.588856,0.026750,0.045240,0.071180,-1
[INFO ] 332999	Cold:0.011691,0.010120,0.035413,0.061220,0.548539,0.021426,0.034471,0.033585,-1
[INFO ] 335999	Whole:0.026999,0.022739,0.040587,0.066690,0.589575,0.027059,0.045695,0.071857,-1
[INFO ] 335999	Cold:0.012063,0.010103,0.036613,0.061689,0.548708,0.021764,0.034878,0.034306,-1
[INFO ] 338999	Whole:0.027666,0.022792,0.040656,0.067098,0.589385,0.027377,0.046025,0.071917,-1
[INFO ] 338999	Cold:0.012266,0.010441,0.036984,0.063992,0.549721,0.022284,0.035814,0.034744,-1
[INFO ] 341999	Whole:0.027727,0.022989,0.041142,0.067520,0.590560,0.027145,0.046081,0.072263,-1
[INFO ] 341999	Cold:0.012164,0.010120,0.036759,0.061568,0.548540,0.021631,0.034767,0.034118,-1
[INFO ] 1/1
[INFO ] 344999	Whole:0.027333,0.023027,0.040494,0.068380,0.590446,0.027566,0.046532,0.072756,-1
[INFO ] 344999	Cold:0.012130,0.010356,0.036439,0.063247,0.549637,0.022602,0.035934,0.035308,-1
[INFO ] 347999	Whole:0.027515,0.022906,0.040694,0.067602,0.589577,0.027363,0.046211,0.072620,-1
[INFO ] 347999	Cold:0.012671,0.010356,0.038232,0.062588,0.549385,0.022811,0.036105,0.036121,-1
[INFO ] 350999	Whole:0.027727,0.022929,0.041951,0.067676,0.589880,0.027890,0.046653,0.072731,-1
[INFO ] 350999	Cold:0.012806,0.010458,0.040024,0.063432,0.549975,0.022770,0.036265,0.035900,-1
[INFO ] 353999	Whole:0.027454,0.023065,0.040856,0.068746,0.590826,0.028224,0.047216,0.073572,-1
[INFO ] 353999	Cold:0.012536,0.010441,0.038323,0.064316,0.549976,0.023308,0.036764,0.036116,-1
[INFO ] 356999	Whole:0.027363,0.023065,0.041360,0.068016,0.590560,0.027700,0.046634,0.072914,-1
[INFO ] 356999	Cold:0.012468,0.010475,0.038116,0.063199,0.549806,0.022031,0.035613,0.034819,-1
[INFO ] 359999	Whole:0.027014,0.023065,0.041110,0.068605,0.591014,0.027956,0.046940,0.073444,-1
[INFO ] 359999	Cold:0.012671,0.010677,0.038951,0.064815,0.551072,0.023314,0.037024,0.036518,-1
[INFO ] 362999	Whole:0.027272,0.022770,0.040649,0.067456,0.589615,0.027073,0.045941,0.071615,-1
[INFO ] 362999	Cold:0.012705,0.010407,0.038385,0.063181,0.549722,0.022491,0.035991,0.035587,-1
[INFO ] 365999	Whole:0.027393,0.023005,0.041250,0.068434,0.590333,0.027735,0.046714,0.072682,-1
[INFO ] 365999	Cold:0.012570,0.010813,0.038300,0.065939,0.551578,0.022896,0.036938,0.035967,-1
[INFO ] 368999	Whole:0.027242,0.023103,0.040898,0.068605,0.590636,0.028053,0.047041,0.073509,-1
[INFO ] 368999	Cold:0.012333,0.010441,0.037692,0.064055,0.549975,0.023577,0.037037,0.037144,-1
[INFO ] 371999	Whole:0.027712,0.023224,0.041649,0.068542,0.591089,0.027985,0.047018,0.073304,-1
[INFO ] 371999	Cold:0.012806,0.010610,0.039455,0.064858,0.550482,0.023386,0.037004,0.036389,-1
[INFO ] 374999	Whole:0.027742,0.023399,0.041746,0.069787,0.591961,0.028283,0.047603,0.073985,-1
[INFO ] 374999	Cold:0.012908,0.010593,0.039477,0.064852,0.550736,0.023360,0.037138,0.036841,-1
[INFO ] 1/1
[INFO ] 377999	Whole:0.027666,0.023194,0.041737,0.068761,0.591431,0.027790,0.046895,0.072773,-1
[INFO ] 377999	Cold:0.013077,0.010610,0.039544,0.065117,0.550819,0.023351,0.037086,0.036593,-1
[INFO ] 380999	Whole:0.027151,0.023232,0.041440,0.068914,0.590976,0.027838,0.046918,0.072705,-1
[INFO ] 380999	Cold:0.013110,0.010661,0.039832,0.065087,0.550820,0.023681,0.037381,0.037083,-1
[INFO ] 383999	Whole:0.027606,0.023202,0.041462,0.068872,0.591317,0.027869,0.047020,0.073158,-1
[INFO ] 383999	Cold:0.012536,0.010593,0.038737,0.064866,0.550650,0.023284,0.036923,0.036226,-1
[INFO ] 386999	Whole:0.027757,0.023096,0.041519,0.069303,0.591091,0.028371,0.047435,0.073464,-1
[INFO ] 386999	Cold:0.012367,0.010644,0.038464,0.065429,0.550988,0.023999,0.037657,0.037310,-1
[INFO ] 389999	Whole:0.027454,0.023323,0.040228,0.068872,0.591469,0.027556,0.046809,0.073197,-1
[INFO ] 389999	Cold:0.012333,0.010627,0.037045,0.065579,0.550988,0.022859,0.036777,0.036099,-1
[INFO ] 392999	Whole:0.027636,0.023323,0.041317,0.069661,0.591960,0.027862,0.047164,0.072895,-1
[INFO ] 392999	Cold:0.012637,0.010796,0.038776,0.065978,0.551410,0.023604,0.037486,0.036879,-1
[INFO ] 395999	Whole:0.027697,0.023179,0.041918,0.069079,0.591128,0.028203,0.047273,0.073106,-1
[INFO ] 395999	Cold:0.012772,0.010627,0.039666,0.065492,0.550651,0.023656,0.037428,0.036933,-1
[INFO ] 398999	Whole:0.027969,0.023217,0.042340,0.069501,0.591809,0.027889,0.047166,0.073012,-1
[INFO ] 398999	Cold:0.012975,0.010846,0.040398,0.067099,0.551664,0.024195,0.038242,0.037592,-1
[INFO ] 401999	Whole:0.027606,0.023088,0.042210,0.069723,0.591506,0.027923,0.047106,0.072702,-1
[INFO ] 401999	Cold:0.012772,0.010762,0.039593,0.067185,0.551410,0.023757,0.037757,0.036553,-1
[INFO ] 404999	Whole:0.027772,0.023649,0.041787,0.070853,0.593513,0.028603,0.048106,0.074163,-1
[INFO ] 404999	Cold:0.012908,0.010998,0.039714,0.067185,0.552507,0.024013,0.038113,0.036960,-1
[INFO ] 1/1
[INFO ] 407999	Whole:0.027333,0.023331,0.041399,0.069898,0.592527,0.028011,0.047345,0.073162,-1
[INFO ] 407999	Cold:0.012435,0.010931,0.039024,0.067278,0.552254,0.024252,0.038278,0.037357,-1
[INFO ] 410999	Whole:0.027257,0.023315,0.041263,0.069617,0.591734,0.028406,0.047544,0.073491,-1
[INFO ] 410999	Cold:0.012874,0.010931,0.039483,0.067903,0.551917,0.024568,0.038589,0.037535,-1
[INFO ] 413999	Whole:0.028000,0.023255,0.042565,0.069525,0.591848,0.027949,0.047246,0.073103,-1
[INFO ] 413999	Cold:0.013144,0.010948,0.040536,0.066768,0.552254,0.023553,0.037691,0.036663,-1
[INFO ] 416999	Whole:0.027909,0.023300,0.042312,0.069720,0.592075,0.028561,0.047800,0.074015,-1
[INFO ] 416999	Cold:0.013110,0.010998,0.040629,0.067523,0.552761,0.024384,0.038547,0.037780,-1
[INFO ] 419999	Whole:0.027621,0.023255,0.041929,0.068842,0.591128,0.028249,0.047300,0.074051,-1
[INFO ] 419999	Cold:0.013009,0.010846,0.040446,0.066225,0.551832,0.024341,0.038222,0.037898,-1
[INFO ] 422999	Whole:0.027530,0.023149,0.042180,0.069340,0.590751,0.028073,0.047146,0.072509,-1
[INFO ] 422999	Cold:0.013212,0.010914,0.040592,0.066988,0.552676,0.023906,0.038058,0.037306,-1
[INFO ] 425999	Whole:0.027636,0.023467,0.041595,0.070428,0.592339,0.028521,0.047922,0.074206,-1
[INFO ] 425999	Cold:0.013077,0.010914,0.039325,0.067289,0.552255,0.024067,0.038144,0.037066,-1
[INFO ] 428999	Whole:0.027954,0.023338,0.041951,0.070562,0.591811,0.028631,0.048035,0.074074,-1
[INFO ] 428999	Cold:0.013144,0.011032,0.040961,0.067793,0.552846,0.024696,0.038882,0.038340,-1
[INFO ] 431999	Whole:0.027560,0.023368,0.041601,0.070140,0.591810,0.027696,0.047131,0.072690,-1
[INFO ] 431999	Cold:0.012874,0.010779,0.039866,0.066420,0.551832,0.023673,0.037615,0.036623,-1
[INFO ] 434999	Whole:0.027560,0.023520,0.041309,0.070623,0.591885,0.028254,0.047692,0.073468,-1
[INFO ] 434999	Cold:0.012739,0.011083,0.039100,0.068674,0.553014,0.024328,0.038648,0.037385,-1
[INFO ] 437999	Whole:0.027954,0.023459,0.041458,0.070143,0.592265,0.028293,0.047747,0.074207,-1
[INFO ] 437999	Cold:0.012705,0.011117,0.039199,0.068466,0.553267,0.024099,0.038522,0.037408,-1
[INFO ] 1/1
[INFO ] 440999	Whole:0.028409,0.023444,0.042788,0.070104,0.592226,0.028423,0.047731,0.074280,-1
[INFO ] 440999	Cold:0.013178,0.010880,0.040640,0.067410,0.552254,0.024029,0.038036,0.036544,-1
[INFO ] 443999	Whole:0.027969,0.023702,0.042559,0.071141,0.593135,0.028481,0.048163,0.074072,-1
[INFO ] 443999	Cold:0.013347,0.011015,0.041738,0.067793,0.552930,0.024322,0.038569,0.037771,-1
[INFO ] 446999	Whole:0.028075,0.023262,0.042431,0.070226,0.591886,0.028561,0.047915,0.074225,-1
[INFO ] 446999	Cold:0.013144,0.010830,0.040902,0.066787,0.552002,0.024527,0.038365,0.037383,-1
[INFO ] 449999	Whole:0.028075,0.023103,0.042729,0.069204,0.591281,0.027989,0.047138,0.072846,-1
[INFO ] 449999	Cold:0.013550,0.010813,0.042107,0.066149,0.551918,0.024282,0.038223,0.038081,-1
[INFO ] 452999	Whole:0.027530,0.023315,0.042419,0.070312,0.591584,0.028416,0.047818,0.073961,-1
[INFO ] 452999	Cold:0.013482,0.010880,0.041800,0.067116,0.552087,0.024527,0.038599,0.038212,-1
[INFO ] 455999	Whole:0.027408,0.023255,0.041644,0.069095,0.591167,0.028151,0.047347,0.073703,-1
[INFO ] 455999	Cold:0.013212,0.010965,0.041012,0.066530,0.552592,0.023846,0.037878,0.036847,-1
[INFO ] 458999	Whole:0.027803,0.023687,0.042801,0.070399,0.592869,0.028461,0.047897,0.073482,-1
[INFO ] 458999	Cold:0.013583,0.011167,0.042793,0.068670,0.553436,0.024497,0.038879,0.037609,-1
[INFO ] 461999	Whole:0.027939,0.023368,0.042480,0.070437,0.592490,0.028472,0.047885,0.074357,-1
[INFO ] 461999	Cold:0.013583,0.011083,0.041979,0.068591,0.553099,0.024584,0.039019,0.038466,-1
[INFO ] 464999	Whole:0.028166,0.023232,0.043062,0.069382,0.591658,0.027839,0.047113,0.073073,-1
[INFO ] 464999	Cold:0.013550,0.010948,0.042426,0.067169,0.552677,0.023869,0.038069,0.037089,-1
[INFO ] 467999	Whole:0.028273,0.023194,0.043265,0.069580,0.591621,0.028600,0.047879,0.074588,-1
[INFO ] 467999	Cold:0.013955,0.010998,0.043158,0.067761,0.552846,0.024030,0.038371,0.037642,-1
[INFO ] 1/1
[INFO ] 470999	Whole:0.028197,0.023512,0.042208,0.070623,0.592605,0.028491,0.048028,0.074616,-1
[INFO ] 470999	Cold:0.013009,0.011252,0.040364,0.068401,0.553772,0.023759,0.038269,0.036975,-1
[INFO ] 473999	Whole:0.027590,0.023088,0.042057,0.069041,0.591242,0.028160,0.047319,0.073792,-1
[INFO ] 473999	Cold:0.013043,0.011032,0.040576,0.067357,0.552760,0.023668,0.037906,0.036835,-1
[INFO ] 476999	Whole:0.027666,0.023346,0.042782,0.069566,0.591809,0.028584,0.047793,0.074176,-1
[INFO ] 476999	Cold:0.013583,0.010998,0.042747,0.067276,0.552508,0.024819,0.038883,0.038457,-1
[INFO ] 479999	Whole:0.028091,0.023406,0.042358,0.070304,0.591546,0.028256,0.047678,0.073960,-1
[INFO ] 479999	Cold:0.013347,0.011117,0.041105,0.068560,0.553183,0.024224,0.038653,0.037486,-1
[INFO ] 482999	Whole:0.027848,0.023444,0.041612,0.070779,0.592378,0.028088,0.047655,0.073448,-1
[INFO ] 482999	Cold:0.012975,0.011134,0.039693,0.068045,0.553267,0.024040,0.038397,0.037227,-1
[INFO ] 485999	Whole:0.028227,0.023384,0.042752,0.070847,0.592605,0.028610,0.048137,0.074395,-1
[INFO ] 485999	Cold:0.013752,0.011083,0.041837,0.068351,0.553353,0.024623,0.039018,0.038392,-1
[INFO ] 488999	Whole:0.028060,0.023444,0.042720,0.070340,0.592605,0.028725,0.048223,0.074789,-1
[INFO ] 488999	Cold:0.013550,0.011252,0.041474,0.068710,0.553775,0.025513,0.039925,0.039808,-1
[INFO ] 491999	Whole:0.028091,0.023482,0.042436,0.070305,0.591508,0.028805,0.048066,0.073981,-1
[INFO ] 491999	Cold:0.013448,0.011117,0.042003,0.068572,0.553014,0.024595,0.038945,0.037991,-1



[INFO ] 494999	Whole:0.028409,0.023573,0.043061,0.070825,0.592605,0.028802,0.048253,0.074318,-1
[INFO ] 494999	Cold:0.013414,0.011235,0.041623,0.068662,0.553352,0.025249,0.039552,0.039014,-1
[INFO ] 497999	Whole:0.027575,0.023293,0.041848,0.070436,0.592491,0.028330,0.047741,0.073513,-1
[INFO ] 497999	Cold:0.013245,0.011235,0.040823,0.068984,0.553774,0.024500,0.039016,0.037922,-1
[INFO ] 1/1
[INFO ] 500999	Whole:0.027803,0.023315,0.042046,0.069725,0.591658,0.028858,0.047976,0.074313,-1
[INFO ] 500999	Cold:0.013448,0.010982,0.041612,0.067247,0.552676,0.024699,0.038718,0.038175,-1
[INFO ] 503999	Whole:0.028015,0.023368,0.041441,0.069613,0.591772,0.028525,0.047702,0.074080,-1
[INFO ] 503999	Cold:0.012908,0.011404,0.039145,0.069651,0.554279,0.024719,0.039349,0.038336,-1
[INFO ] 506999	Whole:0.027560,0.023528,0.040545,0.070105,0.592452,0.028206,0.047582,0.073674,-1
[INFO ] 506999	Cold:0.013043,0.011370,0.039421,0.069305,0.554279,0.024328,0.038958,0.037830,-1
[INFO ] 509999	Whole:0.027302,0.023126,0.040712,0.069290,0.591205,0.027875,0.047079,0.072713,-1
[INFO ] 509999	Cold:0.012502,0.011066,0.038176,0.067388,0.552844,0.023643,0.037926,0.036896,-1
[INFO ] 512999	Whole:0.027742,0.023262,0.041435,0.070157,0.591886,0.027895,0.047280,0.072785,-1
[INFO ] 512999	Cold:0.012739,0.011370,0.039446,0.069350,0.554532,0.024098,0.038777,0.037419,-1
[INFO ] 515999	Whole:0.027484,0.023293,0.040829,0.069967,0.591961,0.028016,0.047399,0.073785,-1
[INFO ] 515999	Cold:0.012806,0.011117,0.038942,0.068886,0.553351,0.024121,0.038622,0.037570,-1
[INFO ] 518999	Whole:0.028030,0.023247,0.042091,0.069618,0.591545,0.028408,0.047590,0.073703,-1
[INFO ] 518999	Cold:0.013245,0.011117,0.040668,0.068172,0.553351,0.024145,0.038539,0.037627,-1
[INFO ] 521999	Whole:0.028106,0.023308,0.043273,0.070442,0.591999,0.028363,0.047747,0.073318,-1
[INFO ] 521999	Cold:0.013583,0.011151,0.041789,0.068477,0.553183,0.024598,0.038970,0.038168,-1
[INFO ] 524999	Whole:0.027909,0.023232,0.042167,0.070277,0.591735,0.028301,0.047741,0.074161,-1
[INFO ] 524999	Cold:0.013178,0.011252,0.040266,0.068779,0.553605,0.024193,0.038771,0.037818,-1
[INFO ] 527999	Whole:0.028136,0.023528,0.042425,0.070438,0.592567,0.028700,0.048175,0.074576,-1
[INFO ] 527999	Cold:0.013313,0.010965,0.040193,0.066926,0.552255,0.024468,0.038637,0.038820,-1
[INFO ] 530999	Whole:0.027606,0.023353,0.041716,0.070139,0.592340,0.028454,0.047841,0.074073,-1
[INFO ] 530999	Cold:0.012941,0.011151,0.039463,0.067907,0.553351,0.024088,0.038507,0.038120,-1
[INFO ] 1/1
[INFO ] 533999	Whole:0.027969,0.023361,0.042470,0.070409,0.592492,0.028229,0.047791,0.074003,-1
[INFO ] 533999	Cold:0.013583,0.011421,0.041102,0.069895,0.555039,0.023870,0.038800,0.037543,-1
[INFO ] 536999	Whole:0.028212,0.023368,0.042587,0.069894,0.592075,0.028536,0.047939,0.074857,-1
[INFO ] 536999	Cold:0.013550,0.011032,0.041125,0.067734,0.552762,0.024303,0.038662,0.038411,-1
[INFO ] 539999	Whole:0.027985,0.023467,0.042844,0.070221,0.592453,0.028311,0.047801,0.073506,-1
[INFO ] 539999	Cold:0.013786,0.011100,0.041555,0.067440,0.552930,0.023849,0.038261,0.037695,-1
[INFO ] 542999	Whole:0.027969,0.023528,0.042209,0.070661,0.592567,0.028058,0.047638,0.073122,-1
[INFO ] 542999	Cold:0.013313,0.010982,0.040519,0.067100,0.552424,0.023555,0.037842,0.036920,-1
[INFO ] 545999	Whole:0.028015,0.023293,0.042020,0.070484,0.592302,0.028714,0.048139,0.074789,-1
[INFO ] 545999	Cold:0.013110,0.011218,0.040145,0.068556,0.553858,0.024526,0.039062,0.039008,-1
[INFO ] 548999	Whole:0.027848,0.023293,0.042125,0.069750,0.591999,0.028131,0.047475,0.073898,-1
[INFO ] 548999	Cold:0.013685,0.011134,0.041831,0.067693,0.553182,0.024047,0.038386,0.037571,-1
[INFO ] 551999	Whole:0.028015,0.023247,0.042212,0.069357,0.591507,0.028287,0.047478,0.074332,-1
[INFO ] 551999	Cold:0.013617,0.010880,0.041305,0.066475,0.551917,0.023969,0.038028,0.037644,-1
[INFO ] 554999	Whole:0.027985,0.023240,0.042600,0.070651,0.592151,0.028137,0.047715,0.074008,-1
[INFO ] 554999	Cold:0.013786,0.011370,0.041851,0.069012,0.554112,0.024252,0.038989,0.038187,-1
[INFO ] 557999	Whole:0.027545,0.023277,0.041900,0.069351,0.591356,0.028025,0.047326,0.073981,-1
[INFO ] 557999	Cold:0.012941,0.011269,0.039598,0.068507,0.553773,0.023664,0.038274,0.037142,-1
[INFO ] 560999	Whole:0.027560,0.023088,0.041675,0.069652,0.591431,0.027787,0.047074,0.072745,-1
[INFO ] 560999	Cold:0.013414,0.011218,0.041018,0.068310,0.553435,0.023709,0.038292,0.037413,-1



[INFO ] Training: ...research/ssh/yelp/train0.2_folder_1, Testing:: .../research/ssh/yelp/test0.2_folder_1.
[DEBUG] User amount: 16821, item amount: 14476
[DEBUG] Rate amount: 196088, scales: {1.0}
[DEBUG] User amount: 16821, item amount: 14476
[DEBUG] Rate amount: 48428, scales: {1.0}
[INFO ] AsyUnifiedRanker: 30,3.5E-4,0.35,0.35,100,1600,1,100,0.42,8
[INFO ] 1/1
[INFO ] 1/1
[INFO ] 1/1
[INFO ] 1/1
[INFO ] 1/1
[INFO ] 152999	Whole:0.018692,0.015758,0.027092,0.045244,0.564702,0.017877,0.030740,0.049671,-1
[INFO ] 152999	Cold:0.007772,0.006741,0.024205,0.041339,0.532331,0.014478,0.023118,0.021976,-1
[INFO ] 155999	Whole:0.018980,0.015971,0.027341,0.046389,0.565914,0.018381,0.031566,0.051282,-1
[INFO ] 155999	Cold:0.008177,0.006741,0.024576,0.042019,0.532585,0.014940,0.023715,0.023047,-1
[INFO ] 1/1
[INFO ] 158999	Whole:0.019435,0.016062,0.027820,0.046937,0.565952,0.018656,0.031865,0.051453,-1
[INFO ] 158999	Cold:0.007839,0.006961,0.024041,0.043245,0.533597,0.015256,0.024158,0.022902,-1
[INFO ] 161999	Whole:0.019313,0.016190,0.027071,0.045826,0.566215,0.018118,0.031210,0.050855,-1
[INFO ] 161999	Cold:0.007670,0.006572,0.023174,0.040062,0.531825,0.014373,0.022780,0.022141,-1
[INFO ] 164999	Whole:0.019495,0.016463,0.028377,0.047374,0.567314,0.018846,0.032269,0.052270,-1
[INFO ] 164999	Cold:0.008177,0.006842,0.025266,0.042380,0.533007,0.015035,0.023857,0.022952,-1
[INFO ] 167999	Whole:0.019465,0.016645,0.027938,0.048195,0.568185,0.018750,0.032481,0.052497,-1
[INFO ] 167999	Cold:0.008109,0.006893,0.024830,0.043123,0.533176,0.014886,0.023917,0.022959,-1
[INFO ] 170999	Whole:0.019874,0.016766,0.028639,0.048320,0.568601,0.018794,0.032651,0.052848,-1
[INFO ] 170999	Cold:0.008245,0.006978,0.025111,0.043080,0.533682,0.014702,0.023845,0.022950,-1
[INFO ] 173999	Whole:0.019950,0.016736,0.028468,0.047966,0.568335,0.019135,0.032797,0.053411,-1
[INFO ] 173999	Cold:0.008278,0.007062,0.025680,0.043893,0.533935,0.015286,0.024455,0.023373,-1
[INFO ] 176999	Whole:0.020283,0.017032,0.029550,0.049197,0.569585,0.019303,0.033342,0.053750,-1
[INFO ] 176999	Cold:0.008447,0.007028,0.026440,0.044506,0.533936,0.015028,0.024441,0.023517,-1
[INFO ] 179999	Whole:0.020420,0.017206,0.029541,0.049444,0.570418,0.019958,0.034015,0.055266,-1
[INFO ] 179999	Cold:0.008447,0.007163,0.026505,0.044613,0.534695,0.015748,0.025050,0.024117,-1
[INFO ] 182999	Whole:0.020435,0.017441,0.030125,0.050548,0.571099,0.020476,0.034737,0.056237,-1
[INFO ] 182999	Cold:0.008380,0.007332,0.026651,0.045494,0.535370,0.016202,0.025651,0.024728,-1
[INFO ] 185999	Whole:0.020556,0.017570,0.030088,0.050786,0.571554,0.020253,0.034712,0.056657,-1
[INFO ] 185999	Cold:0.008515,0.007400,0.026421,0.045612,0.535792,0.015847,0.025495,0.024728,-1
[INFO ] 1/1
[INFO ] 188999	Whole:0.021163,0.017562,0.030529,0.049811,0.571402,0.020234,0.034505,0.056534,-1
[INFO ] 188999	Cold:0.008853,0.007282,0.027144,0.044753,0.535286,0.016114,0.025528,0.025047,-1
[INFO ] 191999	Whole:0.020981,0.017805,0.030769,0.050737,0.571743,0.020576,0.035024,0.056671,-1
[INFO ] 191999	Cold:0.008853,0.007197,0.027997,0.044159,0.534527,0.016073,0.025366,0.024987,-1
[INFO ] 194999	Whole:0.021193,0.018025,0.031059,0.051637,0.572991,0.020903,0.035573,0.057949,-1
[INFO ] 194999	Cold:0.008887,0.007451,0.027752,0.045979,0.535877,0.016365,0.025979,0.025063,-1
[INFO ] 197999	Whole:0.021572,0.018040,0.031268,0.051613,0.573446,0.020881,0.035552,0.057846,-1
[INFO ] 197999	Cold:0.008853,0.007518,0.027541,0.046265,0.536214,0.016255,0.025949,0.024839,-1
[INFO ] 200999	Whole:0.021239,0.017828,0.030135,0.050598,0.572046,0.020491,0.034925,0.057303,-1
[INFO ] 200999	Cold:0.008278,0.007265,0.025703,0.044608,0.535117,0.016233,0.025599,0.025467,-1
[INFO ] 203999	Whole:0.022148,0.018161,0.032452,0.051915,0.573901,0.021023,0.035838,0.058502,-1
[INFO ] 203999	Cold:0.009123,0.007366,0.028532,0.045586,0.535709,0.016352,0.025945,0.025426,-1
[INFO ] 206999	Whole:0.022376,0.018548,0.032544,0.053525,0.575113,0.021636,0.036793,0.059219,-1
[INFO ] 206999	Cold:0.009191,0.007822,0.028693,0.047802,0.537565,0.017189,0.027269,0.026933,-1
[INFO ] 209999	Whole:0.022178,0.018783,0.032183,0.053614,0.575452,0.021517,0.036731,0.059006,-1
[INFO ] 209999	Cold:0.009056,0.007772,0.028490,0.048077,0.537228,0.016706,0.026803,0.025656,-1
[INFO ] 212999	Whole:0.022512,0.018972,0.032120,0.054001,0.576021,0.021753,0.037184,0.060355,-1
[INFO ] 212999	Cold:0.009393,0.007873,0.028794,0.048470,0.537903,0.017051,0.027333,0.026692,-1
[INFO ] 215999	Whole:0.023088,0.018995,0.033986,0.053646,0.575832,0.022026,0.037312,0.060447,-1
[INFO ] 215999	Cold:0.009968,0.007772,0.030974,0.048180,0.537397,0.017142,0.027309,0.026798,-1
[INFO ] 218999	Whole:0.022785,0.019056,0.032806,0.054209,0.576248,0.022129,0.037559,0.060589,-1
[INFO ] 218999	Cold:0.009360,0.007941,0.028862,0.049048,0.538156,0.017272,0.027580,0.026808,-1
[INFO ] 281999	Whole:0.025771,0.021936,0.038199,0.064312,0.587000,0.026303,0.044225,0.069409,-1
[INFO ] 281999	Cold:0.011049,0.009562,0.033725,0.058031,0.545753,0.020270,0.032601,0.031671,-1
[INFO ] 284999	Whole:0.025877,0.022095,0.038352,0.065709,0.587984,0.026340,0.044607,0.069959,-1
[INFO ] 284999	Cold:0.010982,0.009883,0.033769,0.060402,0.547441,0.020731,0.033598,0.032678,-1
[INFO ] 287999	Whole:0.026120,0.021943,0.038513,0.063796,0.587037,0.025758,0.043628,0.068748,-1
[INFO ] 287999	Cold:0.011049,0.009647,0.033739,0.058248,0.546512,0.020137,0.032549,0.031440,-1
[INFO ] 290999	Whole:0.026423,0.022216,0.039006,0.064655,0.587680,0.026269,0.044329,0.069709,-1
[INFO ] 290999	Cold:0.011218,0.009664,0.034626,0.059109,0.546766,0.020199,0.032846,0.031917,-1
[INFO ] 293999	Whole:0.026165,0.021974,0.038804,0.063608,0.587378,0.026191,0.044051,0.070031,-1
[INFO ] 293999	Cold:0.011083,0.009529,0.033852,0.057628,0.546091,0.020396,0.032668,0.032095,-1
[INFO ] 296999	Whole:0.026014,0.022087,0.038068,0.064669,0.587493,0.026290,0.044326,0.069852,-1
[INFO ] 296999	Cold:0.010745,0.009562,0.032545,0.057958,0.546344,0.020085,0.032481,0.031718,-1
[INFO ] 299999	Whole:0.026423,0.022216,0.038598,0.064245,0.587152,0.026660,0.044580,0.070514,-1
[INFO ] 299999	Cold:0.010880,0.009495,0.033386,0.057575,0.545922,0.020583,0.032789,0.032413,-1
[INFO ] 302999	Whole:0.026211,0.022247,0.038658,0.064401,0.587870,0.026546,0.044678,0.071447,-1
[INFO ] 302999	Cold:0.011387,0.009562,0.034771,0.057961,0.546260,0.020538,0.032893,0.032495,-1
[INFO ] 305999	Whole:0.026605,0.022459,0.038548,0.065660,0.588174,0.027093,0.045332,0.071921,-1
[INFO ] 305999	Cold:0.011117,0.009731,0.033528,0.059107,0.547104,0.021063,0.033568,0.033014,-1
[INFO ] 308999	Whole:0.026681,0.022254,0.038577,0.065037,0.588022,0.026803,0.044943,0.071453,-1
[INFO ] 308999	Cold:0.011151,0.009748,0.034063,0.059323,0.546935,0.020924,0.033499,0.032932,-1
[INFO ] 311999	Whole:0.026408,0.022429,0.039009,0.066128,0.588476,0.026776,0.045111,0.070912,-1
[INFO ] 311999	Cold:0.010914,0.009850,0.033715,0.060819,0.547441,0.020871,0.033681,0.032265,-1
[INFO ] 1/1
[INFO ] 314999	Whole:0.026469,0.022360,0.038634,0.065696,0.588439,0.026948,0.045231,0.071463,-1
[INFO ] 314999	Cold:0.011117,0.009664,0.034105,0.059022,0.546766,0.020892,0.033436,0.033071,-1
[INFO ] 317999	Whole:0.026302,0.022565,0.039081,0.066384,0.588627,0.027131,0.045495,0.070868,-1
[INFO ] 317999	Cold:0.010914,0.009799,0.033512,0.060368,0.547273,0.021099,0.033906,0.033389,-1
[INFO ] 320999	Whole:0.026939,0.022732,0.039990,0.066700,0.589233,0.027293,0.045692,0.070992,-1
[INFO ] 320999	Cold:0.011252,0.009934,0.034404,0.060959,0.547779,0.020989,0.033880,0.032615,-1
[INFO ] 323999	Whole:0.026954,0.022482,0.040054,0.066202,0.588552,0.027316,0.045599,0.071746,-1
[INFO ] 323999	Cold:0.011522,0.009917,0.035835,0.060655,0.547526,0.021573,0.034360,0.033722,-1
[INFO ] 326999	Whole:0.026999,0.022527,0.040004,0.065671,0.588590,0.027466,0.045713,0.072230,-1
[INFO ] 326999	Cold:0.011657,0.009714,0.036648,0.059439,0.546852,0.021551,0.034043,0.033366,-1
[INFO ] 329999	Whole:0.027075,0.022557,0.040786,0.065985,0.588591,0.027619,0.045909,0.072659,-1
[INFO ] 329999	Cold:0.011657,0.009765,0.035911,0.059354,0.546767,0.021971,0.034373,0.034191,-1
[INFO ] 332999	Whole:0.027227,0.022792,0.040561,0.067387,0.589613,0.027885,0.046483,0.073005,-1
[INFO ] 332999	Cold:0.012063,0.010120,0.036673,0.061444,0.548455,0.022091,0.035039,0.034567,-1
[INFO ] 335999	Whole:0.026560,0.022876,0.039710,0.067658,0.590179,0.027382,0.046118,0.072190,-1
[INFO ] 335999	Cold:0.011928,0.010086,0.036716,0.062367,0.548623,0.021676,0.034808,0.033681,-1
[INFO ] 338999	Whole:0.026802,0.022815,0.039863,0.067600,0.590332,0.027337,0.046180,0.072710,-1
[INFO ] 338999	Cold:0.011691,0.010373,0.035716,0.063246,0.549805,0.021648,0.035123,0.033991,-1
[INFO ] 341999	Whole:0.027075,0.022754,0.040014,0.067389,0.589992,0.027770,0.046537,0.073542,-1
[INFO ] 341999	Cold:0.011860,0.010238,0.036012,0.063071,0.549721,0.022141,0.035571,0.035304,-1
[INFO ] 1/1
[INFO ] 344999	Whole:0.027166,0.022861,0.041031,0.067338,0.589991,0.027955,0.046587,0.073277,-1
[INFO ] 344999	Cold:0.012333,0.010035,0.037805,0.061309,0.548708,0.022109,0.035146,0.035184,-1
[INFO ] 347999	Whole:0.027302,0.022967,0.040998,0.067889,0.590785,0.028051,0.046833,0.073873,-1
[INFO ] 347999	Cold:0.012198,0.010272,0.037594,0.062148,0.549468,0.022367,0.035581,0.035379,-1
[INFO ] 350999	Whole:0.027302,0.023164,0.040516,0.067542,0.590369,0.028128,0.046848,0.073872,-1
[INFO ] 350999	Cold:0.011995,0.010238,0.036561,0.061894,0.549215,0.022325,0.035488,0.035387,-1
[INFO ] 353999	Whole:0.027136,0.023202,0.040035,0.067398,0.590898,0.027778,0.046577,0.073309,-1
[INFO ] 353999	Cold:0.011725,0.010137,0.036026,0.061148,0.548708,0.022278,0.035193,0.035040,-1
[INFO ] 356999	Whole:0.026954,0.023126,0.040146,0.067616,0.590369,0.027975,0.046703,0.072918,-1
[INFO ] 356999	Cold:0.011894,0.010323,0.036637,0.061700,0.549130,0.022573,0.035600,0.035240,-1
[INFO ] 359999	Whole:0.027636,0.023338,0.041397,0.069007,0.591695,0.028295,0.047387,0.074202,-1
[INFO ] 359999	Cold:0.012367,0.010525,0.037628,0.063088,0.550312,0.022272,0.035763,0.035124,-1
[INFO ] 362999	Whole:0.027499,0.023096,0.041250,0.068009,0.590673,0.027684,0.046569,0.072958,-1
[INFO ] 362999	Cold:0.012097,0.010424,0.037448,0.062618,0.549974,0.021746,0.035168,0.034183,-1
[INFO ] 365999	Whole:0.027545,0.023111,0.041181,0.067752,0.590559,0.027809,0.046655,0.073671,-1
[INFO ] 365999	Cold:0.012299,0.010373,0.037668,0.062545,0.549636,0.022217,0.035517,0.034945,-1
[INFO ] 368999	Whole:0.027469,0.023012,0.041130,0.067449,0.590483,0.027903,0.046599,0.073698,-1
[INFO ] 368999	Cold:0.012130,0.010137,0.037010,0.060965,0.548540,0.022147,0.035092,0.034905,-1
[INFO ] 371999	Whole:0.026969,0.023293,0.039778,0.068273,0.591468,0.027639,0.046678,0.072902,-1
[INFO ] 371999	Cold:0.011793,0.010509,0.036251,0.062750,0.550227,0.021977,0.035470,0.034947,-1
[INFO ] 374999	Whole:0.027257,0.023164,0.040253,0.067382,0.591163,0.028069,0.046767,0.073484,-1
[INFO ] 374999	Cold:0.011826,0.010289,0.036181,0.061807,0.549214,0.022501,0.035536,0.035230,-1
[INFO ] 1/1
[INFO ] 377999	Whole:0.027651,0.023323,0.041519,0.068801,0.591771,0.028287,0.047366,0.074182,-1
[INFO ] 377999	Cold:0.012367,0.010728,0.037622,0.064589,0.551241,0.023029,0.036783,0.036379,-1
[INFO ] 380999	Whole:0.027969,0.023217,0.041846,0.068341,0.591317,0.028012,0.046993,0.073516,-1
[INFO ] 380999	Cold:0.012502,0.010661,0.037752,0.064513,0.551072,0.022464,0.036307,0.035748,-1
[INFO ] 383999	Whole:0.027424,0.023277,0.041458,0.067927,0.591278,0.027828,0.046785,0.073353,-1
[INFO ] 383999	Cold:0.012908,0.010356,0.038608,0.062491,0.549638,0.022732,0.036041,0.036150,-1
[INFO ] 386999	Whole:0.027697,0.023187,0.041512,0.068086,0.591241,0.028299,0.047138,0.073602,-1
[INFO ] 386999	Cold:0.012739,0.010356,0.039650,0.063063,0.549554,0.023403,0.036621,0.036343,-1
[INFO ] 389999	Whole:0.027818,0.023187,0.041908,0.068852,0.591543,0.028219,0.047275,0.073866,-1
[INFO ] 389999	Cold:0.013009,0.010661,0.039973,0.063854,0.550650,0.023232,0.036791,0.036581,-1
[INFO ] 392999	Whole:0.027787,0.023315,0.041498,0.068227,0.591581,0.028399,0.047324,0.074266,-1
[INFO ] 392999	Cold:0.012367,0.010441,0.037693,0.062601,0.549721,0.023292,0.036448,0.036430,-1
[INFO ] 395999	Whole:0.027712,0.023285,0.041823,0.068971,0.591317,0.028295,0.047328,0.073662,-1
[INFO ] 395999	Cold:0.012536,0.010644,0.038783,0.064645,0.550987,0.022997,0.036719,0.036261,-1
[INFO ] 398999	Whole:0.027954,0.023156,0.041767,0.067813,0.591164,0.028001,0.046796,0.073359,-1
[INFO ] 398999	Cold:0.012401,0.010356,0.038222,0.062336,0.549384,0.022192,0.035485,0.034917,-1
[INFO ] 401999	Whole:0.027408,0.023376,0.041379,0.068800,0.592413,0.027795,0.046948,0.073088,-1
[INFO ] 401999	Cold:0.012401,0.010492,0.038299,0.062843,0.550312,0.022295,0.035810,0.035600,-1
[INFO ] 404999	Whole:0.027666,0.023353,0.041634,0.069237,0.592452,0.028304,0.047543,0.074583,-1
[INFO ] 404999	Cold:0.012874,0.010762,0.039310,0.064583,0.551578,0.023123,0.036945,0.036731,-1
[INFO ] 1/1
[INFO ] 407999	Whole:0.027803,0.023391,0.042106,0.069243,0.591657,0.028273,0.047402,0.073583,-1
[INFO ] 407999	Cold:0.012739,0.010796,0.039462,0.065625,0.551746,0.022632,0.036661,0.035771,-1
[INFO ] 410999	Whole:0.028106,0.023505,0.042526,0.069571,0.593058,0.028738,0.047947,0.074680,-1
[INFO ] 410999	Cold:0.012671,0.010779,0.038888,0.065254,0.551747,0.023467,0.037251,0.036777,-1
[INFO ] 413999	Whole:0.027621,0.023482,0.041946,0.068890,0.592527,0.028930,0.047963,0.075188,-1
[INFO ] 413999	Cold:0.012502,0.010424,0.038695,0.063294,0.549891,0.023735,0.037004,0.037195,-1
[INFO ] 416999	Whole:0.028136,0.023194,0.042252,0.068080,0.591430,0.028509,0.047410,0.074698,-1
[INFO ] 416999	Cold:0.012570,0.010390,0.038457,0.063312,0.549891,0.023465,0.036764,0.036707,-1
[INFO ] 419999	Whole:0.027651,0.023452,0.040859,0.069159,0.592224,0.028255,0.047337,0.072956,-1
[INFO ] 419999	Cold:0.012705,0.010762,0.038817,0.065051,0.551409,0.023954,0.037546,0.037127,-1
[INFO ] 422999	Whole:0.027666,0.023641,0.041879,0.070007,0.592642,0.028686,0.047923,0.073903,-1
[INFO ] 422999	Cold:0.012705,0.010982,0.039366,0.066425,0.552423,0.024498,0.038332,0.037690,-1
[INFO ] 425999	Whole:0.027545,0.023323,0.041254,0.069377,0.591771,0.028576,0.047603,0.073449,-1
[INFO ] 425999	Cold:0.012603,0.010644,0.038584,0.065234,0.550566,0.023958,0.037491,0.036900,-1
[INFO ] 428999	Whole:0.027469,0.023232,0.041488,0.068483,0.591543,0.028379,0.047296,0.073719,-1
[INFO ] 428999	Cold:0.012435,0.010644,0.038488,0.064209,0.550734,0.023427,0.036908,0.036557,-1
[INFO ] 431999	Whole:0.027045,0.023285,0.039958,0.069236,0.591544,0.028065,0.047185,0.073360,-1
[INFO ] 431999	Cold:0.012130,0.010745,0.036376,0.065166,0.551071,0.023091,0.036800,0.035927,-1
[INFO ] 434999	Whole:0.028015,0.023247,0.041766,0.069217,0.591809,0.028774,0.047751,0.074572,-1
[INFO ] 434999	Cold:0.012536,0.010593,0.038717,0.065138,0.550819,0.023636,0.037251,0.036683,-1
[INFO ] 437999	Whole:0.027863,0.023634,0.041703,0.069146,0.592905,0.028457,0.047582,0.073902,-1
[INFO ] 437999	Cold:0.013043,0.010677,0.039521,0.064476,0.550903,0.023292,0.036894,0.036147,-1
[INFO ] 1/1
[INFO ] 440999	Whole:0.028151,0.023528,0.042320,0.069845,0.592453,0.028512,0.047864,0.074592,-1
[INFO ] 440999	Cold:0.013043,0.010931,0.039952,0.067157,0.552423,0.023839,0.037994,0.037146,-1
[INFO ] 443999	Whole:0.028197,0.023399,0.042525,0.069006,0.591733,0.028626,0.047691,0.074390,-1
[INFO ] 443999	Cold:0.012975,0.010863,0.040083,0.065859,0.552001,0.023958,0.037844,0.037484,-1
[INFO ] 446999	Whole:0.027878,0.023255,0.041665,0.068992,0.591619,0.028488,0.047539,0.074424,-1
[INFO ] 446999	Cold:0.013009,0.010661,0.039658,0.064750,0.551073,0.023983,0.037559,0.037418,-1
[INFO ] 449999	Whole:0.027302,0.023080,0.041232,0.068475,0.591392,0.028333,0.047187,0.073411,-1
[INFO ] 449999	Cold:0.012333,0.010627,0.037138,0.065552,0.550819,0.024069,0.037684,0.037357,-1
[INFO ] 452999	Whole:0.027606,0.023406,0.041686,0.070163,0.592641,0.028496,0.047755,0.073652,-1
[INFO ] 452999	Cold:0.012806,0.010846,0.039133,0.066898,0.551832,0.024161,0.038071,0.037148,-1
[INFO ] 455999	Whole:0.027242,0.023399,0.040992,0.070051,0.592452,0.028649,0.047882,0.074514,-1
[INFO ] 455999	Cold:0.012705,0.010880,0.038643,0.066462,0.551916,0.024024,0.037892,0.037073,-1
[INFO ] 458999	Whole:0.027757,0.023149,0.041591,0.068562,0.591355,0.028369,0.047275,0.074298,-1
[INFO ] 458999	Cold:0.013043,0.010711,0.039808,0.065194,0.551326,0.023988,0.037647,0.037132,-1
[INFO ] 461999	Whole:0.027742,0.023285,0.041414,0.068469,0.591731,0.028347,0.047237,0.073577,-1
[INFO ] 461999	Cold:0.013009,0.010694,0.039803,0.064832,0.550988,0.023952,0.037510,0.036976,-1
[INFO ] 464999	Whole:0.028166,0.023619,0.041823,0.070023,0.593057,0.028807,0.048142,0.074923,-1
[INFO ] 464999	Cold:0.013178,0.010998,0.039921,0.067261,0.552591,0.024944,0.038977,0.039144,-1
[INFO ] 467999	Whole:0.027590,0.023528,0.040253,0.069517,0.592601,0.028935,0.048079,0.075204,-1
[INFO ] 467999	Cold:0.012063,0.010779,0.036846,0.065697,0.551663,0.025004,0.038600,0.039085,-1
[INFO ] 1/1
[INFO ] 470999	Whole:0.027515,0.023315,0.040247,0.069657,0.592376,0.028351,0.047571,0.074600,-1
[INFO ] 470999	Cold:0.012468,0.010948,0.038071,0.066594,0.552422,0.024568,0.038520,0.038695,-1
[INFO ] 473999	Whole:0.027393,0.023179,0.040197,0.068482,0.591732,0.028217,0.047167,0.073968,-1
[INFO ] 473999	Cold:0.012333,0.010779,0.037080,0.065477,0.551325,0.024258,0.037933,0.038066,-1
[INFO ] 476999	Whole:0.027787,0.023080,0.041051,0.068070,0.591316,0.028351,0.047142,0.074073,-1
[INFO ] 476999	Cold:0.012908,0.010880,0.038724,0.065735,0.552001,0.024509,0.038282,0.038386,-1
[INFO ] 479999	Whole:0.027439,0.023217,0.041501,0.068365,0.591922,0.028241,0.047208,0.073759,-1
[INFO ] 479999	Cold:0.013110,0.010745,0.040076,0.064896,0.551495,0.024442,0.038052,0.038296,-1
[INFO ] 482999	Whole:0.027575,0.023262,0.040749,0.068106,0.591240,0.028440,0.047278,0.074103,-1
[INFO ] 482999	Cold:0.012637,0.010644,0.038940,0.064645,0.551073,0.024295,0.037817,0.038054,-1
[INFO ] 485999	Whole:0.027530,0.023118,0.041172,0.068502,0.591279,0.028137,0.047072,0.073427,-1
[INFO ] 485999	Cold:0.012637,0.010644,0.038681,0.064809,0.550904,0.023832,0.037402,0.037082,-1
[INFO ] 488999	Whole:0.027651,0.023285,0.041283,0.068596,0.591317,0.028678,0.047598,0.074638,-1
[INFO ] 488999	Cold:0.012705,0.010644,0.038855,0.065349,0.551157,0.024751,0.038269,0.038496,-1
[INFO ] 491999	Whole:0.027939,0.023050,0.042098,0.067307,0.590635,0.028426,0.047110,0.074509,-1
[INFO ] 491999	Cold:0.013347,0.010728,0.040535,0.064430,0.551158,0.024401,0.037965,0.038370,-1
[INFO ] 494999	Whole:0.028303,0.023020,0.042683,0.067757,0.591128,0.028526,0.047312,0.074811,-1
[INFO ] 494999	Cold:0.013550,0.010576,0.040965,0.064575,0.550736,0.024531,0.038010,0.038429,-1
[INFO ] 497999	Whole:0.028242,0.023247,0.042703,0.069008,0.591620,0.028858,0.047829,0.074680,-1
[INFO ] 497999	Cold:0.013482,0.011015,0.040940,0.066833,0.552508,0.024984,0.038993,0.039083,-1
[INFO ] 1/1
[INFO ] 500999	Whole:0.028030,0.023133,0.041748,0.067420,0.591391,0.028299,0.047011,0.073921,-1
[INFO ] 500999	Cold:0.012772,0.010610,0.038934,0.064469,0.550735,0.023936,0.037468,0.037358,-1
[INFO ] 503999	Whole:0.027530,0.023080,0.041577,0.067941,0.591580,0.028378,0.047187,0.074194,-1
[INFO ] 503999	Cold:0.012705,0.010863,0.038598,0.066497,0.552086,0.024396,0.038347,0.038218,-1
[INFO ] 506999	Whole:0.027697,0.023262,0.041559,0.068200,0.592034,0.028261,0.047193,0.074123,-1
[INFO ] 506999	Cold:0.012502,0.010998,0.037622,0.066681,0.552507,0.024500,0.038504,0.038539,-1
[INFO ] 509999	Whole:0.027606,0.023088,0.041950,0.067544,0.591315,0.028136,0.046883,0.073317,-1
[INFO ] 509999	Cold:0.013009,0.010813,0.039725,0.065401,0.551833,0.024274,0.038056,0.037917,-1
[INFO ] 512999	Whole:0.027894,0.023118,0.041773,0.067835,0.591165,0.028084,0.046902,0.073250,-1
[INFO ] 512999	Cold:0.013077,0.010661,0.039660,0.064472,0.551326,0.023664,0.037312,0.037298,-1


[INFO ] Training: ...research/ssh/yelp/train0.2_folder_1, Testing:: .../research/ssh/yelp/test0.2_folder_1.
[DEBUG] User amount: 16821, item amount: 14476
[DEBUG] Rate amount: 196088, scales: {1.0}
[DEBUG] User amount: 16821, item amount: 14476
[DEBUG] Rate amount: 48428, scales: {1.0}
[INFO ] AsyWalkRanker: 30,5.0E-4,0.35,0.35,100,1600,1,200,0.12,8
[INFO ] 1/1
[INFO ] 1/1
[INFO ] 1/1
[INFO ] 1/1
[INFO ] 1/1
[INFO ] 152999	Whole:0.022573,0.018699,0.034832,0.055908,0.576175,0.022288,0.038043,0.059790,-1
[INFO ] 152999	Cold:0.009867,0.008262,0.030596,0.050786,0.539339,0.018068,0.028789,0.028016,-1
[INFO ] 155999	Whole:0.022391,0.018730,0.033869,0.055832,0.576440,0.022478,0.038195,0.060470,-1
[INFO ] 155999	Cold:0.009765,0.008262,0.030619,0.050397,0.539423,0.018372,0.028925,0.028381,-1
[INFO ] 1/1
[INFO ] 158999	Whole:0.022542,0.019048,0.034434,0.056684,0.577385,0.023244,0.039075,0.061869,-1
[INFO ] 158999	Cold:0.009968,0.008599,0.030732,0.052004,0.541111,0.019347,0.030140,0.029464,-1
[INFO ] 161999	Whole:0.022952,0.019162,0.034759,0.057286,0.577689,0.023094,0.039048,0.061072,-1
[INFO ] 161999	Cold:0.010103,0.008599,0.030681,0.052568,0.541027,0.018946,0.029987,0.029307,-1
[INFO ] 164999	Whole:0.023164,0.019139,0.035332,0.057591,0.578256,0.023171,0.039354,0.062189,-1
[INFO ] 164999	Cold:0.010272,0.008650,0.031140,0.052733,0.541449,0.018960,0.030035,0.029218,-1
[INFO ] 167999	Whole:0.023088,0.019442,0.035402,0.058001,0.578937,0.023502,0.039670,0.061765,-1
[INFO ] 167999	Cold:0.010204,0.008785,0.031154,0.053638,0.542039,0.019055,0.030295,0.029169,-1
[INFO ] 170999	Whole:0.023497,0.019313,0.035966,0.058190,0.579090,0.024079,0.040247,0.063226,-1
[INFO ] 170999	Cold:0.010576,0.008988,0.032137,0.054702,0.543052,0.020237,0.031626,0.031184,-1
[INFO ] 173999	Whole:0.023285,0.019685,0.035502,0.059248,0.579733,0.023765,0.040205,0.062089,-1
[INFO ] 173999	Cold:0.010407,0.008802,0.031710,0.053245,0.542208,0.019071,0.030363,0.029674,-1
[INFO ] 176999	Whole:0.023831,0.019495,0.036866,0.058711,0.579771,0.023899,0.040290,0.063114,-1
[INFO ] 176999	Cold:0.010576,0.008802,0.032582,0.053765,0.542040,0.019533,0.030804,0.030157,-1
[INFO ] 179999	Whole:0.023785,0.019760,0.036107,0.059307,0.580300,0.024152,0.040689,0.064476,-1
[INFO ] 179999	Cold:0.010373,0.008904,0.031602,0.054673,0.542799,0.019915,0.031273,0.030490,-1
[INFO ] 182999	Whole:0.024225,0.019973,0.037664,0.060655,0.581778,0.025140,0.041978,0.066206,-1
[INFO ] 182999	Cold:0.011218,0.009123,0.034567,0.056051,0.543898,0.020359,0.032080,0.031195,-1
[INFO ] 185999	Whole:0.023952,0.019829,0.036823,0.060409,0.580832,0.024437,0.041183,0.064438,-1
[INFO ] 185999	Cold:0.010509,0.009275,0.033487,0.057154,0.544571,0.020028,0.032000,0.030640,-1
[INFO ] 1/1
[INFO ] 188999	Whole:0.024164,0.020549,0.037017,0.061858,0.583782,0.024518,0.041851,0.065167,-1
[INFO ] 188999	Cold:0.010982,0.009478,0.033440,0.057912,0.545415,0.020097,0.032329,0.031051,-1
[INFO ] 191999	Whole:0.024316,0.020382,0.037967,0.061305,0.582685,0.024726,0.041873,0.065044,-1
[INFO ] 191999	Cold:0.011455,0.009596,0.035166,0.058222,0.545838,0.020501,0.032808,0.031645,-1
[INFO ] 194999	Whole:0.024013,0.020314,0.036861,0.061675,0.582534,0.024465,0.041585,0.064390,-1
[INFO ] 194999	Cold:0.010407,0.009512,0.032798,0.058293,0.545837,0.019952,0.032232,0.030583,-1
[INFO ] 197999	Whole:0.024043,0.020094,0.036256,0.061173,0.581286,0.024213,0.041108,0.063514,-1
[INFO ] 197999	Cold:0.010441,0.009444,0.031695,0.057663,0.545752,0.019993,0.032187,0.031190,-1
[INFO ] 200999	Whole:0.024847,0.020587,0.037650,0.062308,0.583216,0.025379,0.042620,0.066688,-1
[INFO ] 200999	Cold:0.010745,0.009529,0.032772,0.057880,0.545838,0.020809,0.033047,0.032672,-1
[INFO ] 203999	Whole:0.023710,0.020291,0.036257,0.061587,0.582194,0.024706,0.041924,0.066171,-1
[INFO ] 203999	Cold:0.010610,0.009410,0.032767,0.057628,0.544994,0.020628,0.032723,0.032132,-1
[INFO ] 206999	Whole:0.023376,0.020223,0.035335,0.061028,0.581664,0.024404,0.041339,0.065002,-1
[INFO ] 206999	Cold:0.010306,0.009225,0.031680,0.056602,0.544487,0.020790,0.032514,0.031853,-1
[INFO ] 209999	Whole:0.024649,0.020208,0.038640,0.060506,0.581778,0.025097,0.041979,0.066233,-1
[INFO ] 209999	Cold:0.011691,0.009258,0.036070,0.056060,0.544151,0.020898,0.032671,0.032288,-1
[INFO ] 212999	Whole:0.024574,0.020412,0.038271,0.062385,0.583026,0.025158,0.042392,0.065493,-1
[INFO ] 212999	Cold:0.011488,0.009698,0.035237,0.059649,0.546513,0.021375,0.033765,0.032568,-1
[INFO ] 215999	Whole:0.024134,0.020556,0.037431,0.062580,0.583443,0.025098,0.042427,0.065699,-1
[INFO ] 215999	Cold:0.011319,0.009714,0.034156,0.058905,0.546935,0.021323,0.033752,0.033327,-1
[INFO ] 218999	Whole:0.024119,0.020602,0.037762,0.063329,0.583329,0.025614,0.042966,0.065893,-1
[INFO ] 218999	Cold:0.010982,0.009782,0.034051,0.060465,0.546767,0.021472,0.034053,0.032682,-1
[INFO ] 1/1
[INFO ] 221999	Whole:0.024346,0.020390,0.038100,0.062971,0.582725,0.025255,0.042540,0.065490,-1
[INFO ] 221999	Cold:0.011421,0.009529,0.035986,0.058935,0.545754,0.021477,0.033637,0.032501,-1
[INFO ] 224999	Whole:0.023634,0.020518,0.036196,0.062737,0.583480,0.025031,0.042363,0.065076,-1
[INFO ] 224999	Cold:0.010711,0.009900,0.032936,0.060641,0.547610,0.021868,0.034487,0.033533,-1
[INFO ] 227999	Whole:0.024604,0.021049,0.038300,0.064672,0.585752,0.025853,0.043732,0.067452,-1
[INFO ] 227999	Cold:0.011387,0.009985,0.035321,0.060582,0.548286,0.022079,0.034808,0.034336,-1
[INFO ] 230999	Whole:0.024937,0.020647,0.039784,0.063311,0.582915,0.025724,0.043056,0.065552,-1
[INFO ] 230999	Cold:0.011826,0.009512,0.037380,0.059036,0.545839,0.022000,0.034125,0.033298,-1
[INFO ] 233999	Whole:0.024498,0.020473,0.038093,0.063102,0.583066,0.025712,0.043030,0.066287,-1
[INFO ] 233999	Cold:0.011421,0.009934,0.035425,0.060672,0.547527,0.022140,0.034719,0.033613,-1
[INFO ] 236999	Whole:0.025089,0.020776,0.039349,0.064174,0.584505,0.026304,0.043941,0.068447,-1
[INFO ] 236999	Cold:0.011725,0.009968,0.036859,0.061317,0.547780,0.022614,0.035380,0.035059,-1
[INFO ] 239999	Whole:0.025074,0.021049,0.039165,0.064674,0.585299,0.026087,0.043872,0.067951,-1
[INFO ] 239999	Cold:0.011826,0.010052,0.036428,0.062012,0.548286,0.022267,0.035220,0.034353,-1
[INFO ] 242999	Whole:0.024468,0.020594,0.038023,0.063129,0.583709,0.025207,0.042574,0.065359,-1
[INFO ] 242999	Cold:0.011184,0.009917,0.035102,0.060276,0.547441,0.021474,0.034119,0.032963,-1
[INFO ] 245999	Whole:0.024210,0.020746,0.038076,0.063656,0.584503,0.025728,0.043245,0.066738,-1
[INFO ] 245999	Cold:0.011319,0.010120,0.035428,0.061496,0.548286,0.022316,0.035095,0.034009,-1
[INFO ] 248999	Whole:0.025135,0.020943,0.039969,0.064988,0.585185,0.026257,0.043999,0.067635,-1
[INFO ] 248999	Cold:0.012333,0.010120,0.038773,0.062898,0.548709,0.023327,0.036298,0.035804,-1
[INFO ] 1/1
[INFO ] 251999	Whole:0.024968,0.020958,0.038639,0.065392,0.585413,0.026109,0.043942,0.066984,-1
[INFO ] 251999	Cold:0.011657,0.010492,0.035862,0.065069,0.550058,0.023253,0.036656,0.035203,-1
[INFO ] 254999	Whole:0.024725,0.020935,0.039526,0.064936,0.585563,0.026122,0.043961,0.067480,-1
[INFO ] 254999	Cold:0.012029,0.010120,0.038348,0.062484,0.548877,0.022742,0.035648,0.034326,-1
[INFO ] 257999	Whole:0.025104,0.020799,0.039473,0.064439,0.584430,0.026207,0.043834,0.067170,-1
[INFO ] 257999	Cold:0.011793,0.009900,0.036796,0.060344,0.547527,0.022770,0.035255,0.034717,-1
[INFO ] 260999	Whole:0.025089,0.020625,0.038996,0.063610,0.584277,0.025607,0.043180,0.066913,-1
[INFO ] 260999	Cold:0.012063,0.010002,0.036697,0.061054,0.548118,0.021691,0.034638,0.033837,-1
[INFO ] 263999	Whole:0.025392,0.021292,0.039757,0.065837,0.586284,0.026739,0.044757,0.069098,-1
[INFO ] 263999	Cold:0.012266,0.010441,0.038064,0.063694,0.550143,0.023290,0.036536,0.035543,-1



[INFO ] Training: ...research/ssh/yelp/train0.2_folder_1, Testing:: .../research/ssh/yelp/test0.2_folder_1.
[DEBUG] User amount: 16821, item amount: 14476
[DEBUG] Rate amount: 196088, scales: {1.0}
[DEBUG] User amount: 16821, item amount: 14476
[DEBUG] Rate amount: 48428, scales: {1.0}
[INFO ] AsyWalkRanker: 30,5.0E-4,0.35,0.35,100,1600,1,160,0.32,8
[INFO ] 1/1
[INFO ] 1/1
[INFO ] 1/1
[INFO ] 1/1
[INFO ] 1/1
[INFO ] 1/1
[INFO ] 182999	Whole:0.024513,0.020632,0.037382,0.061450,0.582194,0.024814,0.041984,0.066272,-1
[INFO ] 182999	Cold:0.010475,0.009106,0.032903,0.056049,0.543727,0.019557,0.031393,0.030348,-1
[INFO ] 185999	Whole:0.025089,0.021451,0.038422,0.064550,0.585638,0.025602,0.043525,0.067798,-1
[INFO ] 185999	Cold:0.010610,0.009579,0.033141,0.059274,0.546006,0.020264,0.032786,0.031593,-1
[INFO ] 314999	Whole:0.026832,0.022701,0.041635,0.069546,0.590749,0.028242,0.047309,0.072971,-1
[INFO ] 314999	Cold:0.013043,0.011167,0.040129,0.068145,0.553098,0.023646,0.038115,0.037063,-1
[INFO ] 317999	Whole:0.026969,0.022489,0.042280,0.069284,0.589501,0.027779,0.046709,0.071491,-1
[INFO ] 317999	Cold:0.013110,0.011015,0.040248,0.067703,0.552507,0.023211,0.037627,0.036454,-1
[INFO ] 320999	Whole:0.026939,0.022868,0.041725,0.071136,0.591166,0.028208,0.047533,0.072354,-1
[INFO ] 320999	Cold:0.013212,0.011286,0.040594,0.069919,0.554026,0.023718,0.038574,0.037323,-1
[INFO ] 323999	Whole:0.027029,0.022497,0.042556,0.069644,0.589842,0.028422,0.047441,0.073467,-1
[INFO ] 323999	Cold:0.013212,0.011015,0.040919,0.067957,0.553098,0.023660,0.038138,0.037521,-1
[INFO ] 326999	Whole:0.027136,0.022762,0.042286,0.069823,0.590978,0.028075,0.047256,0.072329,-1
[INFO ] 326999	Cold:0.013279,0.011083,0.040508,0.067619,0.553351,0.023543,0.038043,0.037798,-1
[INFO ] 329999	Whole:0.026681,0.022694,0.040886,0.070312,0.590675,0.027976,0.047119,0.072052,-1
[INFO ] 329999	Cold:0.012603,0.011151,0.037868,0.068418,0.553266,0.022845,0.037466,0.036073,-1
[INFO ] 332999	Whole:0.026514,0.022353,0.041694,0.068480,0.589653,0.027728,0.046559,0.071772,-1
[INFO ] 332999	Cold:0.012941,0.011032,0.039532,0.067050,0.552844,0.023197,0.037577,0.036949,-1
[INFO ] 335999	Whole:0.026984,0.022861,0.042154,0.071555,0.591318,0.028874,0.048245,0.073721,-1
[INFO ] 335999	Cold:0.013347,0.011522,0.040611,0.071275,0.555039,0.024745,0.039816,0.038988,-1
[INFO ] 338999	Whole:0.026650,0.022648,0.041455,0.070391,0.591054,0.028121,0.047449,0.073282,-1
[INFO ] 338999	Cold:0.012806,0.011455,0.038710,0.070340,0.555123,0.024172,0.039201,0.038566,-1
[INFO ] 341999	Whole:0.026848,0.022883,0.042124,0.070662,0.591205,0.028196,0.047469,0.072489,-1
[INFO ] 341999	Cold:0.013043,0.011353,0.040467,0.069842,0.554195,0.023451,0.038421,0.037119,-1
[INFO ] 1/1
[INFO ] 344999	Whole:0.026393,0.022451,0.040290,0.069769,0.590258,0.027903,0.046941,0.071829,-1
[INFO ] 344999	Cold:0.012739,0.010931,0.038248,0.067993,0.552676,0.023031,0.037562,0.036723,-1
[INFO ] 347999	Whole:0.026741,0.022603,0.041867,0.069855,0.590410,0.028279,0.047280,0.071985,-1
[INFO ] 347999	Cold:0.013178,0.011269,0.040234,0.068525,0.553604,0.023803,0.038378,0.037423,-1
[INFO ] 350999	Whole:0.026832,0.022398,0.041855,0.068328,0.590107,0.028085,0.046919,0.072552,-1
[INFO ] 350999	Cold:0.013550,0.011032,0.041032,0.065437,0.552845,0.023516,0.037617,0.037494,-1
[INFO ] 353999	Whole:0.027120,0.022588,0.043002,0.069481,0.590448,0.028161,0.047165,0.071829,-1
[INFO ] 353999	Cold:0.013448,0.011184,0.041594,0.068281,0.553267,0.024035,0.038594,0.038033,-1
[INFO ] 407999	Whole:0.026196,0.022550,0.041261,0.069834,0.590976,0.027862,0.046976,0.071566,-1
[INFO ] 407999	Cold:0.012874,0.010880,0.039758,0.067340,0.552169,0.022922,0.037273,0.036112,-1
[INFO ] 410999	Whole:0.026893,0.022770,0.043235,0.070191,0.591468,0.028189,0.047453,0.072477,-1
[INFO ] 410999	Cold:0.013482,0.011100,0.041864,0.068204,0.553436,0.023189,0.037873,0.037143,-1
[INFO ] 413999	Whole:0.026893,0.022474,0.042180,0.069070,0.589916,0.027824,0.046705,0.071469,-1
[INFO ] 413999	Cold:0.013347,0.011117,0.040448,0.067723,0.553266,0.022856,0.037389,0.036139,-1
[INFO ] 416999	Whole:0.026499,0.022573,0.041383,0.070167,0.590484,0.028128,0.047192,0.072135,-1
[INFO ] 416999	Cold:0.012739,0.011100,0.039309,0.069044,0.553267,0.023568,0.038276,0.037376,-1
[INFO ] 419999	Whole:0.026378,0.022163,0.041209,0.068405,0.589046,0.027518,0.046195,0.071156,-1
[INFO ] 419999	Cold:0.012908,0.010998,0.039369,0.067475,0.552760,0.023501,0.037866,0.037338,-1
[INFO ] 422999	Whole:0.027029,0.022595,0.042688,0.069770,0.590712,0.028377,0.047453,0.073261,-1
[INFO ] 422999	Cold:0.013212,0.011151,0.041064,0.068894,0.553689,0.024521,0.039125,0.039053,-1
[INFO ] 425999	Whole:0.026620,0.022421,0.041679,0.069780,0.590107,0.027566,0.046682,0.071288,-1
[INFO ] 425999	Cold:0.013313,0.011015,0.040529,0.067731,0.553014,0.023224,0.037807,0.037453,-1
[INFO ] 428999	Whole:0.027181,0.022747,0.042258,0.068846,0.590334,0.027929,0.046906,0.072340,-1
[INFO ] 428999	Cold:0.013313,0.011117,0.040740,0.067744,0.552929,0.023094,0.037705,0.037046,-1
[INFO ] 431999	Whole:0.026484,0.022512,0.041903,0.068783,0.590069,0.027809,0.046704,0.071217,-1
[INFO ] 431999	Cold:0.012975,0.010897,0.039395,0.066309,0.552507,0.023276,0.037536,0.037508,-1
[INFO ] 434999	Whole:0.026150,0.022557,0.041286,0.070466,0.591242,0.028165,0.047376,0.072337,-1
[INFO ] 434999	Cold:0.013279,0.011472,0.039720,0.070744,0.555377,0.023974,0.039127,0.038284,-1
[INFO ] 437999	Whole:0.026878,0.022686,0.041877,0.069854,0.590335,0.027749,0.046911,0.071602,-1
[INFO ] 437999	Cold:0.012739,0.011015,0.038772,0.067983,0.553014,0.022612,0.037274,0.036099,-1




[INFO ] Training: ...research/ssh/yelp/train0.2_folder_1, Testing:: .../research/ssh/yelp/test0.2_folder_1.
[DEBUG] User amount: 16821, item amount: 14476
[DEBUG] Rate amount: 196088, scales: {1.0}
[DEBUG] User amount: 16821, item amount: 14476
[DEBUG] Rate amount: 48428, scales: {1.0}
[INFO ] AsyWalkRanker: 30,5.0E-4,0.35,0.35,100,1600,1,200,0.12,8
[INFO ] 1/1
[INFO ] 1/1
[INFO ] 1/1
[INFO ] 1/1
[INFO ] 1/1
[INFO ] 152999	Whole:0.022573,0.018699,0.034832,0.055908,0.576175,0.022288,0.038043,0.059790,-1
[INFO ] 152999	Cold:0.009867,0.008262,0.030596,0.050786,0.539339,0.018068,0.028789,0.028016,-1
[INFO ] 155999	Whole:0.022391,0.018730,0.033869,0.055832,0.576440,0.022478,0.038195,0.060470,-1
[INFO ] 155999	Cold:0.009765,0.008262,0.030619,0.050397,0.539423,0.018372,0.028925,0.028381,-1
[INFO ] 1/1
[INFO ] 158999	Whole:0.022542,0.019048,0.034434,0.056684,0.577385,0.023244,0.039075,0.061869,-1
[INFO ] 158999	Cold:0.009968,0.008599,0.030732,0.052004,0.541111,0.019347,0.030140,0.029464,-1
[INFO ] 161999	Whole:0.022952,0.019162,0.034759,0.057286,0.577689,0.023094,0.039048,0.061072,-1
[INFO ] 161999	Cold:0.010103,0.008599,0.030681,0.052568,0.541027,0.018946,0.029987,0.029307,-1
[INFO ] 164999	Whole:0.023164,0.019139,0.035332,0.057591,0.578256,0.023171,0.039354,0.062189,-1
[INFO ] 164999	Cold:0.010272,0.008650,0.031140,0.052733,0.541449,0.018960,0.030035,0.029218,-1
[INFO ] 167999	Whole:0.023088,0.019442,0.035402,0.058001,0.578937,0.023502,0.039670,0.061765,-1
[INFO ] 167999	Cold:0.010204,0.008785,0.031154,0.053638,0.542039,0.019055,0.030295,0.029169,-1
[INFO ] 170999	Whole:0.023497,0.019313,0.035966,0.058190,0.579090,0.024079,0.040247,0.063226,-1
[INFO ] 170999	Cold:0.010576,0.008988,0.032137,0.054702,0.543052,0.020237,0.031626,0.031184,-1
[INFO ] 173999	Whole:0.023285,0.019685,0.035502,0.059248,0.579733,0.023765,0.040205,0.062089,-1
[INFO ] 173999	Cold:0.010407,0.008802,0.031710,0.053245,0.542208,0.019071,0.030363,0.029674,-1
[INFO ] 176999	Whole:0.023831,0.019495,0.036866,0.058711,0.579771,0.023899,0.040290,0.063114,-1
[INFO ] 176999	Cold:0.010576,0.008802,0.032582,0.053765,0.542040,0.019533,0.030804,0.030157,-1
[INFO ] 179999	Whole:0.023785,0.019760,0.036107,0.059307,0.580300,0.024152,0.040689,0.064476,-1
[INFO ] 179999	Cold:0.010373,0.008904,0.031602,0.054673,0.542799,0.019915,0.031273,0.030490,-1
[INFO ] 182999	Whole:0.024225,0.019973,0.037664,0.060655,0.581778,0.025140,0.041978,0.066206,-1
[INFO ] 182999	Cold:0.011218,0.009123,0.034567,0.056051,0.543898,0.020359,0.032080,0.031195,-1
[INFO ] 185999	Whole:0.023952,0.019829,0.036823,0.060409,0.580832,0.024437,0.041183,0.064438,-1
[INFO ] 185999	Cold:0.010509,0.009275,0.033487,0.057154,0.544571,0.020028,0.032000,0.030640,-1
[INFO ] 314999	Whole:0.025498,0.021276,0.040464,0.066046,0.586965,0.027201,0.045303,0.070509,-1
[INFO ] 314999	Cold:0.012468,0.010593,0.038584,0.065020,0.551157,0.024040,0.037554,0.037213,-1
[INFO ] 317999	Whole:0.024619,0.020814,0.038663,0.064793,0.585148,0.026411,0.044077,0.067525,-1
[INFO ] 317999	Cold:0.012063,0.010289,0.037049,0.062883,0.549299,0.023506,0.036487,0.036004,-1
[INFO ] 320999	Whole:0.025225,0.021193,0.040021,0.066439,0.586814,0.026823,0.044884,0.068567,-1
[INFO ] 320999	Cold:0.012536,0.010711,0.038851,0.065414,0.551578,0.024079,0.037560,0.036205,-1
[INFO ] 323999	Whole:0.025316,0.021193,0.040082,0.066853,0.586662,0.027002,0.045137,0.069138,-1
[INFO ] 323999	Cold:0.012502,0.010762,0.039282,0.066456,0.551832,0.024300,0.038027,0.036922,-1
[INFO ] 326999	Whole:0.025377,0.021079,0.040041,0.066719,0.586171,0.026496,0.044644,0.068177,-1
[INFO ] 326999	Cold:0.012367,0.010728,0.038185,0.066836,0.551578,0.023429,0.037373,0.036009,-1
[INFO ] 329999	Whole:0.025119,0.021276,0.039705,0.066817,0.586435,0.026962,0.045077,0.068546,-1
[INFO ] 329999	Cold:0.012367,0.010492,0.038260,0.065110,0.550313,0.023887,0.037262,0.036101,-1
[INFO ] 332999	Whole:0.025028,0.021436,0.039658,0.066310,0.586700,0.026762,0.044805,0.067586,-1
[INFO ] 332999	Cold:0.012266,0.010745,0.038020,0.066256,0.551494,0.024216,0.037844,0.036386,-1
[INFO ] 335999	Whole:0.025195,0.021337,0.040330,0.066289,0.586853,0.026934,0.044976,0.068913,-1
[INFO ] 335999	Cold:0.012299,0.010796,0.039461,0.066394,0.551831,0.024198,0.037878,0.036308,-1
[INFO ] 338999	Whole:0.025332,0.021132,0.040171,0.065360,0.585640,0.026087,0.043996,0.067205,-1
[INFO ] 338999	Cold:0.012705,0.010525,0.039179,0.063457,0.550059,0.023079,0.036391,0.035414,-1
[INFO ] 341999	Whole:0.025498,0.021276,0.040035,0.066598,0.586435,0.026770,0.044792,0.067842,-1
[INFO ] 341999	Cold:0.012232,0.010728,0.037653,0.066112,0.551493,0.023703,0.037297,0.035504,-1
[INFO ] 1/1
[INFO ] 344999	Whole:0.025044,0.021436,0.040116,0.067743,0.587836,0.026751,0.045246,0.068928,-1
[INFO ] 344999	Cold:0.012536,0.010830,0.039446,0.066657,0.552000,0.023376,0.037339,0.035789,-1
[INFO ] 347999	Whole:0.024983,0.021208,0.039707,0.066457,0.586547,0.026714,0.044625,0.067377,-1
[INFO ] 347999	Cold:0.011995,0.010356,0.037459,0.064085,0.549468,0.023810,0.036846,0.035620,-1
[INFO ] 350999	Whole:0.025574,0.021352,0.041011,0.067135,0.587078,0.026848,0.045116,0.068800,-1
[INFO ] 350999	Cold:0.012536,0.010728,0.039430,0.066577,0.551409,0.023858,0.037608,0.036008,-1
[INFO ] 353999	Whole:0.025089,0.020905,0.039511,0.065592,0.585262,0.026459,0.044320,0.067561,-1
[INFO ] 353999	Cold:0.012435,0.010509,0.038187,0.065448,0.550566,0.024018,0.037448,0.036452,-1
[INFO ] 356999	Whole:0.025514,0.021337,0.040480,0.066495,0.586397,0.027327,0.045290,0.069174,-1
[INFO ] 356999	Cold:0.012435,0.010694,0.039044,0.066104,0.550904,0.024923,0.038382,0.037593,-1
[INFO ] 359999	Whole:0.024574,0.020882,0.039107,0.065894,0.585300,0.026375,0.044233,0.066713,-1
[INFO ] 359999	Cold:0.012333,0.010711,0.037335,0.066004,0.551746,0.023331,0.037106,0.035765,-1
[INFO ] 362999	Whole:0.025438,0.021034,0.040073,0.065949,0.586588,0.026902,0.044855,0.069180,-1
[INFO ] 362999	Cold:0.012536,0.010340,0.038848,0.064001,0.549722,0.023719,0.036860,0.035844,-1
[INFO ] 365999	Whole:0.025271,0.021102,0.039995,0.064908,0.585375,0.025998,0.043794,0.066770,-1
[INFO ] 365999	Cold:0.012975,0.010340,0.040315,0.063547,0.549469,0.023449,0.036618,0.035802,-1
[INFO ] 368999	Whole:0.025817,0.021489,0.041298,0.065849,0.587039,0.026590,0.044661,0.068507,-1
[INFO ] 368999	Cold:0.012941,0.010390,0.040476,0.063505,0.549721,0.023269,0.036394,0.035175,-1
[INFO ] 371999	Whole:0.025286,0.021329,0.039840,0.066750,0.587079,0.026832,0.045081,0.069479,-1
[INFO ] 371999	Cold:0.012570,0.010525,0.039369,0.065559,0.550482,0.024082,0.037614,0.036690,-1
[INFO ] 374999	Whole:0.025028,0.021367,0.039247,0.067373,0.587154,0.026747,0.045029,0.068833,-1
[INFO ] 374999	Cold:0.012198,0.010863,0.037837,0.067799,0.552338,0.024007,0.037987,0.036101,-1
[INFO ] 1/1
[INFO ] 377999	Whole:0.025059,0.021117,0.039990,0.065796,0.585375,0.026596,0.044462,0.067958,-1
[INFO ] 377999	Cold:0.013009,0.010221,0.039880,0.063713,0.548625,0.023905,0.036952,0.036421,-1
[INFO ] 380999	Whole:0.025044,0.021064,0.038954,0.065433,0.585527,0.026997,0.044791,0.069588,-1
[INFO ] 380999	Cold:0.011793,0.010525,0.036892,0.065229,0.550650,0.024224,0.037618,0.037061,-1
[INFO ] 383999	Whole:0.025574,0.021314,0.040652,0.066043,0.586019,0.026746,0.044769,0.068141,-1
[INFO ] 383999	Cold:0.012637,0.010458,0.038965,0.064659,0.550060,0.023823,0.037263,0.036748,-1
[INFO ] 386999	Whole:0.025119,0.020708,0.040539,0.064792,0.584922,0.026491,0.044182,0.068121,-1
[INFO ] 386999	Cold:0.012435,0.010441,0.039370,0.064630,0.550228,0.023474,0.036856,0.035587,-1
[INFO ] 389999	Whole:0.025347,0.021527,0.040708,0.066778,0.587268,0.026953,0.045193,0.069004,-1
[INFO ] 389999	Cold:0.013144,0.010576,0.040343,0.065466,0.550482,0.024003,0.037502,0.036408,-1
[INFO ] 392999	Whole:0.025104,0.021216,0.040108,0.065876,0.586548,0.026401,0.044497,0.068494,-1
[INFO ] 392999	Cold:0.012739,0.010475,0.039386,0.064327,0.550313,0.023207,0.036646,0.035634,-1
[INFO ] 395999	Whole:0.024847,0.021489,0.039556,0.066592,0.587077,0.026206,0.044377,0.067160,-1
[INFO ] 395999	Cold:0.012705,0.010711,0.038804,0.065069,0.551325,0.023076,0.036705,0.035133,-1
[INFO ] 398999	Whole:0.024937,0.021041,0.039591,0.065117,0.584996,0.026307,0.044029,0.066965,-1
[INFO ] 398999	Cold:0.012637,0.010356,0.039417,0.064430,0.549638,0.023842,0.036982,0.035757,-1
[INFO ] 401999	Whole:0.024316,0.021057,0.038397,0.065859,0.585865,0.025675,0.043610,0.066018,-1
[INFO ] 401999	Cold:0.011894,0.010593,0.036801,0.064820,0.550480,0.023041,0.036531,0.035206,-1
[INFO ] 404999	Whole:0.024498,0.020799,0.038992,0.063986,0.584958,0.025968,0.043465,0.066199,-1
[INFO ] 404999	Cold:0.012299,0.010373,0.038436,0.062770,0.549553,0.023125,0.036223,0.035423,-1
[INFO ] 1/1
[INFO ] 407999	Whole:0.024771,0.021216,0.038615,0.065643,0.586169,0.026507,0.044408,0.068161,-1
[INFO ] 407999	Cold:0.012435,0.010745,0.037843,0.065441,0.551240,0.023683,0.037293,0.036246,-1
[INFO ] 410999	Whole:0.024862,0.021269,0.038770,0.065822,0.586093,0.026133,0.044126,0.067438,-1
[INFO ] 410999	Cold:0.012130,0.010644,0.036663,0.065009,0.550734,0.022938,0.036498,0.034818,-1
[INFO ] 413999	Whole:0.025013,0.021095,0.039463,0.066164,0.586169,0.026694,0.044615,0.068196,-1
[INFO ] 413999	Cold:0.012468,0.010677,0.038185,0.066112,0.550987,0.024391,0.037946,0.037178,-1
[INFO ] 416999	Whole:0.025241,0.021527,0.040316,0.066520,0.586812,0.027009,0.044979,0.068083,-1
[INFO ] 416999	Cold:0.012603,0.010661,0.039314,0.065822,0.551156,0.023979,0.037504,0.036197,-1
[INFO ] 419999	Whole:0.024816,0.020784,0.040085,0.064606,0.584807,0.026415,0.043943,0.067181,-1
[INFO ] 419999	Cold:0.012840,0.010424,0.039147,0.063950,0.549722,0.023606,0.036792,0.035632,-1
[INFO ] 422999	Whole:0.024468,0.021072,0.038872,0.065788,0.585829,0.026166,0.044133,0.067292,-1
[INFO ] 422999	Cold:0.012198,0.010509,0.037422,0.064719,0.550312,0.023412,0.036784,0.035411,-1
[INFO ] 425999	Whole:0.025332,0.021208,0.039976,0.065938,0.586056,0.026342,0.044353,0.067018,-1
[INFO ] 425999	Cold:0.012806,0.010610,0.038954,0.064838,0.550566,0.023301,0.036815,0.035566,-1
[INFO ] 428999	Whole:0.025514,0.021527,0.041626,0.067277,0.587079,0.027006,0.045327,0.068836,-1
[INFO ] 428999	Cold:0.013245,0.010914,0.041104,0.067402,0.552254,0.024450,0.038392,0.037188,-1
[INFO ] 431999	Whole:0.025362,0.021708,0.040402,0.067315,0.587722,0.026602,0.044996,0.068399,-1
[INFO ] 431999	Cold:0.012739,0.010745,0.038941,0.066022,0.551579,0.024156,0.037947,0.037703,-1
[INFO ] 434999	Whole:0.025271,0.021163,0.040770,0.066630,0.585793,0.026716,0.044748,0.067908,-1
[INFO ] 434999	Cold:0.012908,0.010830,0.039697,0.066722,0.552000,0.023756,0.037607,0.036034,-1
[INFO ] 437999	Whole:0.024740,0.020966,0.038763,0.065455,0.585564,0.026197,0.044085,0.067255,-1
[INFO ] 437999	Cold:0.012232,0.010576,0.037197,0.064899,0.550649,0.023587,0.037005,0.035866,-1
[INFO ] 1/1
[INFO ] 440999	Whole:0.025150,0.021057,0.040125,0.066090,0.585716,0.026530,0.044569,0.067953,-1
[INFO ] 440999	Cold:0.012739,0.010644,0.039172,0.065586,0.550819,0.023643,0.037241,0.035914,-1
[INFO ] 443999	Whole:0.024862,0.021383,0.039101,0.066488,0.586397,0.026669,0.044662,0.067359,-1
[INFO ] 443999	Cold:0.012198,0.010694,0.037230,0.066777,0.551577,0.023665,0.037398,0.035739,-1
[INFO ] 446999	Whole:0.024862,0.021390,0.040038,0.066307,0.586472,0.027007,0.045085,0.069184,-1
[INFO ] 446999	Cold:0.012333,0.010728,0.038308,0.065603,0.551578,0.024468,0.037989,0.037594,-1
[INFO ] 449999	Whole:0.025013,0.021072,0.039990,0.065005,0.585602,0.026684,0.044375,0.068267,-1
[INFO ] 449999	Cold:0.012570,0.010373,0.038972,0.064216,0.549890,0.023331,0.036620,0.035542,-1








