[INFO ] Training: ...ssh/lastfm-hetrec/train0.2_folder_1, Testing:: .../ssh/lastfm-hetrec/test0.2_folder_1.
[DEBUG] User amount: 1752, item amount: 5992
[DEBUG] Rate amount: 48029, scales: {1.0}
[DEBUG] User amount: 1752, item amount: 5992
[DEBUG] Rate amount: 11796, scales: {1.0}
[INFO ] AsyWalkRanker: 30,3.5E-4,0.5,0.5,100,1,100,0.42,10
[INFO ] 1/1
[INFO ] 1/1
[INFO ] 1/1
[INFO ] 1/1
[INFO ] 1/1
[INFO ] 1/1
[INFO ] 1/1
[INFO ] 50999	Whole:0.094060,0.073393,0.079204,0.119447,0.701743,0.072354,0.101713,0.219446,-1
[INFO ] 50999	Cold:0.030372,0.022063,0.106543,0.152006,0.598725,0.067351,0.093564,0.090735,-1
[INFO ] 51999	Whole:0.094223,0.073230,0.079277,0.119691,0.700945,0.073539,0.102804,0.221599,-1
[INFO ] 51999	Cold:0.030372,0.021777,0.106543,0.147708,0.597299,0.066081,0.091932,0.089879,-1
[INFO ] 52999	Whole:0.094874,0.072986,0.079650,0.118206,0.700532,0.072367,0.101596,0.220746,-1
[INFO ] 52999	Cold:0.030946,0.022350,0.107498,0.153438,0.601587,0.068323,0.094900,0.092056,-1
[INFO ] 53999	Whole:0.095688,0.075590,0.081883,0.126036,0.706600,0.075015,0.105923,0.223506,-1
[INFO ] 53999	Cold:0.032665,0.024069,0.115138,0.165138,0.608732,0.072414,0.101066,0.098292,-1
[INFO ] 1/1
[INFO ] 54999	Whole:0.095037,0.074695,0.081015,0.124165,0.704984,0.073616,0.104220,0.220898,-1
[INFO ] 54999	Cold:0.032665,0.024069,0.112751,0.165616,0.608736,0.072414,0.101292,0.098629,-1
[INFO ] 55999	Whole:0.095850,0.074532,0.082985,0.125479,0.704985,0.074266,0.104762,0.219919,-1
[INFO ] 55999	Cold:0.033811,0.023782,0.116571,0.164518,0.608738,0.073374,0.101947,0.100563,-1
[INFO ] 56999	Whole:0.096827,0.077299,0.081644,0.127232,0.706209,0.076389,0.106769,0.225738,-1
[INFO ] 56999	Cold:0.032665,0.024355,0.110840,0.168625,0.608733,0.070132,0.099778,0.094051,-1
[INFO ] 57999	Whole:0.095850,0.076892,0.082329,0.127148,0.704998,0.077031,0.107233,0.226336,-1
[INFO ] 57999	Cold:0.032665,0.024642,0.110840,0.169198,0.608735,0.073374,0.102232,0.096303,-1
[INFO ] 58999	Whole:0.097640,0.077299,0.083039,0.127573,0.707014,0.076015,0.106763,0.225974,-1
[INFO ] 58999	Cold:0.032665,0.024642,0.110840,0.169198,0.608733,0.071145,0.101131,0.097430,-1
[INFO ] 59999	Whole:0.097966,0.077299,0.085752,0.127656,0.706611,0.078281,0.108833,0.231482,-1
[INFO ] 59999	Cold:0.033811,0.023782,0.117049,0.168243,0.608740,0.073080,0.102488,0.101355,-1
[INFO ] 60999	Whole:0.098129,0.077299,0.085218,0.126969,0.707420,0.078741,0.109303,0.233273,-1
[INFO ] 60999	Cold:0.033811,0.023209,0.117049,0.163945,0.605884,0.072984,0.101504,0.101828,-1
[INFO ] 1/1
[INFO ] 61999	Whole:0.099430,0.078112,0.085835,0.129946,0.709048,0.078069,0.109261,0.232616,-1
[INFO ] 61999	Cold:0.033811,0.024069,0.116571,0.169198,0.608739,0.072150,0.101308,0.095334,-1
[INFO ] 62999	Whole:0.101871,0.078682,0.089491,0.132234,0.710275,0.078356,0.109725,0.229051,-1
[INFO ] 62999	Cold:0.034384,0.025501,0.118004,0.174928,0.613024,0.071052,0.102061,0.094330,-1
[INFO ] 63999	Whole:0.101221,0.079089,0.089281,0.134096,0.711490,0.078408,0.110240,0.229237,-1
[INFO ] 63999	Cold:0.034957,0.025788,0.118959,0.177794,0.614456,0.070947,0.102734,0.094758,-1
[INFO ] 64999	Whole:0.102360,0.079251,0.088465,0.134990,0.711890,0.078245,0.110480,0.228841,-1
[INFO ] 64999	Cold:0.035530,0.025788,0.119914,0.175883,0.613026,0.071699,0.103041,0.096447,-1
[INFO ] 65999	Whole:0.101546,0.081530,0.089066,0.136325,0.711876,0.080967,0.112669,0.232046,-1
[INFO ] 65999	Cold:0.036103,0.026361,0.123734,0.183620,0.613034,0.078278,0.109535,0.102202,-1
[INFO ] 66999	Whole:0.101221,0.080472,0.088548,0.135481,0.711068,0.080401,0.112123,0.231716,-1
[INFO ] 66999	Cold:0.034384,0.026648,0.118004,0.186485,0.614459,0.076803,0.109014,0.101117,-1
[INFO ] 67999	Whole:0.101546,0.081286,0.088814,0.134875,0.711068,0.080543,0.112010,0.233369,-1
[INFO ] 67999	Cold:0.035530,0.027221,0.121824,0.190306,0.617318,0.078773,0.111753,0.104989,-1
[INFO ] 68999	Whole:0.101058,0.081448,0.084848,0.136010,0.711499,0.081756,0.113324,0.233657,-1
[INFO ] 68999	Cold:0.033238,0.026074,0.114661,0.182665,0.614457,0.077410,0.108969,0.104248,-1
[INFO ] 1/1
[INFO ] 69999	Whole:0.102034,0.081367,0.088792,0.140152,0.714735,0.082193,0.114421,0.233678,-1
[INFO ] 69999	Cold:0.033238,0.026361,0.114661,0.184097,0.615889,0.078250,0.110010,0.104270,-1
[INFO ] 70999	Whole:0.102522,0.080635,0.085913,0.138541,0.713537,0.081845,0.113867,0.232914,-1
[INFO ] 70999	Cold:0.032092,0.026074,0.108930,0.180659,0.614455,0.076627,0.107746,0.102196,-1
[INFO ] 71999	Whole:0.102034,0.082343,0.087880,0.138945,0.713520,0.082042,0.114228,0.232195,-1
[INFO ] 71999	Cold:0.034384,0.026934,0.118481,0.186867,0.615889,0.077403,0.109643,0.100832,-1
[INFO ] 72999	Whole:0.102360,0.082343,0.088649,0.138584,0.713121,0.082133,0.114253,0.232656,-1
[INFO ] 72999	Cold:0.032092,0.026361,0.112273,0.186390,0.615886,0.075026,0.107409,0.097943,-1
[INFO ] 73999	Whole:0.102685,0.081448,0.087546,0.137172,0.712709,0.081115,0.112979,0.229551,-1
[INFO ] 73999	Cold:0.034384,0.026648,0.118004,0.185435,0.615888,0.075744,0.107858,0.098549,-1
[INFO ] 74999	Whole:0.102848,0.081123,0.089037,0.135902,0.715132,0.083285,0.115220,0.240801,-1
[INFO ] 74999	Cold:0.033811,0.026074,0.117526,0.184575,0.613033,0.080834,0.111771,0.107133,-1
[INFO ] 75999	Whole:0.102197,0.080879,0.088694,0.135246,0.714732,0.083445,0.115403,0.241024,-1
[INFO ] 75999	Cold:0.034384,0.025788,0.118481,0.180181,0.611609,0.079386,0.109997,0.106349,-1
[INFO ] 76999	Whole:0.102360,0.080797,0.087736,0.135042,0.713924,0.083125,0.114918,0.239835,-1
[INFO ] 76999	Cold:0.033811,0.025501,0.115616,0.178367,0.613036,0.078980,0.109462,0.106835,-1
[INFO ] 1/1
[INFO ] 77999	Whole:0.101546,0.082343,0.087633,0.132983,0.715114,0.080150,0.111975,0.234224,-1
[INFO ] 77999	Cold:0.034957,0.025215,0.118959,0.171681,0.608739,0.073115,0.103105,0.097728,-1
[INFO ] 78999	Whole:0.102197,0.082425,0.088862,0.132812,0.715924,0.080636,0.112391,0.235246,-1
[INFO ] 78999	Cold:0.034957,0.024928,0.119436,0.171203,0.607312,0.073306,0.103098,0.098028,-1
[INFO ] 79999	Whole:0.101709,0.082506,0.089038,0.134016,0.715521,0.081226,0.113287,0.235624,-1
[INFO ] 79999	Cold:0.036103,0.024642,0.123257,0.168338,0.605887,0.074118,0.103231,0.099262,-1
[INFO ] 80999	Whole:0.106428,0.082018,0.091758,0.138046,0.717153,0.082648,0.115236,0.238224,-1
[INFO ] 80999	Cold:0.035530,0.026361,0.118959,0.185339,0.614464,0.079073,0.110959,0.106118,-1
[INFO ] 81999	Whole:0.105452,0.082506,0.090669,0.137108,0.718364,0.082909,0.115449,0.238939,-1
[INFO ] 81999	Cold:0.034384,0.024928,0.116094,0.174928,0.608751,0.078663,0.108014,0.104530,-1
[INFO ] 82999	Whole:0.105614,0.082832,0.090025,0.137991,0.717958,0.083243,0.115729,0.238078,-1
[INFO ] 82999	Cold:0.034384,0.026074,0.116571,0.179322,0.611603,0.080407,0.110703,0.107471,-1
[INFO ] 83999	Whole:0.106265,0.082832,0.092322,0.142974,0.715948,0.084822,0.117420,0.239735,-1
[INFO ] 83999	Cold:0.035530,0.027507,0.120392,0.193649,0.617315,0.080354,0.113344,0.105971,-1
[INFO ] 84999	Whole:0.105614,0.082669,0.090995,0.142196,0.715944,0.085592,0.117955,0.241635,-1
[INFO ] 84999	Cold:0.034957,0.028080,0.119436,0.196036,0.618744,0.081578,0.114877,0.107080,-1
[INFO ] 1/1
[INFO ] 85999	Whole:0.105452,0.082913,0.089771,0.138721,0.713524,0.084615,0.116217,0.238052,-1
[INFO ] 85999	Cold:0.032665,0.026074,0.110936,0.182092,0.611607,0.080244,0.110861,0.106378,-1
[INFO ] 86999	Whole:0.107242,0.084459,0.091570,0.142147,0.717981,0.085924,0.118336,0.242838,-1
[INFO ] 86999	Cold:0.032665,0.026934,0.113228,0.187345,0.615887,0.079075,0.111163,0.105043,-1
[INFO ] 87999	Whole:0.107893,0.083727,0.092166,0.138965,0.715957,0.085284,0.117321,0.244134,-1
[INFO ] 87999	Cold:0.032665,0.026361,0.110363,0.183524,0.613032,0.077267,0.108985,0.103556,-1
[INFO ] 88999	Whole:0.106916,0.085110,0.090494,0.144688,0.719997,0.086145,0.119485,0.244691,-1
[INFO ] 88999	Cold:0.031519,0.027507,0.106065,0.191261,0.617317,0.081680,0.114128,0.108350,-1
[INFO ] 89999	Whole:0.105614,0.083238,0.089574,0.136279,0.716753,0.084479,0.115750,0.240911,-1
[INFO ] 89999	Cold:0.035530,0.024928,0.119914,0.167861,0.605888,0.077783,0.105972,0.103188,-1
[INFO ] 90999	Whole:0.105126,0.083401,0.089202,0.136230,0.716753,0.083239,0.114706,0.238562,-1
[INFO ] 90999	Cold:0.034957,0.024355,0.117049,0.162130,0.603029,0.072339,0.100459,0.096412,-1
[INFO ] 91999	Whole:0.105940,0.082832,0.088600,0.133269,0.715130,0.081530,0.112409,0.233703,-1
[INFO ] 91999	Cold:0.034957,0.024642,0.117049,0.164995,0.604459,0.069615,0.098580,0.089124,-1
[INFO ] 1/1
[INFO ] 92999	Whole:0.106265,0.085273,0.092612,0.141439,0.719185,0.085501,0.117868,0.242853,-1
[INFO ] 92999	Cold:0.034384,0.026361,0.120392,0.184479,0.611604,0.078810,0.110007,0.102219,-1
[INFO ] 93999	Whole:0.107079,0.085273,0.094834,0.140953,0.719185,0.086019,0.118241,0.244667,-1
[INFO ] 93999	Cold:0.034384,0.026074,0.118481,0.181614,0.610175,0.077893,0.108686,0.101293,-1
[INFO ] 94999	Whole:0.105777,0.084540,0.092703,0.139648,0.718781,0.085506,0.117570,0.242913,-1
[INFO ] 94999	Cold:0.034957,0.026361,0.119914,0.184479,0.611608,0.080991,0.111746,0.104714,-1
[INFO ] 95999	Whole:0.104638,0.084622,0.092564,0.141743,0.717552,0.084761,0.117476,0.241396,-1
[INFO ] 95999	Cold:0.036676,0.025788,0.124212,0.182569,0.608748,0.074294,0.105512,0.094653,-1
[INFO ] 96999	Whole:0.104312,0.084459,0.091189,0.141043,0.716742,0.084540,0.116959,0.241090,-1
[INFO ] 96999	Cold:0.036103,0.026074,0.121347,0.185435,0.610175,0.074877,0.106672,0.096327,-1
[INFO ] 97999	Whole:0.104312,0.084052,0.090759,0.142747,0.717958,0.083290,0.116358,0.238192,-1
[INFO ] 97999	Cold:0.036103,0.026934,0.121347,0.191165,0.614462,0.074970,0.108045,0.095654,-1
[INFO ] 98999	Whole:0.105289,0.085598,0.090863,0.142741,0.719989,0.086479,0.119278,0.245152,-1
[INFO ] 98999	Cold:0.034957,0.026934,0.121442,0.185053,0.613035,0.084192,0.114686,0.110297,-1
[INFO ] 99999	Whole:0.106103,0.085598,0.091284,0.142294,0.720388,0.086188,0.119141,0.245338,-1
[INFO ] 99999	Cold:0.033811,0.026648,0.116571,0.182187,0.611609,0.084267,0.114235,0.110722,-1
[INFO ] 1/1
[INFO ] 100999	Whole:0.107893,0.084947,0.092613,0.139264,0.718775,0.085424,0.117717,0.243208,-1
[INFO ] 100999	Cold:0.034957,0.026074,0.117526,0.177412,0.608745,0.080651,0.110157,0.106080,-1
[INFO ] 101999	Whole:0.105777,0.085517,0.089462,0.139994,0.721189,0.084760,0.116781,0.236447,-1
[INFO ] 101999	Cold:0.034384,0.026074,0.114661,0.178032,0.610177,0.079164,0.109022,0.103320,-1
[INFO ] 102999	Whole:0.105452,0.085679,0.090071,0.139191,0.720784,0.085000,0.116920,0.238595,-1
[INFO ] 102999	Cold:0.034384,0.025788,0.116094,0.175167,0.608750,0.080449,0.109584,0.106084,-1
[INFO ] 103999	Whole:0.106916,0.085598,0.090910,0.141687,0.722417,0.085743,0.118192,0.239788,-1
[INFO ] 103999	Cold:0.034957,0.026361,0.117049,0.181614,0.611606,0.079222,0.110001,0.104691,-1
[INFO ] 104999	Whole:0.104312,0.085028,0.091744,0.136801,0.719564,0.083992,0.115788,0.236097,-1
[INFO ] 104999	Cold:0.034384,0.026074,0.120392,0.175883,0.608743,0.076714,0.106250,0.097493,-1
[INFO ] 105999	Whole:0.103499,0.085110,0.089893,0.139618,0.721196,0.084788,0.117156,0.237809,-1
[INFO ] 105999	Cold:0.032665,0.025788,0.111796,0.175883,0.610170,0.076991,0.106471,0.098298,-1
[INFO ] 106999	Whole:0.104638,0.084622,0.090559,0.137943,0.720377,0.084259,0.116648,0.239444,-1
[INFO ] 106999	Cold:0.033238,0.026934,0.114661,0.182665,0.613027,0.079265,0.110024,0.101745,-1
[INFO ] 107999	Whole:0.106428,0.085354,0.093464,0.143165,0.726049,0.085075,0.118768,0.243430,-1
[INFO ] 107999	Cold:0.034957,0.026934,0.117049,0.186485,0.614456,0.079575,0.110767,0.102115,-1
[INFO ] 1/1
[INFO ] 108999	Whole:0.106265,0.086574,0.092522,0.144041,0.726053,0.084940,0.118779,0.243818,-1
[INFO ] 108999	Cold:0.034957,0.026934,0.117049,0.185053,0.614460,0.078770,0.110337,0.103193,-1
[INFO ] 109999	Whole:0.106265,0.086574,0.092594,0.143515,0.725648,0.084773,0.118653,0.244548,-1
[INFO ] 109999	Cold:0.034384,0.026934,0.114183,0.183142,0.614456,0.078117,0.109418,0.102696,-1
[INFO ] 110999	Whole:0.107567,0.086819,0.090978,0.143097,0.723625,0.084872,0.118296,0.242794,-1
[INFO ] 110999	Cold:0.033238,0.027507,0.110840,0.188061,0.615883,0.079097,0.111182,0.103090,-1
[INFO ] 111999	Whole:0.108381,0.086086,0.092266,0.142523,0.722821,0.085091,0.118387,0.243394,-1
[INFO ] 111999	Cold:0.033238,0.026648,0.109885,0.183524,0.611604,0.080165,0.110937,0.104482,-1
[INFO ] 112999	Whole:0.107079,0.086086,0.091068,0.143542,0.722821,0.084486,0.117953,0.242408,-1
[INFO ] 112999	Cold:0.033811,0.026934,0.112751,0.187345,0.614461,0.080608,0.112201,0.105772,-1
[INFO ] 113999	Whole:0.108706,0.087144,0.094443,0.144030,0.726056,0.085649,0.119940,0.245100,-1
[INFO ] 113999	Cold:0.034957,0.027507,0.123734,0.189112,0.617316,0.080076,0.112284,0.104471,-1
[INFO ] 114999	Whole:0.108869,0.087144,0.094261,0.145598,0.724450,0.086201,0.120511,0.244680,-1
[INFO ] 114999	Cold:0.036103,0.027221,0.124212,0.185769,0.617320,0.079851,0.111726,0.105452,-1
[INFO ] 115999	Whole:0.108706,0.086981,0.096785,0.143863,0.723635,0.086608,0.120583,0.246863,-1
[INFO ] 115999	Cold:0.036103,0.027794,0.124212,0.190067,0.618746,0.082124,0.114448,0.108406,-1
[INFO ] 1/1
[INFO ] 116999	Whole:0.112449,0.087632,0.098190,0.144884,0.724456,0.087471,0.120934,0.249040,-1
[INFO ] 116999	Cold:0.038395,0.028080,0.129943,0.190067,0.620176,0.081547,0.114102,0.107440,-1
[INFO ] 117999	Whole:0.111473,0.088120,0.097255,0.145516,0.724861,0.087841,0.121372,0.248265,-1
[INFO ] 117999	Cold:0.037249,0.027507,0.125645,0.184336,0.617319,0.081095,0.112705,0.108299,-1
[INFO ] 118999	Whole:0.112612,0.087876,0.096091,0.146426,0.725673,0.087255,0.121495,0.248072,-1
[INFO ] 118999	Cold:0.036676,0.027794,0.124212,0.187202,0.618744,0.077463,0.110509,0.103976,-1
[INFO ] 119999	Whole:0.112124,0.086900,0.095830,0.144873,0.726885,0.085275,0.119562,0.245138,-1
[INFO ] 119999	Cold:0.035530,0.027221,0.122779,0.182904,0.614459,0.079230,0.110536,0.103949,-1
[INFO ] 120999	Whole:0.111147,0.086412,0.093406,0.140587,0.724044,0.084580,0.117936,0.243729,-1
[INFO ] 120999	Cold:0.035530,0.026648,0.120392,0.177173,0.611601,0.078287,0.108525,0.103068,-1
[INFO ] 121999	Whole:0.110334,0.086412,0.094425,0.140026,0.723232,0.085374,0.118398,0.246025,-1
[INFO ] 121999	Cold:0.035530,0.026934,0.118481,0.181471,0.613033,0.081438,0.111654,0.105950,-1
[INFO ] 122999	Whole:0.110171,0.088853,0.093940,0.145195,0.724852,0.086476,0.120095,0.242899,-1
[INFO ] 122999	Cold:0.034957,0.027507,0.115616,0.186724,0.615893,0.080498,0.112343,0.105419,-1
[INFO ] 1/1
[INFO ] 123999	Whole:0.108544,0.088283,0.094213,0.143857,0.724031,0.087983,0.121494,0.248197,-1
[INFO ] 123999	Cold:0.036103,0.027221,0.121347,0.183286,0.617326,0.083884,0.114422,0.109576,-1
[INFO ] 124999	Whole:0.109357,0.088365,0.094904,0.142704,0.723233,0.087925,0.121312,0.247918,-1
[INFO ] 124999	Cold:0.036676,0.027794,0.120392,0.187106,0.618753,0.083867,0.115532,0.111573,-1
[INFO ] 125999	Whole:0.109194,0.087876,0.094131,0.144619,0.726464,0.086194,0.120210,0.245211,-1
[INFO ] 125999	Cold:0.036103,0.028080,0.122302,0.189494,0.617325,0.082557,0.114470,0.106107,-1
[INFO ] 126999	Whole:0.110008,0.087958,0.095130,0.144333,0.725251,0.085711,0.119716,0.243331,-1
[INFO ] 126999	Cold:0.037249,0.027794,0.126122,0.186246,0.617322,0.080518,0.112135,0.103118,-1
[INFO ] 127999	Whole:0.109032,0.088039,0.094606,0.142731,0.723631,0.086745,0.119960,0.243481,-1
[INFO ] 127999	Cold:0.035530,0.027507,0.117526,0.182904,0.614465,0.082279,0.112839,0.106376,-1
[INFO ] 128999	Whole:0.111147,0.089178,0.098484,0.147650,0.724852,0.089382,0.123672,0.249351,-1
[INFO ] 128999	Cold:0.036676,0.029226,0.122779,0.194460,0.621609,0.084853,0.118190,0.112369,-1
[INFO ] 129999	Whole:0.111310,0.089097,0.098431,0.147553,0.724448,0.089460,0.123477,0.249912,-1
[INFO ] 129999	Cold:0.037249,0.028940,0.124212,0.192073,0.621606,0.084195,0.116668,0.109212,-1
[INFO ] 130999	Whole:0.112449,0.089585,0.099735,0.147210,0.724446,0.089178,0.122885,0.246982,-1
[INFO ] 130999	Cold:0.037249,0.028653,0.125645,0.190640,0.620179,0.083908,0.115837,0.107263,-1
[INFO ] 1/1
[INFO ] 131999	Whole:0.111147,0.090073,0.096722,0.146457,0.728890,0.088888,0.123186,0.253356,-1
[INFO ] 131999	Cold:0.036676,0.027794,0.123734,0.183381,0.615893,0.082493,0.113318,0.106930,-1
[INFO ] 132999	Whole:0.110985,0.089829,0.096839,0.147409,0.729296,0.089252,0.123862,0.255250,-1
[INFO ] 132999	Cold:0.036103,0.028367,0.119436,0.189589,0.618750,0.081351,0.113812,0.106010,-1
[INFO ] 133999	Whole:0.112124,0.089422,0.096127,0.145679,0.728098,0.088823,0.123098,0.252730,-1
[INFO ] 133999	Cold:0.034957,0.027794,0.115616,0.187202,0.617322,0.083591,0.114748,0.108016,-1
[INFO ] 134999	Whole:0.110822,0.088446,0.095636,0.147768,0.726072,0.089483,0.123830,0.251964,-1
[INFO ] 134999	Cold:0.035530,0.028653,0.119436,0.191977,0.620178,0.084063,0.116382,0.107902,-1
[INFO ] 135999	Whole:0.111798,0.088365,0.096402,0.148060,0.725671,0.090133,0.124448,0.254969,-1
[INFO ] 135999	Cold:0.035530,0.029799,0.119436,0.198663,0.625890,0.083831,0.117861,0.108224,-1
[INFO ] 136999	Whole:0.110659,0.088283,0.094168,0.148856,0.726886,0.090350,0.124617,0.255565,-1
[INFO ] 136999	Cold:0.034957,0.029226,0.118004,0.194365,0.623030,0.084724,0.117660,0.110617,-1
[INFO ] 137999	Whole:0.112775,0.089585,0.100219,0.151835,0.729717,0.090514,0.125484,0.256267,-1
[INFO ] 137999	Cold:0.037822,0.029513,0.127077,0.203916,0.625896,0.086109,0.120689,0.112479,-1
[INFO ] 138999	Whole:0.113914,0.089341,0.102198,0.152322,0.729720,0.090251,0.125328,0.254588,-1
[INFO ] 138999	Cold:0.038395,0.029513,0.128510,0.206208,0.625899,0.087867,0.122405,0.114253,-1
[INFO ] 1/1
[INFO ] 139999	Whole:0.113263,0.090968,0.099850,0.149690,0.730917,0.089780,0.124548,0.251414,-1
[INFO ] 139999	Cold:0.038395,0.028653,0.129226,0.191022,0.618758,0.084445,0.116600,0.108262,-1
[INFO ] 140999	Whole:0.111473,0.090399,0.099163,0.153642,0.731753,0.091630,0.127240,0.257044,-1
[INFO ] 140999	Cold:0.037822,0.030086,0.126361,0.201624,0.627323,0.087715,0.122123,0.115991,-1
[INFO ] 141999	Whole:0.112937,0.089748,0.099769,0.151139,0.730133,0.091112,0.126257,0.256959,-1
[INFO ] 141999	Cold:0.037249,0.030659,0.126361,0.207832,0.630181,0.086378,0.122213,0.113200,-1
[INFO ] 142999	Whole:0.113426,0.090561,0.099394,0.152716,0.732156,0.089783,0.125398,0.254363,-1
[INFO ] 142999	Cold:0.037822,0.029226,0.127794,0.197230,0.624469,0.083523,0.117606,0.110005,-1
[INFO ] 143999	Whole:0.112286,0.090399,0.095136,0.151559,0.731328,0.090514,0.125788,0.254252,-1
[INFO ] 143999	Cold:0.036676,0.030659,0.120153,0.204967,0.630185,0.086994,0.122468,0.114758,-1
[INFO ] 144999	Whole:0.111147,0.090480,0.095557,0.154154,0.732136,0.091192,0.126842,0.255395,-1
[INFO ] 144999	Cold:0.037249,0.030372,0.123018,0.205922,0.630186,0.086730,0.122367,0.114987,-1
[INFO ] 145999	Whole:0.111147,0.090073,0.095288,0.151608,0.730919,0.090555,0.125525,0.253479,-1
[INFO ] 145999	Cold:0.037249,0.029513,0.123496,0.198758,0.625902,0.088000,0.121774,0.116440,-1
[INFO ] 146999	Whole:0.115053,0.090073,0.101314,0.151273,0.726475,0.090747,0.125566,0.255092,-1
[INFO ] 146999	Cold:0.039542,0.029513,0.134002,0.200669,0.623046,0.085600,0.119825,0.111295,-1
[INFO ] 1/1
[INFO ] 147999	Whole:0.112449,0.090317,0.098390,0.150648,0.726064,0.091379,0.126010,0.254583,-1
[INFO ] 147999	Cold:0.037822,0.029226,0.127316,0.199236,0.623045,0.086507,0.120622,0.114791,-1
[INFO ] 148999	Whole:0.112937,0.090887,0.098872,0.154689,0.728501,0.090946,0.126562,0.252822,-1
[INFO ] 148999	Cold:0.037822,0.029799,0.127316,0.202101,0.624475,0.087346,0.121619,0.113067,-1
[INFO ] 149999	Whole:0.111310,0.090073,0.099815,0.153493,0.732957,0.089993,0.125622,0.252311,-1
[INFO ] 149999	Cold:0.040115,0.030372,0.133620,0.205826,0.630189,0.084465,0.120356,0.110969,-1
[INFO ] 150999	Whole:0.111310,0.090806,0.100293,0.153647,0.733748,0.090349,0.126018,0.253000,-1
[INFO ] 150999	Cold:0.040115,0.029513,0.133620,0.196753,0.624477,0.084491,0.118573,0.110380,-1
[INFO ] 151999	Whole:0.111473,0.090317,0.099541,0.153065,0.730915,0.090802,0.126018,0.252474,-1
[INFO ] 151999	Cold:0.039542,0.028653,0.130755,0.192932,0.624474,0.083434,0.116623,0.109912,-1
[INFO ] 152999	Whole:0.112937,0.092270,0.101134,0.156102,0.730511,0.091850,0.127552,0.253181,-1
[INFO ] 152999	Cold:0.041261,0.030086,0.137918,0.207593,0.627335,0.088587,0.123395,0.112310,-1
[INFO ] 153999	Whole:0.111961,0.092433,0.100523,0.155850,0.730107,0.092119,0.127875,0.254549,-1
[INFO ] 153999	Cold:0.040115,0.029513,0.133620,0.201862,0.624483,0.090260,0.123899,0.116289,-1
[INFO ] 1/1
[INFO ] 154999	Whole:0.114727,0.091782,0.099265,0.154750,0.730940,0.093214,0.128554,0.257570,-1
[INFO ] 154999	Cold:0.038395,0.029799,0.127889,0.199475,0.625905,0.087290,0.121043,0.111691,-1
[INFO ] 155999	Whole:0.113100,0.092433,0.099179,0.156106,0.730953,0.092089,0.128450,0.254470,-1
[INFO ] 155999	Cold:0.038968,0.030946,0.129322,0.202818,0.627331,0.087938,0.122818,0.114285,-1
[INFO ] 156999	Whole:0.113588,0.092270,0.099208,0.155934,0.732166,0.092575,0.128881,0.255991,-1
[INFO ] 156999	Cold:0.038968,0.030372,0.130181,0.201862,0.625906,0.091180,0.124767,0.117409,-1
[INFO ] 157999	Whole:0.114239,0.092026,0.099185,0.155969,0.731747,0.092025,0.128094,0.254827,-1
[INFO ] 157999	Cold:0.038968,0.030372,0.129322,0.201862,0.625902,0.086241,0.121249,0.113134,-1
[INFO ] 158999	Whole:0.114890,0.090806,0.101568,0.152221,0.730945,0.090981,0.126213,0.256057,-1
[INFO ] 158999	Cold:0.040115,0.030659,0.136485,0.207593,0.628766,0.088280,0.123823,0.114934,-1
[INFO ] 159999	Whole:0.114890,0.090643,0.101015,0.151351,0.730520,0.090972,0.125872,0.254586,-1
[INFO ] 159999	Cold:0.040688,0.030659,0.137918,0.207593,0.628768,0.090682,0.125700,0.118094,-1
[INFO ] 160999	Whole:0.115541,0.091375,0.102249,0.153036,0.732138,0.090840,0.126487,0.255619,-1
[INFO ] 160999	Cold:0.041261,0.031232,0.138873,0.207593,0.630192,0.087412,0.123550,0.114886,-1
[INFO ] 161999	Whole:0.115216,0.091375,0.103323,0.153090,0.734164,0.093489,0.128734,0.260104,-1
[INFO ] 161999	Cold:0.041261,0.030086,0.140067,0.204728,0.627345,0.091164,0.125689,0.119197,-1
[INFO ] 1/1
[INFO ] 162999	Whole:0.114239,0.091701,0.100962,0.150746,0.732133,0.092605,0.127160,0.254788,-1
[INFO ] 162999	Cold:0.040115,0.029799,0.132904,0.201385,0.624482,0.090864,0.124211,0.116114,-1
[INFO ] 163999	Whole:0.114890,0.091050,0.101736,0.149827,0.731732,0.092203,0.126712,0.255243,-1
[INFO ] 163999	Cold:0.040115,0.029513,0.131471,0.197087,0.623053,0.091188,0.123576,0.116385,-1
[INFO ] 164999	Whole:0.118470,0.092026,0.104138,0.150451,0.731749,0.093237,0.127264,0.254996,-1
[INFO ] 164999	Cold:0.042407,0.028940,0.138157,0.193266,0.621629,0.092678,0.123856,0.118591,-1
[INFO ] 165999	Whole:0.117494,0.091782,0.101884,0.150470,0.730941,0.093402,0.127522,0.256552,-1
[INFO ] 165999	Cold:0.041261,0.028653,0.132426,0.189924,0.620197,0.089873,0.120791,0.114369,-1
[INFO ] 166999	Whole:0.117494,0.091538,0.101720,0.151907,0.731359,0.093442,0.128082,0.256110,-1
[INFO ] 166999	Cold:0.041834,0.029799,0.137202,0.199952,0.625910,0.091531,0.124169,0.115331,-1
[INFO ] 167999	Whole:0.114890,0.091701,0.099760,0.151390,0.732146,0.092139,0.127332,0.256986,-1
[INFO ] 167999	Cold:0.039542,0.030086,0.132187,0.202245,0.627340,0.090888,0.124579,0.116600,-1
[INFO ] 168999	Whole:0.115378,0.092189,0.101005,0.153165,0.732553,0.092295,0.128049,0.258039,-1
[INFO ] 168999	Cold:0.040688,0.030372,0.135053,0.203295,0.628767,0.088758,0.123378,0.115249,-1
[INFO ] 169999	Whole:0.115216,0.092107,0.102186,0.153503,0.733365,0.092598,0.128544,0.259022,-1
[INFO ] 169999	Cold:0.041834,0.030086,0.140067,0.200430,0.627338,0.089676,0.123375,0.115564,-1
[INFO ] 1/1
[INFO ] 170999	Whole:0.116843,0.091050,0.101757,0.153210,0.733364,0.092293,0.127918,0.258581,-1
[INFO ] 170999	Cold:0.040688,0.030659,0.136008,0.204346,0.628766,0.087295,0.122352,0.113168,-1



