[INFO ] Training: ...research/ssh/yelp/train0.2_folder_1, Testing:: .../research/ssh/yelp/test0.2_folder_1.
[DEBUG] User amount: 16821, item amount: 14476
[DEBUG] Rate amount: 196088, scales: {1.0}
[DEBUG] User amount: 16821, item amount: 14476
[DEBUG] Rate amount: 48428, scales: {1.0}
[INFO ] AsyWalkRanker: 30,5.0E-4,0.35,0.35,100,1,100,0.4,8
[INFO ] 1/1
[INFO ] 1/1
[INFO ] 1/1
[INFO ] 1/1
[INFO ] 122999	Whole:0.017206,0.014705,0.024458,0.041702,0.561371,0.016783,0.028736,0.047535,-1
[INFO ] 122999	Cold:0.006927,0.005964,0.021051,0.036943,0.529124,0.013028,0.020793,0.020185,-1
[INFO ] 1/1
[INFO ] 125999	Whole:0.017024,0.014902,0.024069,0.042880,0.562241,0.016432,0.028678,0.046779,-1
[INFO ] 125999	Cold:0.006893,0.006319,0.021149,0.038962,0.530895,0.012923,0.021194,0.019962,-1
[INFO ] 128999	Whole:0.017343,0.014909,0.024541,0.042538,0.562127,0.016203,0.028455,0.046377,-1
[INFO ] 128999	Cold:0.006758,0.005964,0.020986,0.036749,0.528701,0.012468,0.020244,0.019165,-1
[INFO ] 131999	Whole:0.018010,0.015228,0.025276,0.043327,0.563074,0.017045,0.029484,0.048480,-1
[INFO ] 131999	Cold:0.007096,0.006268,0.021656,0.038785,0.530558,0.013422,0.021575,0.020631,-1
[INFO ] 134999	Whole:0.018131,0.015546,0.025857,0.043974,0.564095,0.017341,0.029994,0.049024,-1
[INFO ] 134999	Cold:0.007434,0.006302,0.023036,0.038737,0.530559,0.013762,0.021885,0.021143,-1
[INFO ] 137999	Whole:0.018677,0.015645,0.026602,0.044564,0.564550,0.017625,0.030376,0.049665,-1
[INFO ] 137999	Cold:0.007603,0.006285,0.022999,0.038633,0.530390,0.013762,0.021858,0.021135,-1
[INFO ] 140999	Whole:0.018661,0.015410,0.027078,0.044497,0.563870,0.017482,0.030187,0.049143,-1
[INFO ] 140999	Cold:0.007704,0.006336,0.023695,0.039770,0.530728,0.013800,0.022159,0.021463,-1
[INFO ] 143999	Whole:0.018843,0.015819,0.027205,0.044941,0.565231,0.017805,0.030675,0.050369,-1
[INFO ] 143999	Cold:0.007772,0.006319,0.023965,0.039404,0.530897,0.013976,0.022201,0.021332,-1
[INFO ] 146999	Whole:0.019116,0.016039,0.028063,0.046871,0.566859,0.018202,0.031552,0.051023,-1
[INFO ] 146999	Cold:0.008143,0.006623,0.025210,0.041693,0.532248,0.014277,0.023073,0.022108,-1
[INFO ] 149999	Whole:0.019344,0.016334,0.028263,0.047261,0.567011,0.018274,0.031703,0.051174,-1
[INFO ] 149999	Cold:0.008076,0.006707,0.025139,0.042637,0.532585,0.014324,0.023328,0.022361,-1
[INFO ] 152999	Whole:0.019647,0.016441,0.028210,0.047480,0.567844,0.018676,0.032198,0.052232,-1
[INFO ] 152999	Cold:0.007839,0.006623,0.023670,0.041733,0.532247,0.014761,0.023423,0.022563,-1
[INFO ] 155999	Whole:0.019374,0.016395,0.027919,0.046992,0.567502,0.018795,0.032171,0.052503,-1
[INFO ] 155999	Cold:0.007974,0.006572,0.024610,0.041108,0.531825,0.015013,0.023554,0.023327,-1
[INFO ] 1/1
[INFO ] 158999	Whole:0.019662,0.016387,0.027850,0.046775,0.567239,0.018815,0.032176,0.052717,-1
[INFO ] 158999	Cold:0.007974,0.006657,0.024266,0.041081,0.532163,0.014957,0.023545,0.023156,-1
[INFO ] 161999	Whole:0.019935,0.016463,0.028906,0.047251,0.567277,0.018884,0.032354,0.053142,-1
[INFO ] 161999	Cold:0.008346,0.006623,0.025688,0.041502,0.531910,0.014623,0.023293,0.022462,-1
[INFO ] 164999	Whole:0.020011,0.016607,0.028727,0.048261,0.567958,0.018871,0.032511,0.052479,-1
[INFO ] 164999	Cold:0.008143,0.006994,0.025463,0.043445,0.533682,0.015057,0.024201,0.023315,-1
[INFO ] 167999	Whole:0.020117,0.016744,0.028826,0.048583,0.568336,0.019305,0.033028,0.053703,-1
[INFO ] 167999	Cold:0.008143,0.006876,0.025491,0.042670,0.532754,0.015328,0.024218,0.023567,-1
[INFO ] 170999	Whole:0.020147,0.017032,0.028937,0.049169,0.569698,0.019680,0.033582,0.054876,-1
[INFO ] 170999	Cold:0.008143,0.006758,0.025201,0.042116,0.532585,0.015306,0.024009,0.023327,-1
[INFO ] 173999	Whole:0.020344,0.017168,0.029008,0.049602,0.569964,0.019917,0.033963,0.055366,-1
[INFO ] 173999	Cold:0.008109,0.007062,0.024272,0.044239,0.534273,0.015763,0.024973,0.024439,-1
[INFO ] 176999	Whole:0.021087,0.017502,0.030241,0.049654,0.570531,0.020151,0.034259,0.056433,-1
[INFO ] 176999	Cold:0.008447,0.007045,0.025717,0.043296,0.534189,0.015755,0.024794,0.024136,-1
[INFO ] 179999	Whole:0.020935,0.017782,0.030289,0.051170,0.571629,0.020155,0.034620,0.055757,-1
[INFO ] 179999	Cold:0.008718,0.007163,0.027068,0.044464,0.534611,0.015880,0.025142,0.024200,-1
[INFO ] 182999	Whole:0.020844,0.017706,0.030160,0.050502,0.572006,0.020233,0.034587,0.056247,-1
[INFO ] 182999	Cold:0.008481,0.007248,0.026584,0.044788,0.534948,0.016112,0.025464,0.024844,-1
[INFO ] 185999	Whole:0.021693,0.017752,0.030866,0.050321,0.571705,0.020442,0.034783,0.057138,-1
[INFO ] 185999	Cold:0.008819,0.007248,0.027147,0.045196,0.535033,0.016010,0.025429,0.024567,-1
[INFO ] 1/1
[INFO ] 188999	Whole:0.021087,0.017668,0.030030,0.050414,0.571553,0.020427,0.034747,0.057107,-1
[INFO ] 188999	Cold:0.008143,0.007096,0.024782,0.044064,0.534189,0.015825,0.025003,0.024518,-1
[INFO ] 191999	Whole:0.021633,0.018184,0.030952,0.051717,0.573180,0.020891,0.035487,0.057221,-1
[INFO ] 191999	Cold:0.008583,0.007451,0.026801,0.045562,0.535624,0.016273,0.025817,0.025064,-1
[INFO ] 194999	Whole:0.021951,0.018404,0.031652,0.052141,0.573673,0.021038,0.035795,0.057902,-1
[INFO ] 194999	Cold:0.008853,0.007484,0.027412,0.046289,0.535877,0.016339,0.026066,0.025364,-1
[INFO ] 197999	Whole:0.022133,0.018442,0.032005,0.052612,0.574279,0.021035,0.035998,0.058157,-1
[INFO ] 197999	Cold:0.009089,0.007434,0.027581,0.045875,0.535878,0.016437,0.026114,0.025824,-1
[INFO ] 200999	Whole:0.022330,0.018934,0.032183,0.053638,0.575791,0.021739,0.036968,0.059576,-1
[INFO ] 200999	Cold:0.009225,0.007704,0.028040,0.046976,0.536890,0.016664,0.026615,0.026027,-1
[INFO ] 203999	Whole:0.022087,0.018692,0.031913,0.053746,0.574620,0.021091,0.036354,0.058318,-1
[INFO ] 203999	Cold:0.008920,0.007535,0.027344,0.046903,0.536131,0.015919,0.025917,0.025085,-1
[INFO ] 206999	Whole:0.022239,0.018934,0.032144,0.054090,0.575793,0.021980,0.037242,0.059863,-1
[INFO ] 206999	Cold:0.008853,0.007636,0.027139,0.046950,0.536806,0.017141,0.026894,0.026329,-1
[INFO ] 209999	Whole:0.022512,0.019040,0.033245,0.054240,0.575794,0.022209,0.037570,0.060855,-1
[INFO ] 209999	Cold:0.009596,0.007687,0.028575,0.046717,0.536806,0.016946,0.026854,0.026789,-1
[INFO ] 212999	Whole:0.022936,0.019306,0.033529,0.055057,0.576665,0.022459,0.038056,0.061824,-1
[INFO ] 212999	Cold:0.009225,0.007890,0.028504,0.047874,0.537481,0.017226,0.027394,0.027205,-1
[INFO ] 215999	Whole:0.022360,0.019184,0.032413,0.054584,0.576814,0.022172,0.037739,0.061364,-1
[INFO ] 215999	Cold:0.009495,0.007924,0.028744,0.047736,0.538241,0.017326,0.027575,0.027870,-1
[INFO ] 218999	Whole:0.023346,0.019571,0.033575,0.056090,0.577422,0.022645,0.038518,0.061942,-1
[INFO ] 218999	Cold:0.009292,0.008228,0.028546,0.050265,0.539506,0.017229,0.027935,0.026938,-1
[INFO ] 1/1
[INFO ] 221999	Whole:0.023816,0.019889,0.033729,0.056703,0.578709,0.023129,0.039176,0.063137,-1
[INFO ] 221999	Cold:0.009258,0.008329,0.028161,0.050152,0.539591,0.017813,0.028500,0.028170,-1
[INFO ] 224999	Whole:0.023346,0.019806,0.032856,0.056383,0.577952,0.022953,0.038912,0.062872,-1
[INFO ] 224999	Cold:0.009225,0.008194,0.028020,0.049913,0.539253,0.017689,0.028296,0.028026,-1
[INFO ] 227999	Whole:0.023573,0.020003,0.033994,0.057079,0.579201,0.023396,0.039536,0.063944,-1
[INFO ] 227999	Cold:0.009326,0.008363,0.028944,0.051188,0.540182,0.018256,0.029079,0.028723,-1
[INFO ] 230999	Whole:0.024043,0.020306,0.034620,0.057722,0.579843,0.022922,0.039257,0.062612,-1
[INFO ] 230999	Cold:0.009393,0.008346,0.028955,0.051063,0.540181,0.017311,0.028199,0.027042,-1
[INFO ] 233999	Whole:0.023512,0.020102,0.034366,0.057456,0.579390,0.023313,0.039506,0.062965,-1
[INFO ] 233999	Cold:0.009326,0.008363,0.028816,0.051063,0.540182,0.017736,0.028592,0.027872,-1
[INFO ] 236999	Whole:0.023952,0.020594,0.034603,0.059286,0.581584,0.023683,0.040321,0.064362,-1
[INFO ] 236999	Cold:0.009360,0.008684,0.028687,0.052969,0.541531,0.017523,0.028863,0.027331,-1
[INFO ] 239999	Whole:0.023755,0.020382,0.034402,0.058523,0.580751,0.023658,0.040106,0.063992,-1
[INFO ] 239999	Cold:0.009360,0.008549,0.028794,0.052790,0.541026,0.018266,0.029390,0.028355,-1
[INFO ] 242999	Whole:0.024134,0.020829,0.034710,0.060712,0.582267,0.024870,0.041660,0.065921,-1
[INFO ] 242999	Cold:0.009596,0.008802,0.029937,0.054350,0.542123,0.019492,0.030747,0.029787,-1
[INFO ] 245999	Whole:0.024543,0.020685,0.035645,0.059217,0.581207,0.024348,0.040973,0.065582,-1
[INFO ] 245999	Cold:0.010103,0.008599,0.031030,0.052179,0.541111,0.018671,0.029692,0.029162,-1
[INFO ] 248999	Whole:0.024816,0.020670,0.036366,0.059973,0.581851,0.024313,0.041130,0.065485,-1
[INFO ] 248999	Cold:0.009934,0.008768,0.031053,0.053368,0.541955,0.018573,0.029979,0.029296,-1
[INFO ] 1/1
[INFO ] 251999	Whole:0.024634,0.020685,0.036027,0.059334,0.582078,0.024220,0.040955,0.065483,-1
[INFO ] 251999	Cold:0.010137,0.008515,0.030903,0.051667,0.541111,0.018628,0.029586,0.029316,-1
[INFO ] 254999	Whole:0.024847,0.020988,0.036368,0.060559,0.582268,0.024958,0.041904,0.066933,-1
[INFO ] 254999	Cold:0.009867,0.008735,0.030391,0.053807,0.542039,0.018934,0.030262,0.029412,-1
[INFO ] 257999	Whole:0.025347,0.021064,0.037548,0.061456,0.583442,0.025433,0.042567,0.068171,-1
[INFO ] 257999	Cold:0.010610,0.008836,0.032734,0.054179,0.542631,0.019607,0.031012,0.030644,-1
[INFO ] 260999	Whole:0.025468,0.021375,0.037375,0.062188,0.584425,0.025021,0.042418,0.067229,-1
[INFO ] 260999	Cold:0.010644,0.009089,0.032494,0.054942,0.543643,0.019343,0.031023,0.030116,-1
[INFO ] 263999	Whole:0.025332,0.021489,0.037046,0.062127,0.584916,0.024649,0.042120,0.066391,-1
[INFO ] 263999	Cold:0.010407,0.009157,0.032137,0.055316,0.543727,0.019121,0.030927,0.029861,-1
[INFO ] 266999	Whole:0.025453,0.021246,0.037382,0.061999,0.584124,0.025059,0.042344,0.066846,-1
[INFO ] 266999	Cold:0.010677,0.009309,0.032725,0.056321,0.544909,0.019654,0.031646,0.030613,-1
[INFO ] 269999	Whole:0.025559,0.021329,0.037502,0.062507,0.584464,0.025628,0.042970,0.068095,-1
[INFO ] 269999	Cold:0.010340,0.009258,0.031917,0.056706,0.544571,0.020153,0.032066,0.031266,-1
[INFO ] 272999	Whole:0.025877,0.021398,0.038279,0.061729,0.584577,0.025512,0.042799,0.068370,-1
[INFO ] 272999	Cold:0.010644,0.009157,0.032469,0.054823,0.543980,0.019691,0.031347,0.030727,-1
[INFO ] 275999	Whole:0.025680,0.021633,0.037937,0.062457,0.585107,0.025416,0.042962,0.068399,-1
[INFO ] 275999	Cold:0.010677,0.009292,0.033305,0.056302,0.544402,0.019551,0.031473,0.029961,-1
[INFO ] 278999	Whole:0.026635,0.021989,0.039728,0.064679,0.587303,0.026402,0.044381,0.070308,-1
[INFO ] 278999	Cold:0.011151,0.009562,0.034234,0.058813,0.546007,0.020950,0.033337,0.032795,-1
[INFO ] 1/1
[INFO ] 281999	Whole:0.025423,0.022012,0.037227,0.064232,0.586884,0.026042,0.043923,0.069419,-1
[INFO ] 281999	Cold:0.010677,0.009377,0.032615,0.057794,0.544825,0.020554,0.032728,0.032298,-1
[INFO ] 284999	Whole:0.025938,0.021731,0.038558,0.062873,0.585334,0.026055,0.043559,0.069206,-1
[INFO ] 284999	Cold:0.010914,0.009275,0.033421,0.056112,0.544403,0.020492,0.032328,0.032013,-1
[INFO ] 287999	Whole:0.025786,0.021997,0.037583,0.064308,0.586281,0.026103,0.043888,0.068691,-1
[INFO ] 287999	Cold:0.010846,0.009579,0.033119,0.058246,0.545753,0.020146,0.032491,0.031124,-1
[INFO ] 290999	Whole:0.026150,0.021989,0.038662,0.063555,0.586205,0.026198,0.043925,0.068963,-1
[INFO ] 290999	Cold:0.011218,0.009225,0.034313,0.056367,0.543982,0.020725,0.032472,0.031843,-1
[INFO ] 293999	Whole:0.026878,0.022489,0.040012,0.065718,0.587909,0.026881,0.044994,0.070002,-1
[INFO ] 293999	Cold:0.011319,0.009833,0.035068,0.059691,0.546935,0.020893,0.033468,0.031951,-1
[INFO ] 296999	Whole:0.026196,0.022216,0.039236,0.065835,0.587342,0.026730,0.044888,0.070132,-1
[INFO ] 296999	Cold:0.011184,0.010086,0.034431,0.061783,0.547948,0.021611,0.034648,0.033515,-1
[INFO ] 299999	Whole:0.026059,0.022065,0.039026,0.064481,0.587491,0.026534,0.044570,0.070856,-1
[INFO ] 299999	Cold:0.011286,0.009681,0.034144,0.059237,0.546598,0.020998,0.033515,0.032848,-1
[INFO ] 302999	Whole:0.026362,0.022103,0.039332,0.064940,0.587152,0.026928,0.044892,0.070701,-1
[INFO ] 302999	Cold:0.011522,0.009799,0.035230,0.059965,0.547020,0.021196,0.033827,0.032913,-1
[INFO ] 305999	Whole:0.026438,0.022504,0.039788,0.065730,0.588475,0.026776,0.044915,0.070023,-1
[INFO ] 305999	Cold:0.011455,0.009951,0.035082,0.060551,0.547695,0.021255,0.034043,0.032921,-1
[INFO ] 308999	Whole:0.026272,0.022679,0.038796,0.066496,0.589195,0.027169,0.045551,0.071584,-1
[INFO ] 308999	Cold:0.011015,0.009883,0.033804,0.060748,0.547526,0.021192,0.034010,0.032958,-1
[INFO ] 311999	Whole:0.026863,0.022868,0.039050,0.067445,0.590142,0.027318,0.045972,0.071843,-1
[INFO ] 311999	Cold:0.011252,0.010137,0.034105,0.062381,0.548454,0.021795,0.034900,0.033805,-1
[INFO ] 1/1
[INFO ] 314999	Whole:0.026620,0.022550,0.039820,0.066454,0.589309,0.027136,0.045426,0.070761,-1
[INFO ] 314999	Cold:0.011319,0.009968,0.035699,0.061418,0.547779,0.021891,0.034667,0.033377,-1
[INFO ] 317999	Whole:0.027196,0.022717,0.040407,0.066694,0.589459,0.027231,0.045643,0.071307,-1
[INFO ] 317999	Cold:0.011522,0.010086,0.035257,0.061430,0.548285,0.021954,0.034725,0.033250,-1
[INFO ] 320999	Whole:0.026726,0.022565,0.039752,0.066347,0.588287,0.027052,0.045371,0.070377,-1
[INFO ] 320999	Cold:0.011286,0.010002,0.035058,0.060760,0.547863,0.021644,0.034413,0.033458,-1
[INFO ] 323999	Whole:0.026726,0.022580,0.040227,0.065516,0.588779,0.027114,0.045339,0.071391,-1
[INFO ] 323999	Cold:0.011522,0.009799,0.035741,0.058581,0.547357,0.021411,0.033837,0.033576,-1
[INFO ] 326999	Whole:0.026878,0.022686,0.040435,0.066265,0.589686,0.027231,0.045555,0.071532,-1
[INFO ] 326999	Cold:0.011387,0.009900,0.034763,0.060044,0.547780,0.021896,0.034532,0.034104,-1
[INFO ] 329999	Whole:0.027090,0.022989,0.041250,0.068012,0.590976,0.027746,0.046594,0.072942,-1
[INFO ] 329999	Cold:0.012401,0.010154,0.038168,0.062081,0.548793,0.022589,0.035533,0.034435,-1
[INFO ] 332999	Whole:0.027105,0.022777,0.040814,0.067052,0.589840,0.027481,0.045987,0.071804,-1
[INFO ] 332999	Cold:0.011860,0.010306,0.036480,0.062935,0.549130,0.022356,0.035523,0.034328,-1
[INFO ] 335999	Whole:0.027454,0.022724,0.041294,0.066395,0.589272,0.027301,0.045723,0.071732,-1
[INFO ] 335999	Cold:0.011995,0.010069,0.037380,0.061510,0.548202,0.022021,0.034959,0.034132,-1
[INFO ] 338999	Whole:0.027196,0.023088,0.040839,0.068318,0.591278,0.027708,0.046575,0.072255,-1
[INFO ] 338999	Cold:0.011961,0.010610,0.036983,0.064823,0.551071,0.022987,0.036578,0.035305,-1
[INFO ] 341999	Whole:0.027211,0.022732,0.040680,0.067135,0.589839,0.027644,0.046129,0.072253,-1
[INFO ] 341999	Cold:0.011725,0.010171,0.035716,0.062652,0.548793,0.022624,0.035728,0.035173,-1
[INFO ] 1/1
[INFO ] 344999	Whole:0.026757,0.023247,0.040077,0.067744,0.590709,0.027283,0.046045,0.071294,-1
[INFO ] 344999	Cold:0.011894,0.010069,0.036580,0.061710,0.547865,0.022280,0.035127,0.033907,-1
[INFO ] 347999	Whole:0.027090,0.022808,0.041183,0.066500,0.589536,0.027321,0.045678,0.071089,-1
[INFO ] 347999	Cold:0.011759,0.009934,0.037007,0.060382,0.547358,0.022403,0.034945,0.034157,-1
[INFO ] 350999	Whole:0.027242,0.022868,0.040944,0.067899,0.590445,0.028021,0.046645,0.072508,-1
[INFO ] 350999	Cold:0.011928,0.010204,0.037489,0.062391,0.548793,0.022953,0.035918,0.035313,-1
[INFO ] 353999	Whole:0.027075,0.022845,0.040114,0.066729,0.589537,0.027656,0.046063,0.071905,-1
[INFO ] 353999	Cold:0.011624,0.010086,0.035875,0.061752,0.548623,0.022289,0.035123,0.033973,-1
[INFO ] 356999	Whole:0.027029,0.022808,0.040298,0.066775,0.589348,0.027504,0.045963,0.072087,-1
[INFO ] 356999	Cold:0.011995,0.010255,0.036969,0.062318,0.548877,0.022390,0.035472,0.034521,-1
[INFO ] 359999	Whole:0.027075,0.022815,0.041464,0.067500,0.590407,0.027578,0.046192,0.072258,-1
[INFO ] 359999	Cold:0.012468,0.010272,0.038485,0.062126,0.549299,0.022535,0.035628,0.034871,-1
[INFO ] 362999	Whole:0.027787,0.023406,0.042062,0.069517,0.592337,0.028455,0.047427,0.073627,-1
[INFO ] 362999	Cold:0.012502,0.010711,0.038668,0.065285,0.550818,0.023172,0.036825,0.035400,-1
[INFO ] 365999	Whole:0.027651,0.023315,0.042060,0.069056,0.591505,0.028035,0.047011,0.073426,-1
[INFO ] 365999	Cold:0.012536,0.010694,0.039124,0.065186,0.551240,0.022305,0.036166,0.034564,-1
[INFO ] 368999	Whole:0.027014,0.023308,0.041125,0.069434,0.591505,0.027782,0.046802,0.072100,-1
[INFO ] 368999	Cold:0.012097,0.010627,0.038047,0.064403,0.550312,0.022470,0.036128,0.034825,-1
[INFO ] 371999	Whole:0.027318,0.022883,0.041825,0.067964,0.591051,0.028105,0.046873,0.073974,-1
[INFO ] 371999	Cold:0.012401,0.010458,0.038357,0.063608,0.549806,0.023015,0.036334,0.035437,-1
[INFO ] 374999	Whole:0.027515,0.023141,0.042080,0.069157,0.591279,0.028751,0.047575,0.073777,-1
[INFO ] 374999	Cold:0.012502,0.010677,0.038578,0.066329,0.551156,0.023840,0.037553,0.036330,-1
[INFO ] 1/1
[INFO ] 377999	Whole:0.027697,0.023270,0.042326,0.068593,0.592074,0.028282,0.047217,0.072741,-1
[INFO ] 377999	Cold:0.012502,0.010559,0.038558,0.064138,0.550397,0.023570,0.036989,0.036453,-1
[INFO ] 380999	Whole:0.027636,0.023475,0.042016,0.070086,0.592755,0.028452,0.047656,0.073387,-1
[INFO ] 380999	Cold:0.012671,0.010965,0.039292,0.066432,0.552337,0.023865,0.037755,0.036499,-1
[INFO ] 383999	Whole:0.027545,0.022952,0.042141,0.068631,0.590900,0.028348,0.047036,0.072951,-1
[INFO ] 383999	Cold:0.012367,0.010492,0.038689,0.065050,0.550060,0.023674,0.037150,0.036097,-1
[INFO ] 386999	Whole:0.027606,0.023573,0.043004,0.070046,0.592640,0.028424,0.047647,0.073817,-1
[INFO ] 386999	Cold:0.012705,0.010745,0.040221,0.065990,0.551494,0.023637,0.037463,0.036410,-1
[INFO ] 389999	Whole:0.027469,0.023194,0.042308,0.069484,0.591582,0.028473,0.047413,0.072867,-1
[INFO ] 389999	Cold:0.012333,0.010593,0.038942,0.065248,0.550819,0.023894,0.037480,0.036929,-1
[INFO ] 392999	Whole:0.027105,0.023164,0.041684,0.068877,0.591770,0.027797,0.046783,0.072504,-1
[INFO ] 392999	Cold:0.012502,0.010627,0.038865,0.064631,0.550988,0.022689,0.036391,0.035147,-1
[INFO ] 395999	Whole:0.027348,0.023331,0.041668,0.069199,0.591769,0.028074,0.047122,0.072697,-1
[INFO ] 395999	Cold:0.012198,0.010525,0.038512,0.064955,0.550228,0.023117,0.036693,0.035516,-1
[INFO ] 398999	Whole:0.027408,0.023315,0.042184,0.069578,0.591619,0.027901,0.047009,0.072393,-1
[INFO ] 398999	Cold:0.012435,0.010846,0.038630,0.066494,0.551494,0.022953,0.037030,0.035662,-1
[INFO ] 401999	Whole:0.027378,0.023497,0.041936,0.070054,0.592639,0.028025,0.047185,0.071905,-1
[INFO ] 401999	Cold:0.012603,0.010779,0.039779,0.066803,0.551663,0.023756,0.037633,0.036139,-1
[INFO ] 404999	Whole:0.027833,0.023187,0.042781,0.069161,0.591581,0.028459,0.047342,0.072602,-1
[INFO ] 404999	Cold:0.012401,0.010694,0.038646,0.065184,0.551325,0.024197,0.037735,0.037118,-1
[INFO ] 1/1
[INFO ] 407999	Whole:0.027681,0.023308,0.043155,0.070325,0.592528,0.028618,0.047739,0.072945,-1
[INFO ] 407999	Cold:0.012941,0.010846,0.040386,0.066721,0.551917,0.024183,0.038055,0.036871,-1
[INFO ] 410999	Whole:0.027348,0.023497,0.042157,0.070751,0.592301,0.028288,0.047568,0.072115,-1
[INFO ] 410999	Cold:0.012671,0.011032,0.039409,0.067419,0.552507,0.023668,0.037849,0.036527,-1
[INFO ] 413999	Whole:0.027454,0.023164,0.042008,0.069267,0.591618,0.027715,0.046789,0.072206,-1
[INFO ] 413999	Cold:0.012840,0.010728,0.039925,0.066333,0.551241,0.023035,0.037025,0.035732,-1
[INFO ] 416999	Whole:0.027272,0.023467,0.041864,0.069997,0.592375,0.027873,0.047144,0.072028,-1
[INFO ] 416999	Cold:0.012671,0.010610,0.039446,0.065219,0.550819,0.023041,0.036783,0.035754,-1
[INFO ] 419999	Whole:0.027757,0.023611,0.042304,0.070305,0.592943,0.028237,0.047442,0.071847,-1
[INFO ] 419999	Cold:0.012739,0.010694,0.039427,0.065639,0.551072,0.023282,0.036988,0.035485,-1
[INFO ] 422999	Whole:0.027363,0.023475,0.042168,0.070608,0.592528,0.028145,0.047424,0.072006,-1
[INFO ] 422999	Cold:0.012435,0.011100,0.038823,0.067822,0.553097,0.023780,0.038002,0.036372,-1
[INFO ] 425999	Whole:0.026984,0.023490,0.041535,0.070014,0.592488,0.027751,0.046886,0.070796,-1
[INFO ] 425999	Cold:0.012671,0.011167,0.038907,0.068047,0.553350,0.023614,0.037907,0.036009,-1
[INFO ] 428999	Whole:0.027439,0.023361,0.041957,0.069405,0.591959,0.028347,0.047288,0.071762,-1
[INFO ] 428999	Cold:0.012367,0.010863,0.038175,0.065893,0.551747,0.024121,0.037769,0.036722,-1
[INFO ] 431999	Whole:0.027302,0.023133,0.041824,0.068643,0.590900,0.027962,0.046820,0.072024,-1
[INFO ] 431999	Cold:0.012435,0.010897,0.038748,0.066085,0.552000,0.023541,0.037433,0.036295,-1
[INFO ] 434999	Whole:0.027985,0.023285,0.042567,0.069012,0.591620,0.028320,0.047286,0.072653,-1
[INFO ] 434999	Cold:0.012739,0.010796,0.039279,0.065151,0.551494,0.023364,0.037093,0.036187,-1
[INFO ] 437999	Whole:0.027757,0.023194,0.043042,0.069909,0.591392,0.028188,0.047257,0.071977,-1
[INFO ] 437999	Cold:0.013178,0.010931,0.040687,0.067702,0.552001,0.024072,0.038186,0.037005,-1
[INFO ] 1/1
[INFO ] 440999	Whole:0.027151,0.023376,0.040976,0.070383,0.592678,0.027935,0.047250,0.072283,-1
[INFO ] 440999	Cold:0.012806,0.011218,0.038567,0.068597,0.553266,0.023687,0.038182,0.036581,-1
[INFO ] 443999	Whole:0.026772,0.023156,0.040612,0.068572,0.591429,0.028090,0.046859,0.072058,-1
[INFO ] 443999	Cold:0.012401,0.010813,0.038443,0.065583,0.551325,0.023826,0.037493,0.036439,-1
[INFO ] 446999	Whole:0.027151,0.023429,0.041481,0.069754,0.592223,0.028236,0.047241,0.072226,-1
[INFO ] 446999	Cold:0.012772,0.011134,0.040312,0.068451,0.552844,0.024260,0.038437,0.036586,-1
[INFO ] 449999	Whole:0.027590,0.023308,0.042574,0.070136,0.591847,0.028258,0.047369,0.071831,-1
[INFO ] 449999	Cold:0.012603,0.010830,0.039563,0.066792,0.551663,0.023873,0.037807,0.036577,-1
[INFO ] 452999	Whole:0.027590,0.023490,0.043262,0.070639,0.592036,0.028470,0.047715,0.072837,-1
[INFO ] 452999	Cold:0.013110,0.011015,0.041578,0.068318,0.552508,0.024193,0.038451,0.037049,-1
[INFO ] 455999	Whole:0.027742,0.023414,0.042187,0.069516,0.592262,0.028394,0.047537,0.073519,-1
[INFO ] 455999	Cold:0.012739,0.010982,0.039578,0.066919,0.552422,0.023677,0.037769,0.036662,-1
[INFO ] 458999	Whole:0.027515,0.023323,0.042352,0.069877,0.592338,0.028718,0.047787,0.073110,-1
[INFO ] 458999	Cold:0.012908,0.010965,0.040053,0.067388,0.552339,0.024739,0.038731,0.038019,-1
[INFO ] 461999	Whole:0.028091,0.023399,0.043569,0.070441,0.592793,0.029105,0.048285,0.074122,-1
[INFO ] 461999	Cold:0.013347,0.011286,0.041000,0.069709,0.554027,0.025591,0.040081,0.039699,-1
[INFO ] 464999	Whole:0.027712,0.023209,0.042587,0.070011,0.591884,0.028712,0.047727,0.073330,-1
[INFO ] 464999	Cold:0.013347,0.011167,0.040780,0.068777,0.553183,0.024782,0.039065,0.037870,-1
[INFO ] 467999	Whole:0.027772,0.023422,0.042063,0.070007,0.591998,0.028456,0.047613,0.072803,-1
[INFO ] 467999	Cold:0.012603,0.011117,0.038702,0.068132,0.552844,0.024395,0.038617,0.037570,-1
[INFO ] 1/1
[INFO ] 470999	Whole:0.027818,0.023171,0.042703,0.069364,0.591544,0.028178,0.047238,0.072668,-1
[INFO ] 470999	Cold:0.012908,0.010796,0.040024,0.065998,0.551326,0.024226,0.037933,0.036811,-1
[INFO ] 473999	Whole:0.027272,0.023118,0.042364,0.069671,0.591543,0.028287,0.047336,0.072426,-1
[INFO ] 473999	Cold:0.012941,0.010880,0.039646,0.067376,0.551833,0.024575,0.038506,0.037561,-1
[INFO ] 476999	Whole:0.027803,0.023088,0.042921,0.069525,0.591431,0.028680,0.047565,0.072948,-1
[INFO ] 476999	Cold:0.013212,0.010897,0.041111,0.066513,0.551748,0.024868,0.038618,0.037933,-1
[INFO ] 479999	Whole:0.027848,0.023285,0.042523,0.071004,0.592150,0.028261,0.047625,0.072556,-1
[INFO ] 479999	Cold:0.012874,0.011421,0.039342,0.070836,0.554026,0.024233,0.039002,0.036795,-1
[INFO ] 482999	Whole:0.027363,0.023293,0.041686,0.070318,0.591733,0.028236,0.047363,0.072102,-1
[INFO ] 482999	Cold:0.012671,0.011117,0.038775,0.068780,0.552845,0.024184,0.038518,0.036956,-1
[INFO ] 485999	Whole:0.027575,0.023179,0.043493,0.070535,0.591620,0.028624,0.047788,0.072767,-1
[INFO ] 485999	Cold:0.013617,0.011387,0.042240,0.069968,0.554196,0.025561,0.040096,0.039112,-1
[INFO ] 488999	Whole:0.027151,0.023384,0.041612,0.070025,0.591922,0.028798,0.047798,0.073189,-1
[INFO ] 488999	Cold:0.012806,0.011201,0.038973,0.068772,0.553183,0.025013,0.039295,0.038362,-1
[INFO ] 491999	Whole:0.027545,0.023459,0.042810,0.070302,0.592527,0.028677,0.047828,0.073287,-1
[INFO ] 491999	Cold:0.013651,0.011015,0.041950,0.067040,0.552508,0.025083,0.038974,0.038354,-1
[INFO ] 494999	Whole:0.027606,0.023422,0.042946,0.070441,0.593133,0.028387,0.047723,0.073151,-1
[INFO ] 494999	Cold:0.013414,0.011117,0.041606,0.068245,0.553099,0.024999,0.039195,0.038244,-1
[INFO ] 497999	Whole:0.027742,0.023414,0.042249,0.071045,0.592831,0.028500,0.047879,0.073065,-1
[INFO ] 497999	Cold:0.012941,0.011421,0.040342,0.070258,0.554701,0.024947,0.039588,0.038165,-1
[INFO ] 1/1
[INFO ] 500999	Whole:0.027727,0.023376,0.042459,0.070865,0.592339,0.028671,0.047912,0.072404,-1
[INFO ] 500999	Cold:0.013347,0.011319,0.040649,0.069443,0.553942,0.025275,0.039630,0.038344,-1
[INFO ] 503999	Whole:0.027636,0.023520,0.041959,0.070779,0.592300,0.028481,0.047739,0.072897,-1
[INFO ] 503999	Cold:0.012705,0.011066,0.039197,0.068200,0.552760,0.024446,0.038630,0.037543,-1
[INFO ] 506999	Whole:0.027894,0.023368,0.042103,0.069603,0.591771,0.028776,0.047716,0.073128,-1
[INFO ] 506999	Cold:0.012840,0.010880,0.040046,0.067181,0.552001,0.024740,0.038601,0.037804,-1
[INFO ] 509999	Whole:0.027318,0.023255,0.042206,0.069780,0.591807,0.028348,0.047395,0.072404,-1
[INFO ] 509999	Cold:0.013144,0.011049,0.040401,0.068037,0.552592,0.024316,0.038524,0.037353,-1