Training: ...search/ranking/data/ml_100k/u1.base, Testing:: ...search/ranking/data/ml_100k/u1.test.
NWBPR: 30,0.005,0.03,10,100,1.0
19	Whole:0.286275,0.252723,0.029548,0.048882,0.000000,0.190276,0.085626,0.412487,-1
19	Cold:0.000000,0.000000,0.000000,0.000000,0.000000,0.000000,0.000000,0.000000,-1
29	Whole:0.331590,0.287146,0.042315,0.065588,0.000000,0.218578,0.107252,0.465090,-1
29	Cold:0.200000,0.100000,0.058824,0.058824,0.000000,0.025000,0.067868,0.250000,-1
39	Whole:0.405229,0.367102,0.062670,0.107182,0.000000,0.282214,0.163596,0.614115,-1
39	Cold:0.200000,0.100000,0.058824,0.058824,0.000000,0.100000,0.157584,1.000000,-1
49	Whole:0.468845,0.410675,0.084684,0.140292,0.000000,0.323469,0.202358,0.694750,-1
49	Cold:0.400000,0.200000,0.117647,0.117647,0.000000,0.090000,0.160387,0.500000,-1
59	Whole:0.480610,0.426362,0.090230,0.151367,0.000000,0.338681,0.214635,0.701813,-1
59	Cold:0.200000,0.100000,0.058824,0.058824,0.000000,0.100000,0.157584,1.000000,-1
69	Whole:0.488017,0.435948,0.092982,0.154314,0.000000,0.344317,0.218352,0.712950,-1
69	Cold:0.200000,0.100000,0.058824,0.058824,0.000000,0.100000,0.157584,1.000000,-1
79	Whole:0.494118,0.453595,0.094935,0.164122,0.000000,0.352291,0.222059,0.675863,-1
79	Cold:0.200000,0.200000,0.058824,0.117647,0.000000,0.070000,0.144977,0.500000,-1
89	Whole:0.505447,0.458824,0.095272,0.166383,0.000000,0.361777,0.227702,0.700439,-1
89	Cold:0.200000,0.100000,0.058824,0.058824,0.000000,0.050000,0.099425,0.500000,-1
99	Whole:0.512854,0.462527,0.096288,0.166009,0.000000,0.368081,0.229825,0.715168,-1
99	Cold:0.200000,0.200000,0.058824,0.117647,0.000000,0.070000,0.144977,0.500000,-1
109	Whole:0.524619,0.469281,0.099138,0.169960,0.000000,0.372570,0.234789,0.723763,-1
109	Cold:0.200000,0.200000,0.058824,0.117647,0.000000,0.072222,0.146862,0.500000,-1
119	Whole:0.527233,0.474074,0.101367,0.172143,0.000000,0.377143,0.236801,0.720719,-1
119	Cold:0.200000,0.200000,0.058824,0.117647,0.000000,0.078571,0.151953,0.500000,-1
129	Whole:0.529412,0.477124,0.102270,0.175239,0.000000,0.380004,0.240853,0.730054,-1
129	Cold:0.200000,0.100000,0.058824,0.058824,0.000000,0.025000,0.067868,0.250000,-1
139	Whole:0.538998,0.482353,0.103094,0.174487,0.000000,0.387156,0.243118,0.750393,-1
139	Cold:0.200000,0.100000,0.058824,0.058824,0.000000,0.050000,0.099425,0.500000,-1
149	Whole:0.535512,0.483007,0.103443,0.176356,0.000000,0.386118,0.244203,0.747395,-1
149	Cold:0.200000,0.100000,0.058824,0.058824,0.000000,0.050000,0.099425,0.500000,-1
159	Whole:0.535512,0.484096,0.102047,0.177079,0.000000,0.388190,0.244634,0.747975,-1
159	Cold:0.200000,0.100000,0.058824,0.058824,0.000000,0.100000,0.157584,1.000000,-1
169	Whole:0.541176,0.484532,0.102729,0.174263,0.000000,0.389629,0.244243,0.746848,-1
169	Cold:0.200000,0.100000,0.058824,0.058824,0.000000,0.033333,0.078792,0.333333,-1
179	Whole:0.530719,0.483442,0.102534,0.174468,0.000000,0.385977,0.243056,0.743359,-1
179	Cold:0.200000,0.100000,0.058824,0.058824,0.000000,0.020000,0.060962,0.200000,-1
189	Whole:0.538126,0.483660,0.103381,0.174199,0.000000,0.387815,0.241872,0.736926,-1
189	Cold:0.200000,0.200000,0.058824,0.117647,0.000000,0.053333,0.124344,0.333333,-1
199	Whole:0.544662,0.484967,0.104627,0.173526,0.000000,0.391068,0.243963,0.748324,-1
199	Cold:0.200000,0.100000,0.058824,0.058824,0.000000,0.033333,0.078792,0.333333,-1
209	Whole:0.540305,0.488671,0.104387,0.176219,0.000000,0.391424,0.245662,0.744023,-1
209	Cold:0.000000,0.100000,0.000000,0.058824,0.000000,0.016667,0.056133,0.166667,-1
219	Whole:0.546405,0.489760,0.107221,0.177627,0.000000,0.393031,0.247523,0.750461,-1
219	Cold:0.200000,0.100000,0.058824,0.058824,0.000000,0.033333,0.078792,0.333333,-1
229	Whole:0.547712,0.488235,0.103931,0.179036,0.000000,0.391400,0.245439,0.739747,-1
229	Cold:0.200000,0.100000,0.058824,0.058824,0.000000,0.033333,0.078792,0.333333,-1
239	Whole:0.541612,0.486492,0.105285,0.176989,0.000000,0.390734,0.245421,0.742951,-1
239	Cold:0.200000,0.100000,0.058824,0.058824,0.000000,0.025000,0.067868,0.250000,-1
249	Whole:0.546841,0.489107,0.105208,0.176583,0.000000,0.393619,0.244510,0.741117,-1
249	Cold:0.200000,0.100000,0.058824,0.058824,0.000000,0.020000,0.060962,0.200000,-1
259	Whole:0.535948,0.487364,0.101628,0.176902,0.000000,0.390234,0.245195,0.747705,-1
259	Cold:0.200000,0.100000,0.058824,0.058824,0.000000,0.025000,0.067868,0.250000,-1
269	Whole:0.542048,0.489760,0.105704,0.179010,0.000000,0.389129,0.245566,0.741419,-1
269	Cold:0.000000,0.100000,0.000000,0.058824,0.000000,0.014286,0.052528,0.142857,-1
279	Whole:0.542919,0.490414,0.106404,0.179884,0.000000,0.390502,0.246157,0.744827,-1
279	Cold:0.200000,0.100000,0.058824,0.058824,0.000000,0.033333,0.078792,0.333333,-1
289	Whole:0.540741,0.493682,0.103434,0.181370,0.000000,0.394924,0.247855,0.745123,-1
289	Cold:0.000000,0.100000,0.000000,0.058824,0.000000,0.016667,0.056133,0.166667,-1
299	Whole:0.541612,0.493246,0.105925,0.181728,0.000000,0.394718,0.248806,0.740650,-1
299	Cold:0.000000,0.100000,0.000000,0.058824,0.000000,0.011111,0.047438,0.111111,-1
309	Whole:0.539869,0.492157,0.104937,0.180234,0.000000,0.394932,0.248931,0.752831,-1
309	Cold:0.200000,0.100000,0.058824,0.058824,0.000000,0.050000,0.099425,0.500000,-1
319	Whole:0.545534,0.490414,0.106938,0.177381,0.000000,0.393187,0.246966,0.748585,-1
319	Cold:0.000000,0.100000,0.000000,0.058824,0.000000,0.014286,0.052528,0.142857,-1
329	Whole:0.547277,0.489107,0.107410,0.179609,0.000000,0.388032,0.245826,0.737346,-1
329	Cold:0.000000,0.100000,0.000000,0.058824,0.000000,0.016667,0.056133,0.166667,-1
339	Whole:0.545534,0.490196,0.106627,0.179563,0.000000,0.391194,0.246480,0.736941,-1
339	Cold:0.000000,0.100000,0.000000,0.058824,0.000000,0.016667,0.056133,0.166667,-1
349	Whole:0.538562,0.487800,0.104242,0.178485,0.000000,0.390659,0.245355,0.748842,-1
349	Cold:0.200000,0.100000,0.058824,0.058824,0.000000,0.020000,0.060962,0.200000,-1
359	Whole:0.549455,0.493246,0.106224,0.181620,0.000000,0.397289,0.250614,0.754622,-1
359	Cold:0.200000,0.100000,0.058824,0.058824,0.000000,0.025000,0.067868,0.250000,-1
369	Whole:0.547712,0.492810,0.106961,0.181730,0.000000,0.397021,0.249828,0.747992,-1
369	Cold:0.200000,0.100000,0.058824,0.058824,0.000000,0.033333,0.078792,0.333333,-1
379	Whole:0.545534,0.491721,0.106803,0.180994,0.000000,0.392069,0.246981,0.733673,-1
379	Cold:0.200000,0.100000,0.058824,0.058824,0.000000,0.050000,0.099425,0.500000,-1
389	Whole:0.547712,0.492810,0.107678,0.182248,0.000000,0.395673,0.250053,0.739539,-1
389	Cold:0.000000,0.100000,0.000000,0.058824,0.000000,0.016667,0.056133,0.166667,-1
399	Whole:0.538562,0.491939,0.102884,0.182565,0.000000,0.393920,0.249556,0.754317,-1
399	Cold:0.200000,0.100000,0.058824,0.058824,0.000000,0.020000,0.060962,0.200000,-1
409	Whole:0.543355,0.489542,0.105789,0.180694,0.000000,0.394626,0.249112,0.748857,-1
409	Cold:0.000000,0.100000,0.000000,0.058824,0.000000,0.014286,0.052528,0.142857,-1
419	Whole:0.541176,0.492375,0.106173,0.178989,0.000000,0.394098,0.246700,0.739308,-1
419	Cold:0.200000,0.100000,0.058824,0.058824,0.000000,0.050000,0.099425,0.500000,-1
429	Whole:0.549020,0.497386,0.107509,0.183973,0.000000,0.398297,0.250891,0.747363,-1
429	Cold:0.000000,0.100000,0.000000,0.058824,0.000000,0.016667,0.056133,0.166667,-1
439	Whole:0.539869,0.489542,0.105426,0.180550,0.000000,0.391489,0.246932,0.747988,-1
439	Cold:0.000000,0.100000,0.000000,0.058824,0.000000,0.014286,0.052528,0.142857,-1
449	Whole:0.539434,0.491068,0.105368,0.179704,0.000000,0.391256,0.246404,0.738919,-1
449	Cold:0.000000,0.100000,0.000000,0.058824,0.000000,0.011111,0.047438,0.111111,-1
459	Whole:0.547277,0.491503,0.109470,0.183468,0.000000,0.395201,0.250591,0.744243,-1
459	Cold:0.000000,0.000000,0.000000,0.000000,0.000000,0.000000,0.000000,0.000000,-1
469	Whole:0.537255,0.492810,0.105879,0.182223,0.000000,0.389631,0.245586,0.730306,-1
469	Cold:0.200000,0.100000,0.058824,0.058824,0.000000,0.020000,0.060962,0.200000,-1
479	Whole:0.545969,0.489760,0.106822,0.180574,0.000000,0.392750,0.248050,0.743547,-1
479	Cold:0.000000,0.100000,0.000000,0.058824,0.000000,0.011111,0.047438,0.111111,-1
489	Whole:0.548148,0.494553,0.109123,0.181995,0.000000,0.396053,0.250160,0.746863,-1
489	Cold:0.000000,0.100000,0.000000,0.058824,0.000000,0.010000,0.045552,0.100000,-1
499	Whole:0.539869,0.490414,0.104794,0.181195,0.000000,0.390463,0.245917,0.732531,-1
499	Cold:0.000000,0.100000,0.000000,0.058824,0.000000,0.016667,0.056133,0.166667,-1
509	Whole:0.544662,0.491503,0.108815,0.181342,0.000000,0.391671,0.248280,0.739105,-1
509	Cold:0.000000,0.100000,0.000000,0.058824,0.000000,0.014286,0.052528,0.142857,-1
519	Whole:0.541612,0.492157,0.106764,0.181122,0.000000,0.393713,0.247860,0.738349,-1
519	Cold:0.000000,0.100000,0.000000,0.058824,0.000000,0.011111,0.047438,0.111111,-1
529	Whole:0.553377,0.490850,0.109313,0.181046,0.000000,0.394192,0.247968,0.736153,-1
529	Cold:0.000000,0.200000,0.000000,0.117647,0.000000,0.031111,0.092990,0.111111,-1
539	Whole:0.544227,0.492375,0.107453,0.183087,0.000000,0.392139,0.247449,0.727700,-1
539	Cold:0.000000,0.000000,0.000000,0.000000,0.000000,0.000000,0.000000,0.000000,-1
549	Whole:0.541176,0.491285,0.107797,0.181653,0.000000,0.391820,0.246918,0.724841,-1
549	Cold:0.000000,0.100000,0.000000,0.058824,0.000000,0.011111,0.047438,0.111111,-1
559	Whole:0.545534,0.491285,0.107620,0.182468,0.000000,0.393659,0.249035,0.741947,-1
559	Cold:0.000000,0.100000,0.000000,0.058824,0.000000,0.010000,0.045552,0.100000,-1
569	Whole:0.538998,0.489107,0.107449,0.181865,0.000000,0.390590,0.248472,0.738882,-1
569	Cold:0.000000,0.000000,0.000000,0.000000,0.000000,0.000000,0.000000,0.000000,-1
579	Whole:0.545969,0.482353,0.108867,0.176796,0.000000,0.385393,0.243763,0.733720,-1
579	Cold:0.000000,0.100000,0.000000,0.058824,0.000000,0.016667,0.056133,0.166667,-1
589	Whole:0.535948,0.487146,0.106718,0.179823,0.000000,0.386717,0.245658,0.726771,-1
589	Cold:0.000000,0.100000,0.000000,0.058824,0.000000,0.012500,0.049712,0.125000,-1
599	Whole:0.541176,0.491939,0.106444,0.182363,0.000000,0.392361,0.248536,0.738149,-1
599	Cold:0.000000,0.200000,0.000000,0.117647,0.000000,0.031111,0.092990,0.111111,-1
609	Whole:0.539434,0.488671,0.106509,0.180156,0.000000,0.389015,0.245470,0.724396,-1
609	Cold:0.000000,0.100000,0.000000,0.058824,0.000000,0.011111,0.047438,0.111111,-1
619	Whole:0.540305,0.487146,0.107372,0.180571,0.000000,0.389016,0.246712,0.737531,-1
619	Cold:0.000000,0.100000,0.000000,0.058824,0.000000,0.016667,0.056133,0.166667,-1
629	Whole:0.541176,0.486710,0.108316,0.179034,0.000000,0.390216,0.247204,0.743181,-1
629	Cold:0.000000,0.100000,0.000000,0.058824,0.000000,0.010000,0.045552,0.100000,-1
639	Whole:0.545098,0.491068,0.108723,0.179963,0.000000,0.393383,0.248193,0.747817,-1
639	Cold:0.200000,0.100000,0.058824,0.058824,0.000000,0.020000,0.060962,0.200000,-1
649	Whole:0.540741,0.491068,0.105856,0.181241,0.000000,0.391288,0.248340,0.746096,-1
649	Cold:0.000000,0.100000,0.000000,0.058824,0.000000,0.010000,0.045552,0.100000,-1
659	Whole:0.546841,0.491068,0.107723,0.180944,0.000000,0.391276,0.247071,0.734136,-1
659	Cold:0.000000,0.100000,0.000000,0.058824,0.000000,0.016667,0.056133,0.166667,-1
669	Whole:0.538562,0.491503,0.104685,0.179126,0.000000,0.393071,0.246054,0.738304,-1
669	Cold:0.000000,0.100000,0.000000,0.058824,0.000000,0.010000,0.045552,0.100000,-1
679	Whole:0.541176,0.491939,0.106749,0.179875,0.000000,0.392907,0.246830,0.736121,-1
679	Cold:0.000000,0.200000,0.000000,0.117647,0.000000,0.034722,0.097150,0.125000,-1
689	Whole:0.540305,0.490632,0.106485,0.181122,0.000000,0.391862,0.246066,0.730715,-1
689	Cold:0.000000,0.100000,0.000000,0.058824,0.000000,0.011111,0.047438,0.111111,-1
699	Whole:0.545969,0.493028,0.109063,0.180846,0.000000,0.394824,0.246731,0.734369,-1
699	Cold:0.000000,0.100000,0.000000,0.058824,0.000000,0.010000,0.045552,0.100000,-1
709	Whole:0.538126,0.493682,0.106851,0.183499,0.000000,0.394481,0.249714,0.748354,-1
709	Cold:0.000000,0.200000,0.000000,0.117647,0.000000,0.036508,0.099966,0.142857,-1
719	Whole:0.537255,0.496296,0.107570,0.185491,0.000000,0.397566,0.251020,0.742563,-1
719	Cold:0.000000,0.200000,0.000000,0.117647,0.000000,0.034722,0.097150,0.125000,-1
729	Whole:0.541176,0.493246,0.107144,0.185958,0.000000,0.395335,0.252293,0.752799,-1
729	Cold:0.000000,0.200000,0.000000,0.117647,0.000000,0.034722,0.097150,0.125000,-1
739	Whole:0.538998,0.491503,0.104895,0.181340,0.000000,0.392120,0.248205,0.742243,-1
739	Cold:0.000000,0.100000,0.000000,0.058824,0.000000,0.011111,0.047438,0.111111,-1
749	Whole:0.548584,0.495643,0.108655,0.184765,0.000000,0.395591,0.249395,0.734381,-1
749	Cold:0.000000,0.200000,0.000000,0.117647,0.000000,0.036508,0.099966,0.142857,-1
759	Whole:0.538998,0.494336,0.105562,0.184114,0.000000,0.393596,0.248883,0.744417,-1
759	Cold:0.000000,0.100000,0.000000,0.058824,0.000000,0.016667,0.056133,0.166667,-1
769	Whole:0.538126,0.493464,0.105182,0.181004,0.000000,0.394478,0.246666,0.739346,-1
769	Cold:0.000000,0.100000,0.000000,0.058824,0.000000,0.012500,0.049712,0.125000,-1
779	Whole:0.538998,0.493682,0.105641,0.182266,0.000000,0.395291,0.248220,0.743676,-1
779	Cold:0.000000,0.200000,0.000000,0.117647,0.000000,0.045238,0.108661,0.166667,-1
789	Whole:0.546405,0.496514,0.107838,0.182927,0.000000,0.396502,0.250203,0.741992,-1
789	Cold:0.000000,0.100000,0.000000,0.058824,0.000000,0.014286,0.052528,0.142857,-1
799	Whole:0.544227,0.491285,0.107559,0.182688,0.000000,0.392248,0.250242,0.743065,-1
799	Cold:0.000000,0.100000,0.000000,0.058824,0.000000,0.016667,0.056133,0.166667,-1
809	Whole:0.543355,0.495861,0.107271,0.185401,0.000000,0.396022,0.251997,0.750051,-1
809	Cold:0.000000,0.200000,0.000000,0.117647,0.000000,0.034722,0.097150,0.125000,-1
819	Whole:0.539869,0.492157,0.106070,0.181794,0.000000,0.392350,0.249025,0.741968,-1
819	Cold:0.000000,0.100000,0.000000,0.058824,0.000000,0.011111,0.047438,0.111111,-1
829	Whole:0.543791,0.492810,0.104738,0.181091,0.000000,0.394089,0.248201,0.733081,-1
829	Cold:0.000000,0.200000,0.000000,0.117647,0.000000,0.034722,0.097150,0.125000,-1
839	Whole:0.542048,0.493246,0.106282,0.184894,0.000000,0.392014,0.248950,0.732132,-1
839	Cold:0.000000,0.100000,0.000000,0.058824,0.000000,0.016667,0.056133,0.166667,-1
849	Whole:0.540305,0.493900,0.105690,0.183739,0.000000,0.391620,0.248299,0.729388,-1
849	Cold:0.000000,0.000000,0.000000,0.000000,0.000000,0.000000,0.000000,0.000000,-1
859	Whole:0.537691,0.493028,0.106195,0.181238,0.000000,0.393552,0.248281,0.738770,-1
859	Cold:0.000000,0.200000,0.000000,0.117647,0.000000,0.038889,0.103570,0.166667,-1
869	Whole:0.542919,0.490414,0.104525,0.180215,0.000000,0.391471,0.246415,0.737643,-1
869	Cold:0.000000,0.200000,0.000000,0.117647,0.000000,0.038889,0.103570,0.166667,-1
879	Whole:0.540305,0.497603,0.106105,0.183873,0.000000,0.395401,0.250179,0.742187,-1
879	Cold:0.000000,0.100000,0.000000,0.058824,0.000000,0.012500,0.049712,0.125000,-1
889	Whole:0.543791,0.489325,0.108438,0.181391,0.000000,0.391061,0.247559,0.736929,-1
889	Cold:0.000000,0.200000,0.000000,0.117647,0.000000,0.034722,0.097150,0.125000,-1
899	Whole:0.539434,0.493028,0.107037,0.183153,0.000000,0.393003,0.248898,0.737739,-1
899	Cold:0.000000,0.100000,0.000000,0.058824,0.000000,0.012500,0.049712,0.125000,-1
909	Whole:0.538998,0.493682,0.105636,0.183299,0.000000,0.392938,0.248206,0.734436,-1
909	Cold:0.000000,0.200000,0.000000,0.117647,0.000000,0.031111,0.092990,0.111111,-1
919	Whole:0.539869,0.489760,0.106291,0.181658,0.000000,0.392285,0.249804,0.746429,-1
919	Cold:0.000000,0.200000,0.000000,0.117647,0.000000,0.036508,0.099966,0.142857,-1
929	Whole:0.549891,0.492157,0.109239,0.181362,0.000000,0.398916,0.251728,0.750106,-1
929	Cold:0.000000,0.100000,0.000000,0.058824,0.000000,0.014286,0.052528,0.142857,-1
939	Whole:0.545098,0.494118,0.107559,0.181521,0.000000,0.399138,0.250717,0.746476,-1
939	Cold:0.200000,0.200000,0.058824,0.117647,0.000000,0.048571,0.113490,0.200000,-1
949	Whole:0.552941,0.492593,0.111529,0.181319,0.000000,0.398009,0.250938,0.746970,-1
949	Cold:0.200000,0.200000,0.058824,0.117647,0.000000,0.048571,0.113490,0.200000,-1
959	Whole:0.543355,0.491939,0.106303,0.181973,0.000000,0.393648,0.248739,0.735680,-1
959	Cold:0.200000,0.200000,0.058824,0.117647,0.000000,0.053333,0.117095,0.200000,-1
969	Whole:0.535076,0.489325,0.104405,0.181929,0.000000,0.393149,0.249078,0.747801,-1
969	Cold:0.200000,0.200000,0.058824,0.117647,0.000000,0.053333,0.117095,0.200000,-1
979	Whole:0.535512,0.494118,0.104894,0.182018,0.000000,0.396290,0.248455,0.736958,-1
979	Cold:0.000000,0.200000,0.000000,0.117647,0.000000,0.039286,0.102240,0.142857,-1
989	Whole:0.547712,0.493900,0.109339,0.183095,0.000000,0.396313,0.250165,0.737852,-1
989	Cold:0.200000,0.200000,0.058824,0.117647,0.000000,0.053333,0.117095,0.200000,-1
999	Whole:0.541176,0.493900,0.106370,0.182001,0.000000,0.395655,0.249220,0.741891,-1
999	Cold:0.000000,0.200000,0.000000,0.117647,0.000000,0.045238,0.108661,0.166667,-1
1009	Whole:0.540741,0.490850,0.107386,0.181445,0.000000,0.392233,0.247734,0.737389,-1
1009	Cold:0.000000,0.200000,0.000000,0.117647,0.000000,0.045238,0.108661,0.166667,-1
1019	Whole:0.547277,0.489978,0.107955,0.179287,0.000000,0.392864,0.246730,0.736291,-1
1019	Cold:0.000000,0.200000,0.000000,0.117647,0.000000,0.039286,0.102240,0.142857,-1
1029	Whole:0.545969,0.492810,0.107945,0.183267,0.000000,0.393783,0.249171,0.729693,-1
1029	Cold:0.200000,0.200000,0.058824,0.117647,0.000000,0.053333,0.117095,0.200000,-1
1039	Whole:0.538126,0.491068,0.106059,0.181281,0.000000,0.390888,0.248380,0.742461,-1
1039	Cold:0.200000,0.200000,0.058824,0.117647,0.000000,0.042222,0.108400,0.200000,-1
1049	Whole:0.540305,0.491721,0.106492,0.182784,0.000000,0.392017,0.248821,0.734820,-1
1049	Cold:0.200000,0.200000,0.058824,0.117647,0.000000,0.053333,0.117095,0.200000,-1
1059	Whole:0.542484,0.492810,0.107404,0.181301,0.000000,0.394489,0.248857,0.738979,-1
1059	Cold:0.000000,0.100000,0.000000,0.058824,0.000000,0.016667,0.056133,0.166667,-1
1069	Whole:0.547712,0.491939,0.108993,0.182655,0.000000,0.395348,0.249861,0.748719,-1
1069	Cold:0.000000,0.100000,0.000000,0.058824,0.000000,0.010000,0.045552,0.100000,-1
1079	Whole:0.542048,0.492810,0.108058,0.183162,0.000000,0.393358,0.251010,0.746721,-1
1079	Cold:0.200000,0.200000,0.058824,0.117647,0.000000,0.048571,0.113490,0.200000,-1
1089	Whole:0.542484,0.498911,0.107843,0.185531,0.000000,0.398529,0.251790,0.731589,-1
1089	Cold:0.000000,0.100000,0.000000,0.058824,0.000000,0.016667,0.056133,0.166667,-1
1099	Whole:0.540741,0.492810,0.107509,0.183310,0.000000,0.392551,0.248616,0.734451,-1
1099	Cold:0.000000,0.200000,0.000000,0.117647,0.000000,0.034722,0.097150,0.125000,-1
1109	Whole:0.539434,0.493900,0.106601,0.182887,0.000000,0.395478,0.249923,0.739507,-1
1109	Cold:0.200000,0.100000,0.058824,0.058824,0.000000,0.020000,0.060962,0.200000,-1
1119	Whole:0.542048,0.493028,0.107137,0.182668,0.000000,0.393895,0.249298,0.741767,-1
1119	Cold:0.200000,0.100000,0.058824,0.058824,0.000000,0.020000,0.060962,0.200000,-1
1129	Whole:0.542048,0.489325,0.108708,0.181699,0.000000,0.391607,0.246810,0.732081,-1
1129	Cold:0.000000,0.100000,0.000000,0.058824,0.000000,0.016667,0.056133,0.166667,-1
1139	Whole:0.539434,0.490196,0.105474,0.179882,0.000000,0.393593,0.248090,0.745752,-1
1139	Cold:0.000000,0.100000,0.000000,0.058824,0.000000,0.011111,0.047438,0.111111,-1
1149	Whole:0.536383,0.491068,0.105998,0.182465,0.000000,0.390834,0.248279,0.736338,-1
1149	Cold:0.200000,0.200000,0.058824,0.117647,0.000000,0.053333,0.117095,0.200000,-1
1159	Whole:0.545098,0.488235,0.108056,0.182553,0.000000,0.390386,0.247858,0.738309,-1
1159	Cold:0.200000,0.200000,0.058824,0.117647,0.000000,0.040000,0.106514,0.200000,-1
1169	Whole:0.542484,0.490196,0.107472,0.182810,0.000000,0.393428,0.249244,0.748840,-1
1169	Cold:0.000000,0.200000,0.000000,0.117647,0.000000,0.038889,0.103570,0.166667,-1
1179	Whole:0.538562,0.495643,0.106030,0.185511,0.000000,0.394826,0.251782,0.751767,-1
1179	Cold:0.200000,0.100000,0.058824,0.058824,0.000000,0.020000,0.060962,0.200000,-1
1189	Whole:0.547712,0.493246,0.108248,0.183685,0.000000,0.394180,0.249135,0.738951,-1
1189	Cold:0.200000,0.200000,0.058824,0.117647,0.000000,0.045000,0.110674,0.200000,-1
1199	Whole:0.548148,0.494989,0.108539,0.183638,0.000000,0.396683,0.249366,0.738636,-1
1199	Cold:0.200000,0.100000,0.058824,0.058824,0.000000,0.020000,0.060962,0.200000,-1
1209	Whole:0.542048,0.486928,0.107716,0.179648,0.000000,0.392964,0.248113,0.754035,-1
1209	Cold:0.200000,0.100000,0.058824,0.058824,0.000000,0.020000,0.060962,0.200000,-1
1219	Whole:0.540305,0.486928,0.106438,0.179276,0.000000,0.392780,0.247258,0.748459,-1
1219	Cold:0.200000,0.100000,0.058824,0.058824,0.000000,0.020000,0.060962,0.200000,-1
1229	Whole:0.545534,0.489760,0.107537,0.180279,0.000000,0.391734,0.246725,0.736563,-1
1229	Cold:0.200000,0.200000,0.058824,0.117647,0.000000,0.040000,0.106514,0.200000,-1
1239	Whole:0.541612,0.486492,0.106223,0.179128,0.000000,0.388395,0.245034,0.731988,-1
1239	Cold:0.000000,0.100000,0.000000,0.058824,0.000000,0.012500,0.049712,0.125000,-1
1249	Whole:0.537691,0.487146,0.105420,0.180928,0.000000,0.388771,0.245315,0.736436,-1
1249	Cold:0.000000,0.100000,0.000000,0.058824,0.000000,0.012500,0.049712,0.125000,-1
1259	Whole:0.538998,0.486057,0.105639,0.181326,0.000000,0.387073,0.246119,0.735005,-1
1259	Cold:0.000000,0.100000,0.000000,0.058824,0.000000,0.016667,0.056133,0.166667,-1
1269	Whole:0.532462,0.493464,0.105324,0.183034,0.000000,0.392317,0.248245,0.734271,-1
1269	Cold:0.000000,0.100000,0.000000,0.058824,0.000000,0.016667,0.056133,0.166667,-1
1279	Whole:0.534641,0.488671,0.104045,0.182580,0.000000,0.388843,0.246713,0.741002,-1
1279	Cold:0.000000,0.100000,0.000000,0.058824,0.000000,0.012500,0.049712,0.125000,-1
1289	Whole:0.535948,0.489760,0.106596,0.183828,0.000000,0.391018,0.248353,0.747673,-1
1289	Cold:0.000000,0.100000,0.000000,0.058824,0.000000,0.014286,0.052528,0.142857,-1
1299	Whole:0.542919,0.483442,0.107199,0.179918,0.000000,0.385951,0.246425,0.747424,-1
1299	Cold:0.000000,0.100000,0.000000,0.058824,0.000000,0.011111,0.047438,0.111111,-1
1309	Whole:0.534205,0.489325,0.104269,0.181196,0.000000,0.389041,0.246413,0.741610,-1
1309	Cold:0.000000,0.100000,0.000000,0.058824,0.000000,0.012500,0.049712,0.125000,-1
1319	Whole:0.545534,0.488889,0.109628,0.180270,0.000000,0.390791,0.248121,0.748213,-1
1319	Cold:0.200000,0.100000,0.058824,0.058824,0.000000,0.020000,0.060962,0.200000,-1
1329	Whole:0.541612,0.492593,0.108927,0.183204,0.000000,0.395365,0.249679,0.748426,-1
1329	Cold:0.200000,0.100000,0.058824,0.058824,0.000000,0.020000,0.060962,0.200000,-1
1339	Whole:0.543355,0.489542,0.106460,0.180872,0.000000,0.394329,0.248373,0.744031,-1
1339	Cold:0.000000,0.100000,0.000000,0.058824,0.000000,0.016667,0.056133,0.166667,-1
1349	Whole:0.539434,0.487582,0.107639,0.178055,0.000000,0.391601,0.247266,0.750356,-1
1349	Cold:0.000000,0.100000,0.000000,0.058824,0.000000,0.014286,0.052528,0.142857,-1
1359	Whole:0.543355,0.492375,0.105964,0.183258,0.000000,0.396864,0.251204,0.750050,-1
1359	Cold:0.000000,0.000000,0.000000,0.000000,0.000000,0.000000,0.000000,0.000000,-1
1369	Whole:0.542484,0.488017,0.107861,0.180830,0.000000,0.391412,0.247529,0.732476,-1
1369	Cold:0.000000,0.100000,0.000000,0.058824,0.000000,0.012500,0.049712,0.125000,-1
1379	Whole:0.541176,0.491285,0.108210,0.183083,0.000000,0.394904,0.250929,0.749175,-1
1379	Cold:0.000000,0.100000,0.000000,0.058824,0.000000,0.012500,0.049712,0.125000,-1
1389	Whole:0.540305,0.489978,0.106306,0.180658,0.000000,0.393707,0.248553,0.745190,-1
1389	Cold:0.000000,0.100000,0.000000,0.058824,0.000000,0.012500,0.049712,0.125000,-1
1399	Whole:0.543791,0.492157,0.108348,0.182801,0.000000,0.395887,0.249935,0.749132,-1
1399	Cold:0.000000,0.100000,0.000000,0.058824,0.000000,0.014286,0.052528,0.142857,-1
1409	Whole:0.541612,0.488671,0.106536,0.180786,0.000000,0.391682,0.248005,0.741034,-1
1409	Cold:0.000000,0.100000,0.000000,0.058824,0.000000,0.014286,0.052528,0.142857,-1
1419	Whole:0.540305,0.486710,0.106089,0.179631,0.000000,0.392807,0.248006,0.751896,-1
1419	Cold:0.000000,0.200000,0.000000,0.117647,0.000000,0.032500,0.095264,0.125000,-1
1429	Whole:0.539869,0.484749,0.106767,0.179403,0.000000,0.390130,0.247684,0.748357,-1
1429	Cold:0.000000,0.100000,0.000000,0.058824,0.000000,0.011111,0.047438,0.111111,-1
1439	Whole:0.537691,0.492810,0.104647,0.181559,0.000000,0.394703,0.247428,0.743997,-1
1439	Cold:0.000000,0.100000,0.000000,0.058824,0.000000,0.011111,0.047438,0.111111,-1
1449	Whole:0.534205,0.488671,0.104016,0.182211,0.000000,0.390116,0.248312,0.744891,-1
1449	Cold:0.000000,0.000000,0.000000,0.000000,0.000000,0.000000,0.000000,0.000000,-1
1459	Whole:0.533769,0.488235,0.105083,0.179926,0.000000,0.391466,0.247945,0.752482,-1
1459	Cold:0.000000,0.200000,0.000000,0.117647,0.000000,0.031111,0.092990,0.111111,-1
1469	Whole:0.539434,0.490414,0.104951,0.182426,0.000000,0.393162,0.248659,0.744820,-1
1469	Cold:0.000000,0.100000,0.000000,0.058824,0.000000,0.016667,0.056133,0.166667,-1
1479	Whole:0.539434,0.490196,0.104748,0.180796,0.000000,0.396551,0.250644,0.757108,-1
1479	Cold:0.000000,0.100000,0.000000,0.058824,0.000000,0.016667,0.056133,0.166667,-1
1489	Whole:0.545098,0.491939,0.108836,0.182904,0.000000,0.395187,0.249189,0.741329,-1
1489	Cold:0.200000,0.100000,0.058824,0.058824,0.000000,0.020000,0.060962,0.200000,-1
1499	Whole:0.547712,0.487582,0.107372,0.183312,0.000000,0.393205,0.248828,0.748197,-1
1499	Cold:0.000000,0.100000,0.000000,0.058824,0.000000,0.016667,0.056133,0.166667,-1
1509	Whole:0.542919,0.491503,0.107728,0.181271,0.000000,0.394341,0.248575,0.739983,-1
1509	Cold:0.200000,0.100000,0.058824,0.058824,0.000000,0.020000,0.060962,0.200000,-1
1519	Whole:0.544227,0.490632,0.108495,0.182358,0.000000,0.392335,0.249202,0.744640,-1
1519	Cold:0.000000,0.100000,0.000000,0.058824,0.000000,0.016667,0.056133,0.166667,-1
1529	Whole:0.546405,0.491503,0.108245,0.181798,0.000000,0.396297,0.251088,0.761446,-1
1529	Cold:0.200000,0.100000,0.058824,0.058824,0.000000,0.020000,0.060962,0.200000,-1
1539	Whole:0.541176,0.489107,0.106036,0.179155,0.000000,0.392702,0.246004,0.736938,-1
1539	Cold:0.200000,0.100000,0.058824,0.058824,0.000000,0.020000,0.060962,0.200000,-1
1549	Whole:0.539434,0.491285,0.106324,0.182172,0.000000,0.397433,0.251257,0.759262,-1
1549	Cold:0.200000,0.100000,0.058824,0.058824,0.000000,0.020000,0.060962,0.200000,-1
1559	Whole:0.547277,0.493028,0.110917,0.183566,0.000000,0.398230,0.251928,0.747349,-1
1559	Cold:0.200000,0.100000,0.058824,0.058824,0.000000,0.025000,0.067868,0.250000,-1
1569	Whole:0.549020,0.489107,0.110263,0.179945,0.000000,0.393559,0.248655,0.747151,-1
1569	Cold:0.200000,0.200000,0.058824,0.117647,0.000000,0.042222,0.108400,0.200000,-1
1579	Whole:0.553377,0.491503,0.108681,0.181034,0.000000,0.393699,0.247988,0.735183,-1
1579	Cold:0.000000,0.200000,0.000000,0.117647,0.000000,0.034286,0.098080,0.142857,-1
1589	Whole:0.548584,0.489978,0.108762,0.181233,0.000000,0.392714,0.248355,0.742708,-1
1589	Cold:0.000000,0.100000,0.000000,0.058824,0.000000,0.016667,0.056133,0.166667,-1
1599	Whole:0.542048,0.488889,0.106377,0.178772,0.000000,0.390775,0.245026,0.734066,-1
1599	Cold:0.200000,0.100000,0.058824,0.058824,0.000000,0.020000,0.060962,0.200000,-1
1609	Whole:0.542919,0.486928,0.105323,0.178589,0.000000,0.391323,0.246179,0.744894,-1
1609	Cold:0.000000,0.100000,0.000000,0.058824,0.000000,0.016667,0.056133,0.166667,-1
1619	Whole:0.542919,0.490196,0.107285,0.179250,0.000000,0.390548,0.244631,0.731156,-1
1619	Cold:0.200000,0.100000,0.058824,0.058824,0.000000,0.025000,0.067868,0.250000,-1
1629	Whole:0.544227,0.486492,0.108144,0.178291,0.000000,0.389349,0.245596,0.738633,-1
1629	Cold:0.200000,0.100000,0.058824,0.058824,0.000000,0.020000,0.060962,0.200000,-1
1639	Whole:0.545098,0.487146,0.108409,0.180643,0.000000,0.390063,0.246409,0.731966,-1
1639	Cold:0.200000,0.100000,0.058824,0.058824,0.000000,0.020000,0.060962,0.200000,-1
1649	Whole:0.548148,0.488453,0.107296,0.178636,0.000000,0.394548,0.248658,0.749862,-1
1649	Cold:0.200000,0.100000,0.058824,0.058824,0.000000,0.025000,0.067868,0.250000,-1
1659	Whole:0.543791,0.489542,0.106785,0.181029,0.000000,0.391838,0.247126,0.745169,-1
1659	Cold:0.000000,0.100000,0.000000,0.058824,0.000000,0.014286,0.052528,0.142857,-1
1669	Whole:0.544662,0.491939,0.106360,0.180783,0.000000,0.393725,0.247694,0.744923,-1
1669	Cold:0.000000,0.100000,0.000000,0.058824,0.000000,0.016667,0.056133,0.166667,-1
1679	Whole:0.545098,0.489542,0.107485,0.181064,0.000000,0.393477,0.248428,0.747364,-1
1679	Cold:0.200000,0.100000,0.058824,0.058824,0.000000,0.020000,0.060962,0.200000,-1
1689	Whole:0.536819,0.489542,0.103920,0.181732,0.000000,0.392367,0.247560,0.747016,-1
1689	Cold:0.200000,0.200000,0.058824,0.117647,0.000000,0.040000,0.106514,0.200000,-1
1699	Whole:0.544662,0.488235,0.106787,0.182041,0.000000,0.392407,0.247412,0.738707,-1
1699	Cold:0.000000,0.100000,0.000000,0.058824,0.000000,0.016667,0.056133,0.166667,-1
1709	Whole:0.545969,0.488453,0.106281,0.180039,0.000000,0.395781,0.248229,0.741023,-1
1709	Cold:0.200000,0.100000,0.058824,0.058824,0.000000,0.020000,0.060962,0.200000,-1
1719	Whole:0.554248,0.486928,0.109653,0.180759,0.000000,0.396049,0.251370,0.756773,-1
1719	Cold:0.000000,0.100000,0.000000,0.058824,0.000000,0.014286,0.052528,0.142857,-1
1729	Whole:0.546841,0.489978,0.108488,0.181485,0.000000,0.395207,0.249578,0.751083,-1
1729	Cold:0.200000,0.100000,0.058824,0.058824,0.000000,0.020000,0.060962,0.200000,-1
1739	Whole:0.540741,0.484967,0.106784,0.178703,0.000000,0.391188,0.248057,0.755098,-1
1739	Cold:0.200000,0.200000,0.058824,0.117647,0.000000,0.040000,0.106514,0.200000,-1
1749	Whole:0.536383,0.491285,0.104277,0.181026,0.000000,0.395109,0.250289,0.757249,-1
1749	Cold:0.000000,0.100000,0.000000,0.058824,0.000000,0.014286,0.052528,0.142857,-1
1759	Whole:0.542919,0.487582,0.107794,0.179762,0.000000,0.394117,0.248496,0.751935,-1
1759	Cold:0.000000,0.100000,0.000000,0.058824,0.000000,0.012500,0.049712,0.125000,-1
1769	Whole:0.539869,0.483007,0.107044,0.177459,0.000000,0.390076,0.245725,0.742348,-1
1769	Cold:0.000000,0.100000,0.000000,0.058824,0.000000,0.016667,0.056133,0.166667,-1
1779	Whole:0.532898,0.491939,0.104949,0.184604,0.000000,0.394813,0.250612,0.747183,-1
1779	Cold:0.000000,0.100000,0.000000,0.058824,0.000000,0.011111,0.047438,0.111111,-1
1789	Whole:0.552070,0.490850,0.109088,0.182847,0.000000,0.395973,0.250031,0.749988,-1
1789	Cold:0.000000,0.100000,0.000000,0.058824,0.000000,0.014286,0.052528,0.142857,-1
1799	Whole:0.538126,0.486492,0.106151,0.180377,0.000000,0.390449,0.245891,0.738172,-1
1799	Cold:0.200000,0.100000,0.058824,0.058824,0.000000,0.020000,0.060962,0.200000,-1
1809	Whole:0.540305,0.484749,0.105832,0.180310,0.000000,0.388192,0.246268,0.742040,-1
1809	Cold:0.200000,0.100000,0.058824,0.058824,0.000000,0.020000,0.060962,0.200000,-1
1819	Whole:0.542484,0.489978,0.108428,0.181934,0.000000,0.392184,0.248820,0.739885,-1
1819	Cold:0.200000,0.100000,0.058824,0.058824,0.000000,0.033333,0.078792,0.333333,-1
1829	Whole:0.535512,0.488017,0.106525,0.181121,0.000000,0.392765,0.248624,0.749179,-1
1829	Cold:0.200000,0.100000,0.058824,0.058824,0.000000,0.025000,0.067868,0.250000,-1
1839	Whole:0.540741,0.491939,0.106367,0.181251,0.000000,0.395061,0.247317,0.742978,-1
1839	Cold:0.200000,0.100000,0.058824,0.058824,0.000000,0.020000,0.060962,0.200000,-1
1849	Whole:0.539869,0.487582,0.106403,0.179910,0.000000,0.393397,0.248526,0.747293,-1
1849	Cold:0.200000,0.200000,0.058824,0.117647,0.000000,0.042222,0.108400,0.200000,-1
1859	Whole:0.536383,0.489107,0.105538,0.179688,0.000000,0.392155,0.246203,0.739440,-1
1859	Cold:0.000000,0.100000,0.000000,0.058824,0.000000,0.016667,0.056133,0.166667,-1
1869	Whole:0.548148,0.487582,0.107890,0.177622,0.000000,0.394190,0.246450,0.741747,-1
1869	Cold:0.200000,0.100000,0.058824,0.058824,0.000000,0.025000,0.067868,0.250000,-1
1879	Whole:0.544227,0.488889,0.106452,0.177457,0.000000,0.395498,0.247252,0.743823,-1
1879	Cold:0.200000,0.200000,0.058824,0.117647,0.000000,0.045000,0.113420,0.250000,-1
1889	Whole:0.546841,0.490414,0.107601,0.179849,0.000000,0.397430,0.249265,0.750144,-1
1889	Cold:0.200000,0.100000,0.058824,0.058824,0.000000,0.025000,0.067868,0.250000,-1
1899	Whole:0.542484,0.488889,0.107469,0.179111,0.000000,0.397243,0.249184,0.751615,-1
1899	Cold:0.200000,0.100000,0.058824,0.058824,0.000000,0.020000,0.060962,0.200000,-1
1909	Whole:0.538562,0.486057,0.103630,0.177481,0.000000,0.390190,0.244832,0.742273,-1
1909	Cold:0.200000,0.100000,0.058824,0.058824,0.000000,0.025000,0.067868,0.250000,-1
1919	Whole:0.548148,0.485403,0.107427,0.177615,0.000000,0.391571,0.247156,0.749295,-1
1919	Cold:0.200000,0.100000,0.058824,0.058824,0.000000,0.025000,0.067868,0.250000,-1
1929	Whole:0.544662,0.484532,0.107539,0.178412,0.000000,0.389700,0.246113,0.742143,-1
1929	Cold:0.200000,0.100000,0.058824,0.058824,0.000000,0.025000,0.067868,0.250000,-1
1939	Whole:0.537691,0.489760,0.105784,0.180644,0.000000,0.392379,0.247814,0.739945,-1
1939	Cold:0.200000,0.100000,0.058824,0.058824,0.000000,0.020000,0.060962,0.200000,-1
1949	Whole:0.539869,0.488235,0.107559,0.179894,0.000000,0.392654,0.248154,0.753008,-1
1949	Cold:0.000000,0.200000,0.000000,0.117647,0.000000,0.036508,0.099966,0.142857,-1
1959	Whole:0.545098,0.489978,0.107797,0.178940,0.000000,0.393541,0.247801,0.746369,-1
1959	Cold:0.200000,0.100000,0.058824,0.058824,0.000000,0.025000,0.067868,0.250000,-1
1969	Whole:0.544227,0.484967,0.107187,0.177062,0.000000,0.391413,0.245701,0.739598,-1
1969	Cold:0.000000,0.200000,0.000000,0.117647,0.000000,0.036667,0.101685,0.166667,-1
1979	Whole:0.538126,0.486710,0.106017,0.179590,0.000000,0.392015,0.247077,0.740088,-1
1979	Cold:0.000000,0.100000,0.000000,0.058824,0.000000,0.014286,0.052528,0.142857,-1
1989	Whole:0.537255,0.486275,0.103321,0.178739,0.000000,0.389105,0.244700,0.738878,-1
1989	Cold:0.200000,0.100000,0.058824,0.058824,0.000000,0.025000,0.067868,0.250000,-1
1999	Whole:0.543355,0.488453,0.106859,0.178124,0.000000,0.391813,0.246046,0.740240,-1
1999	Cold:0.200000,0.100000,0.058824,0.058824,0.000000,0.020000,0.060962,0.200000,-1
0.541612,0.491503,0.106700,0.179544,0.000000,0.394205,0.247581,0.745226,-1
