Training: ...search/ranking/data/ml_100k/u1.base, Testing:: ...search/ranking/data/ml_100k/u1.test.
NWBPR: 30,4.5E-4,0.3,10,100,1.0
519	Whole:0.591285,0.527451,0.119368,0.200765,0.000000,0.445678,0.275968,0.802760,-1
519	Cold:0.200000,0.300000,0.058824,0.176471,0.000000,0.176190,0.266245,1.000000,-1
539	Whole:0.592593,0.526144,0.120430,0.203007,0.000000,0.444331,0.276843,0.807293,-1
539	Cold:0.200000,0.300000,0.058824,0.176471,0.000000,0.166071,0.259825,1.000000,-1
559	Whole:0.591721,0.523965,0.119732,0.199608,0.000000,0.443948,0.274883,0.803566,-1
559	Cold:0.200000,0.300000,0.058824,0.176471,0.000000,0.176190,0.266245,1.000000,-1
579	Whole:0.591721,0.520697,0.121311,0.197982,0.000000,0.443027,0.275195,0.810713,-1
579	Cold:0.200000,0.300000,0.058824,0.176471,0.000000,0.170833,0.263429,1.000000,-1
599	Whole:0.589107,0.522440,0.120018,0.199982,0.000000,0.441166,0.275317,0.804856,-1
599	Cold:0.400000,0.300000,0.117647,0.176471,0.000000,0.190000,0.274679,1.000000,-1
619	Whole:0.591721,0.520044,0.120436,0.197672,0.000000,0.439939,0.273794,0.804053,-1
619	Cold:0.200000,0.300000,0.058824,0.176471,0.000000,0.176190,0.266245,1.000000,-1
639	Whole:0.593028,0.520697,0.120694,0.195010,0.000000,0.440877,0.273280,0.810659,-1
639	Cold:0.400000,0.300000,0.117647,0.176471,0.000000,0.209524,0.288904,1.000000,-1
659	Whole:0.590850,0.522658,0.119148,0.198308,0.000000,0.440730,0.274279,0.806127,-1
659	Cold:0.600000,0.300000,0.176471,0.176471,0.000000,0.226667,0.297338,1.000000,-1
679	Whole:0.591721,0.523965,0.119540,0.198608,0.000000,0.443133,0.275049,0.807312,-1
679	Cold:0.600000,0.300000,0.176471,0.176471,0.000000,0.210000,0.286414,1.000000,-1
699	Whole:0.589107,0.520479,0.119289,0.194715,0.000000,0.439461,0.272711,0.804801,-1
699	Cold:0.400000,0.3299	Whole:0.568192,0.503704,0.111686,0.185696,0.000000,0.416596,0.259182,0.773253,-1
299	Cold:0.200000,0.300000,0.058824,0.176471,0.000000,0.163333,0.259269,1.000000,-1
319	Whole:0.568192,0.506972,0.110024,0.186304,0.000000,0.419603,0.260352,0.775298,-1
319	Cold:0.200000,0.200000,0.058824,0.117647,0.000000,0.133333,0.213717,1.000000,-1
339	Whole:0.574292,0.506754,0.114004,0.186473,0.000000,0.420946,0.262280,0.785962,-1
339	Cold:0.200000,0.200000,0.058824,0.117647,0.000000,0.133333,0.213717,1.000000,-1
359	Whole:0.572985,0.508497,0.112110,0.187516,0.000000,0.424340,0.263827,0.787689,-1
359	Cold:0.200000,0.300000,0.058824,0.176471,0.000000,0.163333,0.259269,1.000000,-1
379	Whole:0.577342,0.512636,0.112852,0.189503,0.000000,0.428465,0.265425,0.786058,-1
379	Cold:0.200000,0.200000,0.058824,0.117647,0.000000,0.133333,0.213717,1.000000,-1
00000,0.117647,0.176471,0.000000,0.166667,0.234349,0.500000,-1
819	Whole:0.585185,0.522222,0.118984,0.201955,0.000000,0.440052,0.275909,0.802326,-1
819	Cold:0.600000,0.300000,0.176471,0.176471,0.000000,0.176667,0.239179,0.500000,-1
839	Whole:0.590850,0.518083,0.120341,0.199334,0.000000,0.437033,0.273943,0.807279,-1
839	Cold:0.600000,0.300000,0.176471,0.176471,0.000000,0.143333,0.207622,0.333333,-1
859	Whole:0.585185,0.524401,0.118811,0.203821,0.000000,0.440486,0.276758,0.810707,-1
859	Cold:0.600000,0.300000,0.176471,0.176471,0.000000,0.160000,0.228254,0.500000,-1
879	Whole:0.585185,0.522658,0.117615,0.199916,0.000000,0.439483,0.275209,0.807276,-1
879	Cold:0.600000,0.300000,0.176471,0.176471,0.000000,0.160000,0.228254,0.500000,-1
899	Whole:0.583442,0.518519,0.117534,0.196866,0.000000,0.436098,0.272601,0.803213,-1
899	Cold:0.600000,0.300000,0.176471,0.176471,0.000000,0.176667,0.239179,0.500000,-1
919	Whole:0.583442,0.518954,0.117399,0.198186,0.000000,0.436149,0.272890,0.803894,-1
919	Cold:0.600000,0.300000,0.176471,0.176471,0.000000,0.160000,0.228254,0.500000,-1
939	Whole:0.585185,0.520261,0.118873,0.199070,0.000000,0.436955,0.273645,0.803342,-1
939	Cold:0.600000,0.300000,0.176471,0.176471,0.000000,0.143333,0.207622,0.333333,-1
959	Whole:0.584749,0.518736,0.117955,0.199418,0.000000,0.435311,0.274211,0.809373,-1
959	Cold:0.600000,0.300000,0.176471,0.176471,0.000000,0.160000,0.228254,0.500000,-1
979	Whole:0.584749,0.520697,0.118344,0.198954,0.000000,0.438191,0.275156,0.811431,-1
979	Cold:0.600000,0.300000,0.176471,0.176471,0.000000,0.160000,0.228254,0.500000,-1
999	Whole:0.587364,0.519390,0.118306,0.201356,0.000000,0.438017,0.275678,0.810687,-1
999	Cold:0.600000,0.300000,0.176471,0.176471,0.000000,0.143333,0.207622,0.333333,-1
1019	Whole:0.586057,0.517865,0.119034,0.198680,0.000000,0.436223,0.274571,0.811981,-1
1019	Cold:0.600000,0.300000,0.176471,0.176471,0.000000,0.160000,0.228254,0.500000,-1
1039	Whole:0.586492,0.517865,0.118652,0.199355,0.000000,0.437235,0.274931,0.810472,-1
1039	Cold:0.600000,0.300000,0.176471,0.176471,0.000000,0.143333,0.207622,0.333333,-1
1059	Whole:0.587800,0.519608,0.119116,0.199795,0.000000,0.438587,0.274906,0.809449,-1
1059	Cold:0.600000,0.300000,0.176471,0.176471,0.000000,0.160000,0.228254,0.500000,-1
1079	Whole:0.584749,0.521133,0.118713,0.201941,0.000000,0.438435,0.274975,0.798096,-1
1079	Cold:0.400000,0.300000,0.117647,0.176471,0.000000,0.150000,0.223425,0.500000,-1
1099	Whole:0.584314,0.521569,0.118711,0.202662,0.000000,0.439811,0.276524,0.810826,-1
1099	Cold:0.400000,0.300000,0.117647,0.176471,0.000000,0.150000,0.223425,0.500000,-1
1119	Whole:0.585185,0.523529,0.118066,0.203111,0.000000,0.440523,0.277126,0.809884,-1
1119	Cold:0.400000,0.300000,0.117647,0.176471,0.000000,0.150000,0.223425,0.500000,-1
1139	Whole:0.585621,0.519390,0.118550,0.199498,0.000000,0.436222,0.273399,0.801470,-1
1139	Cold:0.600000,0.300000,0.176471,0.176471,0.000000,0.160000,0.228254,0.500000,-1
1159	Whole:0.586492,0.520261,0.118342,0.202262,0.000000,0.437648,0.274911,0.804354,-1
1159	Cold:0.600000,0.300000,0.176471,0.176471,0.000000,0.143333,0.207622,0.333333,-1
1179	Whole:0.584749,0.521569,0.117970,0.201400,0.000000,0.438523,0.274384,0.802220,-1
1179	Cold:0.400000,0.300000,0.117647,0.176471,0.000000,0.133333,0.202793,0.333333,-1
1199	Whole:0.583878,0.518519,0.118941,0.201494,0.000000,0.436501,0.274765,0.805263,-1
1199	Cold:0.400000,0.300000,0.117647,0.176471,0.000000,0.126190,0.199188,0.333333,-1
1219	Whole:0.584749,0.518519,0.118562,0.202657,0.000000,0.436149,0.275554,0.806494,-1
1219	Cold:0.400000,0.300000,0.117647,0.176471,0.000000,0.126190,0.199188,0.333333,-1
1239	Whole:0.584314,0.521133,0.118528,0.202227,0.000000,0.437984,0.275478,0.804738,-1
1239	Cold:0.400000,0.300000,0.117647,0.176471,0.000000,0.120833,0.196372,0.333333,-1
1259	Whole:0.578214,0.522440,0.116447,0.201737,0.000000,0.438681,0.275237,0.804247,-1
1259	Cold:0.400000,0.300000,0.117647,0.176471,0.000000,0.142857,0.219821,0.500000,-1
1279	Whole:0.588235,0.520044,0.118037,0.201206,0.000000,0.439053,0.275812,0.807796,-1
1279	Cold:0.400000,0.300000,0.117647,0.176471,0.000000,0.137500,0.217005,0.500000,-1
1299	Whole:0.585185,0.522658,0.117548,0.200452,0.000000,0.438989,0.274642,0.798247,-1
1299	Cold:0.400000,0.300000,0.117647,0.176471,0.000000,0.137500,0.217005,0.500000,-1
1319	Whole:0.584749,0.517211,0.117997,0.200453,0.000000,0.434956,0.273941,0.802102,-1
1319	Cold:0.400000,0.300000,0.117647,0.176471,0.000000,0.159524,0.230745,0.500000,-1
1339	Whole:0.593464,0.520697,0.120569,0.201351,0.000000,0.440813,0.276182,0.812953,-1
1339	Cold:0.400000,0.300000,0.117647,0.176471,0.000000,0.159524,0.230745,0.500000,-1
1359	Whole:0.587800,0.521351,0.118043,0.200140,0.000000,0.439532,0.275240,0.801801,-1
1359	Cold:0.400000,0.300000,0.117647,0.176471,0.000000,0.159524,0.230745,0.500000,-1
1379	Whole:0.583878,0.523094,0.118407,0.202212,0.000000,0.440340,0.277193,0.809996,-1
1379	Cold:0.400000,0.300000,0.117647,0.176471,0.000000,0.154167,0.227929,0.500000,-1
1399	Whole:0.588671,0.525708,0.118845,0.204831,0.000000,0.442297,0.279137,0.811782,-1
1399	Cold:0.400000,0.300000,0.117647,0.176471,0.000000,0.159524,0.230745,0.500000,-1
1419	Whole:0.589978,0.522658,0.120498,0.202455,0.000000,0.439604,0.276545,0.806504,-1
1419	Cold:0.400000,0.300000,0.117647,0.176471,0.000000,0.159524,0.230745,0.500000,-1
1439	Whole:0.586928,0.520479,0.119535,0.201568,0.000000,0.438262,0.275746,0.805442,-1
1439	Cold:0.400000,0.300000,0.117647,0.176471,0.000000,0.142857,0.219821,0.500000,-1
1459	Whole:0.584749,0.522222,0.118046,0.200409,0.000000,0.439380,0.274957,0.801327,-1
1459	Cold:0.400000,0.300000,0.117647,0.176471,0.000000,0.142857,0.219821,0.500000,-1
1479	Whole:0.586928,0.520697,0.120321,0.201592,0.000000,0.438226,0.276278,0.808485,-1
1479	Cold:0.400000,0.300000,0.117647,0.176471,0.000000,0.159524,0.230745,0.500000,-1
1499	Whole:0.592157,0.521351,0.120922,0.202076,0.000000,0.438485,0.276411,0.805320,-1
1499	Cold:0.400000,0.300000,0.117647,0.176471,0.000000,0.126190,0.199188,0.333333,-1
0.587364,0.524619,0.119277,0.203741,0.000000,0.440009,0.277562,0.807504,-1
