[INFO ] Training: ...zon/clothes_shoes/train0.2_folder_1, Testing:: ...azon/clothes_shoes/test0.2_folder_1.
[DEBUG] User amount: 39380, item amount: 23032
[DEBUG] Rate amount: 222942, scales: {1.0}
[DEBUG] User amount: 39380, item amount: 23032
[DEBUG] Rate amount: 55695, scales: {1.0}
[INFO ] BPR: 0.0,30,0.005,0.05,0.05,1000
[INFO ] 104	Whole:0.005981,0.004571,0.016460,0.025298,0.521207,0.010307,0.015819,0.017372,-1
[INFO ] 104	Cold:0.005495,0.004146,0.016090,0.024656,0.519315,0.010262,0.015363,0.016235,-1
[INFO ] 109	Whole:0.006135,0.004578,0.016738,0.025305,0.521341,0.010326,0.015858,0.017498,-1
[INFO ] 109	Cold:0.005626,0.004156,0.016463,0.024820,0.519492,0.010303,0.015456,0.016439,-1
[INFO ] 114	Whole:0.006008,0.004689,0.016549,0.025869,0.521826,0.010616,0.016249,0.017889,-1
[INFO ] 114	Cold:0.005515,0.004267,0.016184,0.025328,0.519894,0.010640,0.015880,0.016932,-1
[INFO ] 119	Whole:0.006095,0.004699,0.016932,0.025942,0.521843,0.010689,0.016334,0.018001,-1
[INFO ] 119	Cold:0.005606,0.004247,0.016707,0.025210,0.519919,0.010626,0.015855,0.016964,-1
[INFO ] 124	Whole:0.006249,0.004799,0.017407,0.026392,0.522261,0.010791,0.016541,0.018115,-1
[INFO ] 124	Cold:0.005767,0.004378,0.017186,0.025916,0.520372,0.010745,0.016123,0.017017,-1
[INFO ] 129	Whole:0.006303,0.004833,0.017436,0.026560,0.522462,0.010925,0.016701,0.018285,-1
[INFO ] 129	Cold:0.005736,0.004428,0.017055,0.026138,0.520699,0.010906,0.016324,0.017272,-1
[INFO ] 134	Whole:0.006309,0.004900,0.017475,0.026990,0.522797,0.011035,0.016918,0.018560,-1
[INFO ] 134	Cold:0.005736,0.004478,0.017059,0.026467,0.520900,0.010985,0.016505,0.017584,-1
[INFO ] 139	Whole:0.006410,0.004950,0.017778,0.027512,0.523048,0.011114,0.017104,0.018641,-1
[INFO ] 139	Cold:0.005897,0.004504,0.017601,0.026864,0.521076,0.011074,0.016646,0.017535,-1
[INFO ] 144	Whole:0.006457,0.005033,0.017887,0.027678,0.523383,0.011125,0.017190,0.018711,-1
[INFO ] 144	Cold:0.005948,0.004599,0.017646,0.027237,0.521503,0.011047,0.016741,0.017524,-1
[INFO ] 149	Whole:0.006611,0.005027,0.018160,0.027742,0.523299,0.011174,0.017264,0.018869,-1
[INFO ] 149	Cold:0.006099,0.004589,0.017948,0.027276,0.521378,0.011198,0.016890,0.017822,-1
[INFO ] 154	Whole:0.006638,0.005040,0.018327,0.027918,0.523450,0.011242,0.017343,0.018913,-1
[INFO ] 154	Cold:0.006159,0.004564,0.018158,0.027184,0.521378,0.011273,0.016926,0.017950,-1
[INFO ] 159	Whole:0.006577,0.005033,0.018220,0.027777,0.523366,0.011144,0.017250,0.018864,-1
[INFO ] 159	Cold:0.006109,0.004574,0.018109,0.027168,0.521378,0.011117,0.016806,0.017769,-1
[INFO ] 164	Whole:0.006691,0.005151,0.018569,0.028350,0.523868,0.011463,0.017669,0.019295,-1
[INFO ] 164	Cold:0.006209,0.004690,0.018404,0.027766,0.521881,0.011409,0.017205,0.018154,-1
[INFO ] 169	Whole:0.006725,0.005104,0.018721,0.028140,0.523684,0.011508,0.017641,0.019291,-1
[INFO ] 169	Cold:0.006199,0.004614,0.018465,0.027355,0.521529,0.011524,0.017188,0.018267,-1
[INFO ] 174	Whole:0.006711,0.005171,0.018518,0.028610,0.523969,0.011574,0.017828,0.019509,-1
[INFO ] 174	Cold:0.006058,0.004730,0.017798,0.028031,0.522006,0.011532,0.017375,0.018396,-1
[INFO ] 179	Whole:0.006885,0.005198,0.019004,0.028827,0.524153,0.011724,0.017997,0.019637,-1
[INFO ] 179	Cold:0.006270,0.004785,0.018547,0.028395,0.522308,0.011708,0.017607,0.018566,-1
[INFO ] 184	Whole:0.006785,0.005255,0.018844,0.029150,0.524287,0.011900,0.018214,0.019859,-1
[INFO ] 184	Cold:0.006250,0.004811,0.018505,0.028526,0.522384,0.011804,0.017727,0.018768,-1
[INFO ] 189	Whole:0.006919,0.005261,0.019157,0.029214,0.524454,0.011872,0.018235,0.019943,-1
[INFO ] 189	Cold:0.006300,0.004795,0.018615,0.028378,0.522384,0.011827,0.017740,0.018873,-1
[INFO ] 194	Whole:0.007006,0.005268,0.019234,0.029084,0.524438,0.011942,0.018277,0.020036,-1
[INFO ] 194	Cold:0.006411,0.004765,0.018815,0.028116,0.522258,0.011798,0.017655,0.018794,-1
[INFO ] 199	Whole:0.006966,0.005308,0.019228,0.029463,0.524739,0.011992,0.018400,0.020061,-1
[INFO ] 199	Cold:0.006431,0.004846,0.018941,0.028600,0.522686,0.011953,0.017891,0.018919,-1
[INFO ] 204	Whole:0.007086,0.005335,0.019558,0.029620,0.524839,0.012051,0.018505,0.020224,-1
[INFO ] 204	Cold:0.006501,0.004916,0.019140,0.029017,0.522962,0.011927,0.017995,0.019009,-1
[INFO ] 209	Whole:0.007026,0.005405,0.019469,0.029966,0.525157,0.012240,0.018752,0.020491,-1
[INFO ] 209	Cold:0.006401,0.004886,0.019016,0.028748,0.522836,0.012072,0.018053,0.019183,-1
[INFO ] 214	Whole:0.007127,0.005328,0.019744,0.029599,0.524823,0.012230,0.018642,0.020408,-1
[INFO ] 214	Cold:0.006521,0.004856,0.019290,0.028546,0.522811,0.012010,0.017976,0.019183,-1
[INFO ] 219	Whole:0.007046,0.005392,0.019427,0.030007,0.525124,0.012279,0.018794,0.020603,-1
[INFO ] 219	Cold:0.006481,0.004901,0.019090,0.028990,0.522912,0.012147,0.018168,0.019332,-1
[INFO ] 224	Whole:0.007133,0.005372,0.019789,0.029933,0.525074,0.012289,0.018765,0.020457,-1
[INFO ] 224	Cold:0.006582,0.004921,0.019462,0.029081,0.523138,0.012099,0.018157,0.019228,-1
[INFO ] 229	Whole:0.007127,0.005412,0.019803,0.030138,0.525241,0.012403,0.018930,0.020688,-1
[INFO ] 229	Cold:0.006552,0.004926,0.019295,0.029253,0.523214,0.012250,0.018333,0.019506,-1
[INFO ] 234	Whole:0.007127,0.005432,0.019749,0.030225,0.525375,0.012362,0.018923,0.020613,-1
[INFO ] 234	Cold:0.006511,0.004941,0.019230,0.029304,0.523264,0.012199,0.018303,0.019425,-1
[INFO ] 239	Whole:0.007207,0.005469,0.019762,0.030352,0.525542,0.012447,0.019028,0.020764,-1
[INFO ] 239	Cold:0.006602,0.005017,0.019243,0.029694,0.523515,0.012340,0.018509,0.019593,-1
[INFO ] 244	Whole:0.007173,0.005506,0.019878,0.030786,0.525576,0.012541,0.019178,0.020747,-1
[INFO ] 244	Cold:0.006552,0.005047,0.019230,0.029989,0.523566,0.012455,0.018640,0.019594,-1
[INFO ] 249	Whole:0.007147,0.005526,0.019833,0.030791,0.525743,0.012274,0.018979,0.020461,-1
[INFO ] 249	Cold:0.006552,0.005052,0.019377,0.029883,0.523716,0.012005,0.018283,0.019090,-1
[INFO ] 254	Whole:0.007307,0.005573,0.020379,0.031055,0.525944,0.012472,0.019216,0.020758,-1
[INFO ] 254	Cold:0.006753,0.005123,0.020087,0.030255,0.523968,0.012428,0.018734,0.019689,-1
[INFO ] 259	Whole:0.007321,0.005603,0.020121,0.031172,0.526094,0.012623,0.019392,0.021041,-1
[INFO ] 259	Cold:0.006733,0.005097,0.019728,0.030035,0.523918,0.012442,0.018718,0.019787,-1
[INFO ] 264	Whole:0.007287,0.005593,0.020269,0.031118,0.526027,0.012636,0.019384,0.020998,-1
[INFO ] 264	Cold:0.006703,0.005102,0.019810,0.030020,0.523893,0.012514,0.018766,0.019848,-1
[INFO ] 269	Whole:0.007361,0.005573,0.020648,0.030963,0.526028,0.012599,0.019341,0.021071,-1
[INFO ] 269	Cold:0.006823,0.005077,0.020241,0.029934,0.523842,0.012437,0.018687,0.019776,-1
[INFO ] 274	Whole:0.007361,0.005626,0.020450,0.031366,0.526245,0.012756,0.019558,0.021271,-1
[INFO ] 274	Cold:0.006783,0.005163,0.019884,0.030536,0.524270,0.012584,0.018958,0.019979,-1
[INFO ] 279	Whole:0.007368,0.005707,0.020431,0.031799,0.526680,0.012944,0.019819,0.021502,-1
[INFO ] 279	Cold:0.006803,0.005218,0.020140,0.030849,0.524572,0.012780,0.019175,0.020155,-1
[INFO ] 284	Whole:0.007307,0.005690,0.020479,0.031576,0.526580,0.012915,0.019750,0.021488,-1
[INFO ] 284	Cold:0.006753,0.005258,0.020086,0.030996,0.524773,0.012843,0.019285,0.020355,-1
[INFO ] 289	Whole:0.007428,0.005683,0.020731,0.031581,0.526513,0.012877,0.019713,0.021377,-1
[INFO ] 289	Cold:0.006813,0.005213,0.020059,0.030624,0.524496,0.012621,0.019029,0.020079,-1
[INFO ] 294	Whole:0.007361,0.005687,0.020514,0.031633,0.526513,0.012893,0.019722,0.021318,-1
[INFO ] 294	Cold:0.006773,0.005208,0.019985,0.030662,0.524446,0.012673,0.019049,0.019969,-1
[INFO ] 299	Whole:0.007441,0.005680,0.020837,0.031471,0.526546,0.012997,0.019812,0.021621,-1
[INFO ] 299	Cold:0.006904,0.005153,0.020470,0.030319,0.524295,0.012873,0.019162,0.020373,-1
[INFO ] 304	Whole:0.007368,0.005660,0.020503,0.031307,0.526379,0.012914,0.019672,0.021324,-1
[INFO ] 304	Cold:0.006793,0.005163,0.019999,0.030355,0.524220,0.012760,0.019052,0.020092,-1
[INFO ] 309	Whole:0.007502,0.005720,0.020963,0.031965,0.526764,0.013138,0.020011,0.021735,-1
[INFO ] 309	Cold:0.006944,0.005243,0.020486,0.031056,0.524697,0.012904,0.019330,0.020323,-1
[INFO ] 314	Whole:0.007495,0.005767,0.020808,0.032108,0.526931,0.012945,0.019941,0.021664,-1
[INFO ] 314	Cold:0.006924,0.005299,0.020356,0.031194,0.524873,0.012720,0.019275,0.020274,-1
[INFO ] 319	Whole:0.007455,0.005687,0.020712,0.031706,0.526647,0.013000,0.019850,0.021538,-1
[INFO ] 319	Cold:0.006944,0.005193,0.020329,0.030666,0.524471,0.012673,0.019068,0.020013,-1
[INFO ] 324	Whole:0.007522,0.005814,0.020989,0.032088,0.527099,0.013061,0.020046,0.021731,-1
[INFO ] 324	Cold:0.006924,0.005339,0.020495,0.031202,0.525075,0.012810,0.019358,0.020304,-1
[INFO ] 329	Whole:0.007542,0.005770,0.021073,0.032107,0.526898,0.013115,0.020079,0.021876,-1
[INFO ] 329	Cold:0.007004,0.005294,0.020649,0.031004,0.524848,0.012847,0.019351,0.020504,-1
[INFO ] 334	Whole:0.007616,0.005767,0.021264,0.032085,0.526931,0.013056,0.020011,0.021664,-1
[INFO ] 334	Cold:0.007115,0.005294,0.020945,0.031240,0.524899,0.012909,0.019421,0.020401,-1
[INFO ] 339	Whole:0.007629,0.005804,0.021398,0.032512,0.527082,0.013349,0.020332,0.022022,-1
[INFO ] 339	Cold:0.006974,0.005409,0.020601,0.031904,0.525401,0.013038,0.019677,0.020516,-1
[INFO ] 344	Whole:0.007696,0.005847,0.021541,0.032687,0.527333,0.013459,0.020490,0.022220,-1
[INFO ] 344	Cold:0.007115,0.005344,0.021021,0.031539,0.525175,0.013234,0.019771,0.020858,-1
[INFO ] 349	Whole:0.007636,0.005810,0.021505,0.032332,0.527283,0.013379,0.020354,0.022196,-1
[INFO ] 349	Cold:0.007045,0.005299,0.020970,0.031215,0.525075,0.013071,0.019574,0.020704,-1
[INFO ] 354	Whole:0.007656,0.005898,0.021384,0.032692,0.527500,0.013459,0.020523,0.022340,-1
[INFO ] 354	Cold:0.007055,0.005314,0.020753,0.031262,0.525024,0.013074,0.019586,0.020714,-1
[INFO ] 359	Whole:0.007569,0.005871,0.021110,0.032574,0.527400,0.013399,0.020414,0.022115,-1
[INFO ] 359	Cold:0.007004,0.005359,0.020572,0.031474,0.525301,0.012970,0.019549,0.020560,-1
[INFO ] 364	Whole:0.007716,0.005851,0.021804,0.032721,0.527350,0.013481,0.020531,0.022344,-1
[INFO ] 364	Cold:0.007196,0.005344,0.021417,0.031640,0.525276,0.013224,0.019811,0.021040,-1
[INFO ] 369	Whole:0.007703,0.005918,0.021700,0.032883,0.527551,0.013500,0.020616,0.022437,-1
[INFO ] 369	Cold:0.007186,0.005369,0.021333,0.031650,0.525301,0.013363,0.019935,0.021177,-1
[INFO ] 374	Whole:0.007629,0.005931,0.021428,0.033034,0.527634,0.013551,0.020680,0.022485,-1
[INFO ] 374	Cold:0.007095,0.005424,0.020979,0.031958,0.525603,0.013139,0.019831,0.020895,-1
[INFO ] 379	Whole:0.007616,0.005894,0.021387,0.032715,0.527634,0.013463,0.020534,0.022348,-1
[INFO ] 379	Cold:0.007105,0.005399,0.021205,0.031551,0.525427,0.013219,0.019782,0.020791,-1
[INFO ] 384	Whole:0.007569,0.005877,0.021425,0.032717,0.527484,0.013572,0.020607,0.022437,-1
[INFO ] 384	Cold:0.007045,0.005369,0.021000,0.031549,0.525326,0.013211,0.019766,0.020808,-1
[INFO ] 389	Whole:0.007683,0.005975,0.021723,0.033291,0.527935,0.013533,0.020723,0.022355,-1
[INFO ] 389	Cold:0.007226,0.005440,0.021451,0.031973,0.525653,0.013323,0.019990,0.021073,-1
[INFO ] 394	Whole:0.007736,0.006005,0.021776,0.033522,0.528019,0.013744,0.020958,0.022734,-1
[INFO ] 394	Cold:0.007266,0.005490,0.021600,0.032380,0.525854,0.013536,0.020258,0.021363,-1
[INFO ] 399	Whole:0.007649,0.005911,0.021527,0.032983,0.527668,0.013535,0.020649,0.022375,-1
[INFO ] 399	Cold:0.007135,0.005419,0.021091,0.031779,0.525553,0.013319,0.019953,0.021149,-1
[INFO ] 404	Whole:0.007716,0.005911,0.021828,0.032969,0.527668,0.013681,0.020757,0.022530,-1
[INFO ] 404	Cold:0.007246,0.005419,0.021617,0.031881,0.525578,0.013402,0.020028,0.021152,-1
[INFO ] 409	Whole:0.007997,0.005968,0.022666,0.033281,0.527768,0.013701,0.020863,0.022564,-1
[INFO ] 409	Cold:0.007467,0.005374,0.022237,0.031644,0.525201,0.013361,0.019934,0.021060,-1
[INFO ] 414	Whole:0.007816,0.006005,0.022172,0.033507,0.528086,0.013598,0.020848,0.022528,-1
[INFO ] 414	Cold:0.007306,0.005490,0.021754,0.032253,0.525905,0.013310,0.020070,0.021151,-1
[INFO ] 419	Whole:0.007756,0.006018,0.021818,0.033660,0.528086,0.013682,0.020926,0.022501,-1
[INFO ] 419	Cold:0.007286,0.005535,0.021587,0.032715,0.526056,0.013521,0.020328,0.021351,-1
[INFO ] 424	Whole:0.007770,0.005975,0.021805,0.033280,0.527869,0.013696,0.020864,0.022602,-1
[INFO ] 424	Cold:0.007206,0.005440,0.021293,0.032079,0.525603,0.013352,0.020047,0.021204,-1
[INFO ] 429	Whole:0.007776,0.005911,0.022103,0.033173,0.527584,0.013660,0.020792,0.022537,-1
[INFO ] 429	Cold:0.007256,0.005450,0.021643,0.032153,0.525628,0.013270,0.019997,0.021036,-1
[INFO ] 434	Whole:0.007736,0.005988,0.021888,0.033489,0.527919,0.013726,0.020940,0.022695,-1
[INFO ] 434	Cold:0.007266,0.005510,0.021661,0.032605,0.525930,0.013366,0.020182,0.021192,-1
[INFO ] 439	Whole:0.007736,0.006055,0.021862,0.033795,0.528304,0.013673,0.020972,0.022560,-1
[INFO ] 439	Cold:0.007246,0.005535,0.021572,0.032731,0.526156,0.013347,0.020211,0.021216,-1
[INFO ] 444	Whole:0.007756,0.006055,0.022061,0.033770,0.528170,0.013657,0.020947,0.022471,-1
[INFO ] 444	Cold:0.007216,0.005540,0.021613,0.032581,0.526056,0.013394,0.020214,0.021222,-1
[INFO ] 449	Whole:0.007756,0.006038,0.022160,0.033756,0.528203,0.013710,0.020983,0.022577,-1
[INFO ] 449	Cold:0.007266,0.005590,0.021822,0.032955,0.526332,0.013386,0.020293,0.021184,-1
[INFO ] 804     Whole:0.008352,0.006417,0.023495,0.035581,0.529844,0.014361,0.022095,0.023986,-1
[INFO ] 804     Cold:0.007800,0.006033,0.023097,0.035487,0.528218,0.014359,0.021786,0.022751,-1
[INFO ] 809     Whole:0.008225,0.006316,0.023050,0.035095,0.529342,0.014256,0.021848,0.023662,-1
[INFO ] 809     Cold:0.007719,0.005973,0.022981,0.035264,0.527916,0.014343,0.021693,0.022663,-1
[INFO ] 814     Whole:0.008265,0.006373,0.023291,0.035374,0.529542,0.014347,0.022011,0.023866,-1
[INFO ] 814     Cold:0.007759,0.006013,0.022980,0.035293,0.528042,0.014429,0.021797,0.022803,-1
[INFO ] 819     Whole:0.008386,0.006343,0.023616,0.034972,0.529476,0.014307,0.021914,0.023857,-1
[INFO ] 819     Cold:0.007789,0.005953,0.023331,0.034782,0.527866,0.014502,0.021756,0.022948,-1
[INFO ] 824     Whole:0.008446,0.006356,0.023817,0.035235,0.529526,0.014495,0.022115,0.024091,-1
[INFO ] 824     Cold:0.007930,0.005963,0.023542,0.035033,0.527841,0.014512,0.021820,0.022985,-1
[INFO ] 829     Whole:0.008305,0.006376,0.023352,0.035220,0.529593,0.014333,0.021993,0.023994,-1
[INFO ] 829     Cold:0.007729,0.005993,0.022997,0.035153,0.527967,0.014231,0.021610,0.022603,-1
[INFO ] 834     Whole:0.008198,0.006360,0.023156,0.034942,0.529559,0.014228,0.021840,0.023754,-1
[INFO ] 834     Cold:0.007588,0.005958,0.022574,0.034674,0.527942,0.014223,0.021512,0.022644,-1
[INFO ] 839     Whole:0.008326,0.006283,0.023532,0.034887,0.529208,0.014299,0.021866,0.023871,-1
[INFO ] 839     Cold:0.007830,0.005902,0.023280,0.034690,0.527615,0.014365,0.021605,0.022794,-1
[INFO ] 844     Whole:0.008305,0.006370,0.023404,0.035369,0.529593,0.014497,0.022141,0.024134,-1
[INFO ] 844     Cold:0.007759,0.006013,0.022962,0.035386,0.528042,0.014589,0.021944,0.023034,-1
[INFO ] 849     Whole:0.008379,0.006390,0.023497,0.035380,0.529643,0.014571,0.022212,0.024229,-1
[INFO ] 849     Cold:0.007890,0.005958,0.023450,0.034946,0.527816,0.014611,0.021876,0.023117,-1
[INFO ] 854     Whole:0.008406,0.006366,0.023696,0.035285,0.529526,0.014356,0.022020,0.024025,-1
[INFO ] 854     Cold:0.007910,0.005988,0.023553,0.035205,0.527967,0.014488,0.021833,0.022991,-1
[INFO ] 859     Whole:0.008312,0.006393,0.023326,0.035537,0.529676,0.014400,0.022082,0.023880,-1
[INFO ] 859     Cold:0.007810,0.005958,0.023173,0.035207,0.527866,0.014359,0.021691,0.022644,-1
[INFO ] 864     Whole:0.008352,0.006383,0.023370,0.035257,0.529710,0.014467,0.022091,0.024027,-1
[INFO ] 864     Cold:0.007920,0.005988,0.023356,0.034886,0.528042,0.014482,0.021758,0.022876,-1
[INFO ] 869     Whole:0.008352,0.006397,0.023554,0.035496,0.529676,0.014441,0.022107,0.023893,-1
[INFO ] 869     Cold:0.007820,0.006048,0.023254,0.035545,0.528243,0.014633,0.022024,0.023060,-1
[INFO ] 874     Whole:0.008339,0.006397,0.023503,0.035720,0.529777,0.014600,0.022270,0.024080,-1
[INFO ] 874     Cold:0.007810,0.006048,0.023285,0.035787,0.528269,0.014671,0.022087,0.023102,-1
[INFO ] 879     Whole:0.008366,0.006410,0.023610,0.035548,0.529710,0.014679,0.022330,0.024290,-1
[INFO ] 879     Cold:0.007789,0.006033,0.023158,0.035486,0.528143,0.014818,0.022164,0.023381,-1
[INFO ] 884     Whole:0.008352,0.006413,0.023425,0.035320,0.529643,0.014563,0.022193,0.024187,-1
[INFO ] 884     Cold:0.007880,0.005963,0.023385,0.034916,0.527791,0.014587,0.021833,0.022996,-1
[INFO ] 889     Whole:0.008433,0.006373,0.023741,0.035371,0.529442,0.014649,0.022246,0.024181,-1
[INFO ] 889     Cold:0.007920,0.005943,0.023567,0.035001,0.527690,0.014717,0.021951,0.023151,-1
[INFO ] 894     Whole:0.008319,0.006417,0.023385,0.035611,0.529760,0.014625,0.022297,0.024284,-1
[INFO ] 894     Cold:0.007850,0.006023,0.023384,0.035487,0.528168,0.014708,0.022069,0.023200,-1
[INFO ] 899     Whole:0.008359,0.006420,0.023376,0.035514,0.529844,0.014379,0.022088,0.023945,-1
[INFO ] 899     Cold:0.007820,0.006069,0.023111,0.035711,0.528394,0.014500,0.021959,0.022911,-1
