[INFO ] Training: ...earch/ssh/epinion/train0.5_folder_1, Testing:: ...search/ssh/epinion/test0.5_folder_1.
[DEBUG] User amount: 34688, item amount: 93469
[DEBUG] Rate amount: 332412, scales: {1.0}
[DEBUG] User amount: 34688, item amount: 93469
[DEBUG] Rate amount: 268867, scales: {1.0}
[INFO ] BPR: 0.0,30,0.005,0.05,0.05,1000
[INFO ] 804	Whole:0.029240,0.025830,0.018327,0.031333,0.591249,0.016407,0.028035,0.073414,-1
[INFO ] 804	Cold:0.011867,0.010124,0.019788,0.033365,0.544025,0.012942,0.023284,0.034491,-1
[INFO ] 809	Whole:0.028827,0.025150,0.018011,0.030131,0.589181,0.015948,0.027129,0.071260,-1
[INFO ] 809	Cold:0.011770,0.009803,0.019407,0.031811,0.543014,0.012593,0.022509,0.033341,-1
[INFO ] 814	Whole:0.029486,0.025648,0.018504,0.030968,0.590898,0.016252,0.027744,0.072857,-1
[INFO ] 814	Cold:0.011993,0.009936,0.019956,0.032613,0.543432,0.012525,0.022687,0.033614,-1
[INFO ] 819	Whole:0.029184,0.025763,0.018000,0.031347,0.590845,0.016441,0.027946,0.073178,-1
[INFO ] 819	Cold:0.011784,0.010117,0.019391,0.033625,0.543885,0.012968,0.023299,0.034176,-1
[INFO ] 824	Whole:0.028841,0.025588,0.017937,0.030914,0.590372,0.015794,0.027217,0.070598,-1
[INFO ] 824	Cold:0.011770,0.010082,0.019266,0.033054,0.543816,0.012211,0.022467,0.032354,-1
[INFO ] 829	Whole:0.029016,0.025707,0.017948,0.030960,0.590688,0.016015,0.027476,0.071772,-1
[INFO ] 829	Cold:0.011658,0.009964,0.019302,0.032629,0.543328,0.012302,0.022417,0.032549,-1
[INFO ] 834	Whole:0.029072,0.025749,0.017950,0.031335,0.591757,0.016183,0.027835,0.073044,-1
[INFO ] 834	Cold:0.011811,0.010215,0.019233,0.033560,0.544513,0.012610,0.023106,0.034191,-1
[INFO ] 839	Whole:0.028988,0.025472,0.017744,0.030670,0.590145,0.015982,0.027333,0.071956,-1
[INFO ] 839	Cold:0.011574,0.009999,0.019012,0.032697,0.543606,0.012453,0.022638,0.033452,-1
[INFO ] 844	Whole:0.028890,0.025539,0.018096,0.031288,0.590845,0.016042,0.027535,0.071848,-1
[INFO ] 844	Cold:0.011979,0.010173,0.019944,0.033790,0.544792,0.012574,0.023037,0.033528,-1
[INFO ] 849	Whole:0.029843,0.025735,0.018562,0.031323,0.591424,0.016450,0.028056,0.073923,-1
[INFO ] 849	Cold:0.012118,0.010208,0.020113,0.033612,0.544199,0.012876,0.023321,0.034484,-1
[INFO ] 854	Whole:0.028939,0.025753,0.018131,0.031169,0.591073,0.016165,0.027696,0.072361,-1
[INFO ] 854	Cold:0.011853,0.010187,0.019791,0.033217,0.544304,0.012593,0.022920,0.033430,-1
[INFO ] 859	Whole:0.029507,0.025896,0.018229,0.031686,0.591564,0.016257,0.027996,0.073107,-1
[INFO ] 859	Cold:0.012104,0.010403,0.019514,0.034004,0.544966,0.012745,0.023345,0.034341,-1
[INFO ] 864	Whole:0.028946,0.025304,0.017947,0.030740,0.590548,0.015922,0.027308,0.072097,-1
[INFO ] 864	Cold:0.011811,0.009866,0.019400,0.032709,0.543328,0.012396,0.022501,0.032901,-1
[INFO ] 869	Whole:0.029135,0.025816,0.018011,0.031013,0.591371,0.016206,0.027692,0.072264,-1
[INFO ] 869	Cold:0.012049,0.010145,0.019517,0.032916,0.544095,0.012676,0.022889,0.033446,-1
[INFO ] 874	Whole:0.029339,0.025560,0.018106,0.030895,0.590706,0.016330,0.027799,0.072955,-1
[INFO ] 874	Cold:0.012272,0.010208,0.019560,0.033131,0.544234,0.012943,0.023259,0.034352,-1
[INFO ] 879	Whole:0.030068,0.026124,0.018647,0.031716,0.592072,0.016649,0.028324,0.074241,-1
[INFO ] 879	Cold:0.012341,0.010278,0.020121,0.033757,0.544339,0.012889,0.023372,0.034566,-1
[INFO ] 884	Whole:0.028890,0.025584,0.018074,0.031096,0.591179,0.016004,0.027555,0.072020,-1
[INFO ] 884	Cold:0.011839,0.010124,0.019756,0.033456,0.543990,0.012425,0.022810,0.033257,-1
[INFO ] 889	Whole:0.029654,0.025823,0.018329,0.031401,0.591249,0.016282,0.027873,0.072956,-1
[INFO ] 889	Cold:0.011839,0.010194,0.019696,0.033584,0.544095,0.012505,0.022924,0.033265,-1
[INFO ] 894	Whole:0.029486,0.025809,0.018302,0.031646,0.591389,0.016330,0.028032,0.073068,-1
[INFO ] 894	Cold:0.012049,0.010361,0.019749,0.034070,0.544827,0.012748,0.023348,0.034148,-1
[INFO ] 899	Whole:0.029521,0.025995,0.018401,0.031509,0.591879,0.016172,0.027923,0.073185,-1
[INFO ] 899	Cold:0.012049,0.010257,0.019898,0.033565,0.544443,0.012374,0.022883,0.033455,-1
[INFO ] 904	Whole:0.029212,0.025889,0.018109,0.031298,0.592037,0.016333,0.027950,0.073269,-1
[INFO ] 904	Cold:0.011811,0.010103,0.019413,0.033434,0.544164,0.012813,0.023173,0.034230,-1
[INFO ] 909	Whole:0.029402,0.026079,0.018348,0.031514,0.592458,0.016309,0.028042,0.073150,-1
[INFO ] 909	Cold:0.011979,0.010305,0.019856,0.033252,0.544617,0.012616,0.023019,0.033605,-1
[INFO ] 914	Whole:0.029745,0.025630,0.018814,0.031191,0.590619,0.016710,0.028229,0.073985,-1
[INFO ] 914	Cold:0.012564,0.010110,0.020664,0.033397,0.543467,0.013326,0.023579,0.034751,-1
[INFO ] 919	Whole:0.029268,0.025893,0.017981,0.031267,0.591494,0.016287,0.027908,0.072950,-1
[INFO ] 919	Cold:0.011742,0.010187,0.019401,0.033307,0.544408,0.012685,0.023050,0.033841,-1
[INFO ] 924	Whole:0.029752,0.025875,0.018377,0.031156,0.591599,0.016385,0.027935,0.073497,-1
[INFO ] 924	Cold:0.012021,0.010201,0.019839,0.033301,0.544408,0.012791,0.023177,0.034145,-1
[INFO ] 929	Whole:0.029339,0.025865,0.018259,0.031418,0.591757,0.016199,0.027826,0.072749,-1
[INFO ] 929	Cold:0.012104,0.010284,0.019823,0.033706,0.545001,0.012604,0.023129,0.034064,-1
[INFO ] 934	Whole:0.029458,0.026229,0.018569,0.031923,0.593018,0.016439,0.028286,0.073975,-1
[INFO ] 934	Cold:0.012272,0.010452,0.020440,0.034306,0.545384,0.012931,0.023656,0.034910,-1
[INFO ] 939	Whole:0.029289,0.025795,0.018506,0.031422,0.591424,0.016242,0.027876,0.072593,-1
[INFO ] 939	Cold:0.012188,0.010243,0.020293,0.033831,0.544443,0.012775,0.023264,0.033968,-1
[INFO ] 944	Whole:0.029430,0.025819,0.018467,0.031294,0.591686,0.016117,0.027644,0.071997,-1
[INFO ] 944	Cold:0.012258,0.010089,0.020241,0.033362,0.543816,0.012621,0.022892,0.033105,-1
[INFO ] 949	Whole:0.029717,0.026047,0.018472,0.031713,0.592089,0.016667,0.028323,0.074165,-1
[INFO ] 949	Cold:0.012188,0.010361,0.020095,0.034151,0.544966,0.013118,0.023589,0.034099,-1
[INFO ] 954	Whole:0.029451,0.025851,0.018393,0.031191,0.591564,0.016273,0.027876,0.073039,-1
[INFO ] 954	Cold:0.012049,0.010250,0.019883,0.033409,0.544199,0.012662,0.023096,0.033749,-1
[INFO ] 959	Whole:0.029304,0.025984,0.018574,0.031648,0.592195,0.016215,0.027947,0.072825,-1
[INFO ] 959	Cold:0.012313,0.010375,0.020410,0.033997,0.545140,0.012638,0.023237,0.033889,-1
[INFO ] 964	Whole:0.029521,0.025840,0.018420,0.031561,0.591249,0.016132,0.027821,0.072326,-1
[INFO ] 964	Cold:0.012230,0.010298,0.020089,0.034006,0.544583,0.012658,0.023217,0.033829,-1
[INFO ] 969	Whole:0.029570,0.025865,0.018771,0.031601,0.592160,0.016248,0.028035,0.073507,-1
[INFO ] 969	Cold:0.012537,0.010354,0.020773,0.033925,0.545001,0.012669,0.023341,0.034607,-1
[INFO ] 974	Whole:0.029773,0.026222,0.018522,0.031710,0.592703,0.016582,0.028375,0.073743,-1
[INFO ] 974	Cold:0.012258,0.010389,0.020120,0.033792,0.545105,0.013111,0.023627,0.034832,-1
[INFO ] 979	Whole:0.029360,0.025693,0.018335,0.031439,0.591231,0.016241,0.027899,0.073087,-1
[INFO ] 979	Cold:0.011881,0.010264,0.019647,0.033873,0.544827,0.012516,0.023062,0.033701,-1
[INFO ] 984	Whole:0.030061,0.026454,0.018683,0.032089,0.593088,0.016807,0.028689,0.074451,-1
[INFO ] 984	Cold:0.012411,0.010480,0.020126,0.034088,0.545105,0.013104,0.023680,0.034628,-1
[INFO ] 989	Whole:0.029395,0.026163,0.018382,0.032070,0.592510,0.016561,0.028380,0.073851,-1
[INFO ] 989	Cold:0.012216,0.010333,0.019981,0.034368,0.544792,0.012950,0.023555,0.034442,-1
[INFO ] 994	Whole:0.030033,0.026159,0.018630,0.031875,0.592300,0.016681,0.028394,0.074109,-1
[INFO ] 994	Cold:0.012021,0.010326,0.020046,0.034209,0.545315,0.013030,0.023554,0.034305,-1
[INFO ] 999	Whole:0.029731,0.026194,0.018493,0.032032,0.592107,0.016620,0.028402,0.073473,-1
[INFO ] 999	Cold:0.012146,0.010396,0.019847,0.034400,0.544722,0.013039,0.023639,0.034384,-1
[INFO ] 0.029724,0.026089,0.018640,0.031995,0.592370,0.016410,0.028257,0.073678,-1