Training: ...search/ranking/data/ml_100k/u1.base, Testing:: ...search/ranking/data/ml_100k/u1.test.
BPR: 0.0,30,0.005,0.05,0.05,2000
409	Whole:0.521133,0.459259,0.103208,0.168461,0.000000,0.364640,0.236500,0.733900,-1
409	Cold:0.200000,0.200000,0.058824,0.117647,0.000000,0.055556,0.126230,0.333333,-1
649	Whole:0.519826,0.463617,0.102142,0.168535,0.000000,0.365909,0.236243,0.731252,-1
649	Cold:0.200000,0.200000,0.058824,0.117647,0.000000,0.053333,0.124344,0.333333,-1
659	Whole:0.526797,0.462309,0.101192,0.172091,0.000000,0.367228,0.240945,0.753774,-1
659	Cold:0.200000,0.100000,0.058824,0.058824,0.000000,0.033333,0.078792,0.333333,-1
829	Whole:0.519826,0.463399,0.102189,0.172119,0.000000,0.365755,0.239569,0.740039,-1
829	Cold:0.200000,0.100000,0.058824,0.058824,0.000000,0.025000,0.067868,0.250000,-1
839	Whole:0.521569,0.464052,0.101389,0.172541,0.000000,0.367688,0.240436,0.755662,-1
839	Cold:0.000000,0.100000,0.000000,0.058824,0.000000,0.016667,0.056133,0.166667,-1
849	Whole:0.510675,0.467974,0.100350,0.174026,0.000000,0.364611,0.238978,0.727082,-1
849	Cold:0.000000,0.100000,0.000000,0.058824,0.000000,0.016667,0.056133,0.166667,-1
859	Whole:0.535076,0.468410,0.104356,0.173463,0.000000,0.374263,0.240327,0.732595,-1
859	Cold:0.200000,0.100000,0.058824,0.058824,0.000000,0.020000,0.060962,0.200000,-1
869	Whole:0.515468,0.464924,0.099897,0.170225,0.000000,0.366431,0.239109,0.732014,-1
869	Cold:0.200000,0.100000,0.058824,0.058824,0.000000,0.033333,0.078792,0.333333,-1
879	Whole:0.522440,0.465142,0.104829,0.172600,0.000000,0.368550,0.240928,0.742960,-1
879	Cold:0.200000,0.100000,0.058824,0.058824,0.000000,0.033333,0.078792,0.333333,-1
889	Whole:0.522440,0.465795,0.103616,0.174012,0.000000,0.367737,0.240369,0.741270,-1
889	Cold:0.200000,0.200000,0.058824,0.117647,0.000000,0.045000,0.113420,0.250000,-1
899	Whole:0.528105,0.462963,0.105770,0.171283,0.000000,0.367589,0.239274,0.744788,-1
899	Cold:0.200000,0.100000,0.058824,0.058824,0.000000,0.025000,0.067868,0.250000,-1
909	Whole:0.531155,0.463834,0.102714,0.170714,0.000000,0.370848,0.239021,0.744342,-1
909	Cold:0.200000,0.100000,0.058824,0.058824,0.000000,0.025000,0.067868,0.250000,-1
919	Whole:0.527669,0.466885,0.103479,0.170701,0.000000,0.367798,0.236579,0.718889,-1
919	Cold:0.000000,0.200000,0.000000,0.117647,0.000000,0.032500,0.095264,0.125000,-1
1199	Whole:0.522440,0.462745,0.099762,0.167769,0.000000,0.366671,0.236228,0.735216,-1
1199	Cold:0.200000,0.100000,0.058824,0.058824,0.000000,0.025000,0.067868,0.250000,-1
1209	Whole:0.522876,0.465795,0.101835,0.171056,0.000000,0.364921,0.238147,0.733987,-1
1209	Cold:0.200000,0.200000,0.058824,0.117647,0.000000,0.040000,0.106514,0.200000,-1
1219	Whole:0.527233,0.460566,0.104373,0.170213,0.000000,0.363646,0.237159,0.728559,-1
1219	Cold:0.200000,0.200000,0.058824,0.117647,0.000000,0.045000,0.113420,0.250000,-1
1229	Whole:0.525490,0.466667,0.105204,0.172778,0.000000,0.370664,0.242083,0.744123,-1
1229	Cold:0.200000,0.200000,0.058824,0.117647,0.000000,0.047222,0.115305,0.250000,-1
1239	Whole:0.522440,0.466449,0.100646,0.169341,0.000000,0.368755,0.239327,0.744557,-1
1239	Cold:0.200000,0.200000,0.058824,0.117647,0.000000,0.045000,0.110674,0.200000,-1
1249	Whole:0.527669,0.462527,0.105038,0.166988,0.000000,0.364466,0.234667,0.731221,-1
1249	Cold:0.200000,0.200000,0.058824,0.117647,0.000000,0.047222,0.115305,0.250000,-1
1259	Whole:0.533769,0.469717,0.105970,0.172653,0.000000,0.372578,0.241394,0.745580,-1
1259	Cold:0.200000,0.200000,0.058824,0.117647,0.000000,0.045000,0.113420,0.250000,-1
1269	Whole:0.525490,0.469063,0.105692,0.172197,0.000000,0.372466,0.241328,0.743645,-1
1269	Cold:0.200000,0.200000,0.058824,0.117647,0.000000,0.045000,0.113420,0.250000,-1
1279	Whole:0.532462,0.469063,0.105311,0.173626,0.000000,0.374160,0.241842,0.738484,-1
1279	Cold:0.200000,0.200000,0.058824,0.117647,0.000000,0.047222,0.115305,0.250000,-1
1289	Whole:0.524183,0.462527,0.102194,0.170929,0.000000,0.366875,0.238058,0.727717,-1
1289	Cold:0.200000,0.100000,0.058824,0.058824,0.000000,0.020000,0.060962,0.200000,-1
1299	Whole:0.525490,0.459259,0.103687,0.167398,0.000000,0.364548,0.236180,0.738207,-1
1299	Cold:0.200000,0.100000,0.058824,0.058824,0.000000,0.020000,0.060962,0.200000,-1
1309	Whole:0.523747,0.464706,0.101453,0.170400,0.000000,0.370320,0.239569,0.743992,-1
1309	Cold:0.200000,0.100000,0.058824,0.058824,0.000000,0.025000,0.067868,0.250000,-1
1319	Whole:0.520697,0.462092,0.103092,0.168779,0.000000,0.366070,0.236700,0.735153,-1
1319	Cold:0.200000,0.200000,0.058824,0.117647,0.000000,0.047222,0.115305,0.250000,-1
1329	Whole:0.527233,0.468410,0.104566,0.170403,0.000000,0.371798,0.239532,0.734354,-1
1329	Cold:0.200000,0.100000,0.058824,0.058824,0.000000,0.025000,0.067868,0.250000,-1
1339	Whole:0.519826,0.462527,0.102020,0.168525,0.000000,0.366285,0.235933,0.740898,-1
1339	Cold:0.200000,0.200000,0.058824,0.117647,0.000000,0.050000,0.117580,0.250000,-1
1349	Whole:0.527233,0.462309,0.106025,0.171654,0.000000,0.366178,0.238851,0.738424,-1
1349	Cold:0.200000,0.300000,0.058824,0.176471,0.000000,0.077222,0.160858,0.250000,-1
1359	Whole:0.528976,0.464706,0.105238,0.171621,0.000000,0.369193,0.240751,0.739210,-1
1359	Cold:0.200000,0.200000,0.058824,0.117647,0.000000,0.070000,0.144977,0.500000,-1
1369	Whole:0.524183,0.459477,0.104117,0.165358,0.000000,0.363930,0.234077,0.726715,-1
1369	Cold:0.200000,0.200000,0.058824,0.117647,0.000000,0.055556,0.126230,0.333333,-1
1379	Whole:0.527669,0.462309,0.104637,0.168850,0.000000,0.367375,0.237850,0.734781,-1
1379	Cold:0.200000,0.300000,0.058824,0.176471,0.000000,0.077222,0.160858,0.250000,-1
1909	Whole:0.529847,0.463399,0.104018,0.170847,0.000000,0.369537,0.240601,0.754515,-1
1909	Cold:0.200000,0.100000,0.058824,0.058824,0.000000,0.033333,0.078792,0.333333,-1
1919	Whole:0.536819,0.465142,0.105519,0.169363,0.000000,0.373399,0.240019,0.747870,-1
1919	Cold:0.200000,0.100000,0.058824,0.058824,0.000000,0.050000,0.099425,0.500000,-1
1929	Whole:0.525926,0.469281,0.104105,0.172203,0.000000,0.374508,0.240726,0.736877,-1
1929	Cold:0.200000,0.200000,0.058824,0.117647,0.000000,0.050000,0.117580,0.250000,-1
1939	Whole:0.524183,0.466013,0.101180,0.169735,0.000000,0.368634,0.236450,0.728150,-1
1939	Cold:0.200000,0.100000,0.058824,0.058824,0.000000,0.025000,0.067868,0.250000,-1
1949	Whole:0.531155,0.463181,0.105340,0.170293,0.000000,0.369424,0.239246,0.742074,-1
1949	Cold:0.200000,0.200000,0.058824,0.117647,0.000000,0.072222,0.146862,0.500000,-1
1959	Whole:0.518083,0.465795,0.100943,0.169531,0.000000,0.367766,0.237880,0.744353,-1
1959	Cold:0.200000,0.200000,0.058824,0.117647,0.000000,0.045000,0.113420,0.250000,-1
1969	Whole:0.522004,0.462527,0.102811,0.171138,0.000000,0.365348,0.240109,0.745555,-1
1969	Cold:0.200000,0.200000,0.058824,0.117647,0.000000,0.072222,0.146862,0.500000,-1
1979	Whole:0.524183,0.464052,0.104901,0.171655,0.000000,0.368843,0.238747,0.733487,-1
1979	Cold:0.200000,0.200000,0.058824,0.117647,0.000000,0.058333,0.128504,0.333333,-1
1989	Whole:0.520261,0.467756,0.101621,0.172847,0.000000,0.367138,0.239633,0.733307,-1
1989	Cold:0.200000,0.200000,0.058824,0.117647,0.000000,0.072222,0.146862,0.500000,-1
1999	Whole:0.530719,0.465359,0.103538,0.171831,0.000000,0.369129,0.238070,0.730808,-1
1999	Cold:0.200000,0.100000,0.058824,0.058824,0.000000,0.033333,0.078792,0.333333,-1
0.531590,0.467102,0.106159,0.172757,0.000000,0.372385,0.240662,0.736447,-1



2017-03-30 21:03:04,054 [INFO] Training: ...search/ranking/data/ml_100k/u1.base, Testing:: ...search/ranking/data/ml_100k/u1.test.
2017-03-30 21:03:04,488 [DEBUG] User amount: 943, item amount: 1650
2017-03-30 21:03:04,488 [DEBUG] Rate amount: 80000
2017-03-30 21:03:04,642 [DEBUG] User amount: 943, item amount: 1650
2017-03-30 21:03:04,642 [DEBUG] Rate amount: 19968
2017-03-30 21:03:04,747 [INFO] BPR: 0.0,30,0.005,0.05,0.05,2000
2017-03-30 21:07:18,919 [INFO] 509	Whole:0.518954,0.459913,0.103243,0.170641,0.000000,0.361140,0.235910,0.725001,-1
2017-03-30 21:07:18,920 [INFO] 509	Cold:0.200000,0.200000,0.058824,0.117647,0.000000,0.053571,0.120396,0.250000,-1
2017-03-30 21:07:24,346 [INFO] 519	Whole:0.516776,0.461874,0.103453,0.169307,0.000000,0.363699,0.237039,0.735978,-1
2017-03-30 21:07:24,347 [INFO] 519	Cold:0.200000,0.100000,0.058824,0.058824,0.000000,0.020000,0.060962,0.200000,-1
2017-03-30 21:07:29,709 [INFO] 529	Whole:0.522004,0.458170,0.102320,0.167111,0.000000,0.361745,0.235512,0.727549,-1
2017-03-30 21:07:29,711 [INFO] 529	Cold:0.200000,0.100000,0.058824,0.058824,0.000000,0.025000,0.067868,0.250000,-1
2017-03-30 21:07:35,155 [INFO] 539	Whole:0.515468,0.458388,0.102325,0.169512,0.000000,0.360264,0.235082,0.729499,-1
2017-03-30 21:07:35,158 [INFO] 539	Cold:0.200000,0.200000,0.058824,0.117647,0.000000,0.055556,0.126230,0.333333,-1
2017-03-30 21:07:40,535 [INFO] 549	Whole:0.521569,0.461656,0.101827,0.169834,0.000000,0.361531,0.234393,0.724819,-1
2017-03-30 21:07:40,538 [INFO] 549	Cold:0.200000,0.200000,0.058824,0.117647,0.000000,0.048571,0.113490,0.200000,-1
2017-03-30 21:07:45,917 [INFO] 559	Whole:0.518954,0.461220,0.101474,0.171056,0.000000,0.361013,0.236713,0.728239,-1
2017-03-30 21:07:45,921 [INFO] 559	Cold:0.200000,0.100000,0.058824,0.058824,0.000000,0.033333,0.078792,0.333333,-1
2017-03-30 21:09:58,189 [INFO] 809	Whole:0.519390,0.461874,0.100361,0.166960,0.000000,0.364153,0.235139,0.731518,-1
2017-03-30 21:09:58,190 [INFO] 809	Cold:0.200000,0.100000,0.058824,0.058824,0.000000,0.025000,0.067868,0.250000,-1
2017-03-30 21:10:03,519 [INFO] 819	Whole:0.528976,0.463181,0.102916,0.168096,0.000000,0.367996,0.235726,0.722504,-1
2017-03-30 21:10:03,521 [INFO] 819	Cold:0.000000,0.200000,0.000000,0.117647,0.000000,0.038889,0.103570,0.166667,-1
2017-03-30 21:10:08,881 [INFO] 829	Whole:0.524183,0.460131,0.101896,0.166669,0.000000,0.363455,0.233903,0.721676,-1
2017-03-30 21:10:08,882 [INFO] 829	Cold:0.200000,0.200000,0.058824,0.117647,0.000000,0.040000,0.106514,0.200000,-1
2017-03-30 21:10:14,232 [INFO] 839	Whole:0.526797,0.465795,0.101744,0.170637,0.000000,0.370673,0.237278,0.727415,-1
2017-03-30 21:10:14,235 [INFO] 839	Cold:0.000000,0.100000,0.000000,0.058824,0.000000,0.016667,0.056133,0.166667,-1
2017-03-30 21:10:19,517 [INFO] 849	Whole:0.528976,0.464488,0.102020,0.170494,0.000000,0.370485,0.239356,0.745867,-1
2017-03-30 21:10:19,519 [INFO] 849	Cold:0.200000,0.100000,0.058824,0.058824,0.000000,0.025000,0.067868,0.250000,-1
2017-03-30 21:10:24,833 [INFO] 859	Whole:0.523312,0.464706,0.102656,0.170068,0.000000,0.364850,0.235151,0.721589,-1
2017-03-30 21:10:24,835 [INFO] 859	Cold:0.200000,0.200000,0.058824,0.117647,0.000000,0.053333,0.124344,0.333333,-1
2017-03-30 21:10:30,100 [INFO] 869	Whole:0.532462,0.460566,0.104412,0.165283,0.000000,0.366353,0.234825,0.726771,-1
2017-03-30 21:10:30,101 [INFO] 869	Cold:0.200000,0.100000,0.058824,0.058824,0.000000,0.025000,0.067868,0.250000,-1
2017-03-30 21:10:35,395 [INFO] 879	Whole:0.529412,0.464924,0.103837,0.170108,0.000000,0.369234,0.238372,0.733727,-1
2017-03-30 21:10:35,396 [INFO] 879	Cold:0.200000,0.100000,0.058824,0.058824,0.000000,0.025000,0.067868,0.250000,-1
2017-03-30 21:10:40,697 [INFO] 889	Whole:0.523312,0.462092,0.101663,0.167022,0.000000,0.367412,0.235174,0.727305,-1
2017-03-30 21:10:40,699 [INFO] 889	Cold:0.200000,0.200000,0.058824,0.117647,0.000000,0.053333,0.124344,0.333333,-1

Training: ...search/ranking/data/ml_100k/u1.base, Testing:: ...search/ranking/data/ml_100k/u1.test.
2017-03-30 21:11:46,108 [DEBUG] User amount: 943, item amount: 1650
2017-03-30 21:11:46,108 [DEBUG] Rate amount: 80000
2017-03-30 21:11:46,257 [DEBUG] User amount: 943, item amount: 1650
2017-03-30 21:11:46,257 [DEBUG] Rate amount: 19968
2017-03-30 21:11:46,363 [INFO] BPR: 0.0,30,0.005,0.03,0.03,2000
2017-03-30 21:13:27,807 [INFO] 209	Whole:0.524183,0.462527,0.102188,0.170631,0.000000,0.366517,0.238039,0.739187,-1
2017-03-30 21:13:27,814 [INFO] 209	Cold:0.200000,0.300000,0.058824,0.176471,0.000000,0.111905,0.199390,0.500000,-1
2017-03-30 21:13:32,680 [INFO] 219	Whole:0.518519,0.461438,0.098919,0.169853,0.000000,0.366770,0.237594,0.742200,-1
2017-03-30 21:13:32,686 [INFO] 219	Cold:0.200000,0.300000,0.058824,0.176471,0.000000,0.091905,0.176872,0.333333,-1
2017-03-30 21:16:20,263 [INFO] 559	Whole:0.555120,0.488017,0.108790,0.183416,0.000000,0.394846,0.253289,0.764715,-1
2017-03-30 21:16:20,265 [INFO] 559	Cold:0.200000,0.300000,0.058824,0.176471,0.000000,0.085556,0.171782,0.333333,-1
2017-03-30 21:16:25,128 [INFO] 569	Whole:0.560784,0.486057,0.108343,0.181347,0.000000,0.393552,0.251502,0.763911,-1
2017-03-30 21:16:25,130 [INFO] 569	Cold:0.200000,0.200000,0.058824,0.117647,0.000000,0.045000,0.110674,0.200000,-1
2017-03-30 21:16:30,023 [INFO] 579	Whole:0.548148,0.487146,0.104351,0.180892,0.000000,0.393033,0.251819,0.769300,-1
2017-03-30 21:16:30,024 [INFO] 579	Cold:0.200000,0.200000,0.058824,0.117647,0.000000,0.058333,0.124001,0.250000,-1
2017-03-30 21:16:34,943 [INFO] 589	Whole:0.558170,0.487582,0.108657,0.180588,0.000000,0.396081,0.251973,0.759012,-1
2017-03-30 21:16:34,944 [INFO] 589	Cold:0.200000,0.300000,0.058824,0.176471,0.000000,0.078333,0.158112,0.200000,-1
2017-03-30 21:16:39,833 [INFO] 599	Whole:0.560349,0.489978,0.110063,0.183175,0.000000,0.397700,0.254097,0.759059,-1
2017-03-30 21:16:39,835 [INFO] 599	Cold:0.400000,0.300000,0.117647,0.176471,0.000000,0.095000,0.174382,0.250000,-1
2017-03-30 21:16:44,715 [INFO] 609	Whole:0.562963,0.486492,0.111966,0.180988,0.000000,0.397126,0.254247,0.763073,-1
2017-03-30 21:16:44,717 [INFO] 609	Cold:0.200000,0.300000,0.058824,0.176471,0.000000,0.095833,0.173713,0.250000,-1
2017-03-30 21:16:49,579 [INFO] 619	Whole:0.562092,0.489542,0.112907,0.181649,0.000000,0.397994,0.252088,0.760021,-1
2017-03-30 21:16:49,581 [INFO] 619	Cold:0.200000,0.300000,0.058824,0.176471,0.000000,0.086667,0.164532,0.200000,-1
2017-03-30 21:16:54,480 [INFO] 629	Whole:0.556863,0.483878,0.108672,0.178314,0.000000,0.389811,0.247304,0.743470,-1
2017-03-30 21:16:54,482 [INFO] 629	Cold:0.200000,0.300000,0.058824,0.176471,0.000000,0.086905,0.167834,0.250000,-1
2017-03-30 21:16:59,372 [INFO] 639	Whole:0.557734,0.487800,0.107741,0.182075,0.000000,0.394364,0.251317,0.752964,-1
2017-03-30 21:16:59,374 [INFO] 639	Cold:0.200000,0.300000,0.058824,0.176471,0.000000,0.101190,0.176529,0.250000,-1
2017-03-30 21:17:04,295 [INFO] 649	Whole:0.552070,0.489542,0.106688,0.183261,0.000000,0.393322,0.251967,0.753287,-1
2017-03-30 21:17:04,297 [INFO] 649	Cold:0.200000,0.300000,0.058824,0.176471,0.000000,0.095833,0.173713,0.250000,-1
2017-03-30 21:17:09,173 [INFO] 659	Whole:0.556863,0.485185,0.110203,0.178546,0.000000,0.394534,0.250634,0.754426,-1
2017-03-30 21:17:09,174 [INFO] 659	Cold:0.200000,0.300000,0.058824,0.176471,0.000000,0.086905,0.167834,0.250000,-1
2017-03-30 21:17:14,036 [INFO] 669	Whole:0.554248,0.487146,0.109330,0.178238,0.000000,0.395913,0.249592,0.750537,-1
2017-03-30 21:17:14,038 [INFO] 669	Cold:0.200000,0.300000,0.058824,0.176471,0.000000,0.120833,0.205270,0.500000,-1
2017-03-30 21:17:18,909 [INFO] 679	Whole:0.559913,0.488017,0.111857,0.179806,0.000000,0.396189,0.252028,0.760490,-1
2017-03-30 21:17:18,911 [INFO] 679	Cold:0.200000,0.300000,0.058824,0.176471,0.000000,0.095833,0.173713,0.250000,-1
2017-03-30 21:17:23,770 [INFO] 689	Whole:0.560784,0.487146,0.111410,0.180502,0.000000,0.393859,0.249535,0.742714,-1
2017-03-30 21:17:23,772 [INFO] 689	Cold:0.400000,0.300000,0.117647,0.176471,0.000000,0.120833,0.196372,0.333333,-1
2017-03-30 21:17:28,851 [INFO] 699	Whole:0.565142,0.490850,0.109864,0.181515,0.000000,0.398557,0.252693,0.756886,-1
2017-03-30 21:17:28,854 [INFO] 699	Cold:0.200000,0.300000,0.058824,0.176471,0.000000,0.095238,0.178758,0.333333,-1
2017-03-30 21:17:33,855 [INFO] 709	Whole:0.562963,0.493682,0.109867,0.183118,0.000000,0.400884,0.253447,0.755292,-1
2017-03-30 21:17:33,857 [INFO] 709	Cold:0.400000,0.300000,0.117647,0.176471,0.000000,0.102500,0.178542,0.250000,-1
2017-03-30 21:17:38,801 [INFO] 719	Whole:0.560784,0.488235,0.108849,0.179847,0.000000,0.397422,0.252358,0.762500,-1
2017-03-30 21:17:38,802 [INFO] 719	Cold:0.000000,0.300000,0.000000,0.176471,0.000000,0.075000,0.153283,0.166667,-1
2017-03-30 21:17:44,051 [INFO] 729	Whole:0.557734,0.490196,0.111077,0.180397,0.000000,0.397371,0.250500,0.749638,-1
2017-03-30 21:17:44,054 [INFO] 729	Cold:0.400000,0.300000,0.117647,0.176471,0.000000,0.107857,0.181358,0.250000,-1
2017-03-30 21:17:49,295 [INFO] 739	Whole:0.562963,0.489978,0.109730,0.181676,0.000000,0.396029,0.251539,0.753029,-1
2017-03-30 21:17:49,296 [INFO] 739	Cold:0.400000,0.300000,0.117647,0.176471,0.000000,0.177500,0.268258,1.000000,-1
2017-03-30 21:17:54,290 [INFO] 749	Whole:0.569063,0.492810,0.113426,0.181603,0.000000,0.401279,0.253001,0.757461,-1
2017-03-30 21:17:54,291 [INFO] 749	Cold:0.400000,0.300000,0.117647,0.176471,0.000000,0.107857,0.181358,0.250000,-1
2017-03-30 21:17:59,476 [INFO] 759	Whole:0.557734,0.494118,0.106990,0.185663,0.000000,0.401166,0.255423,0.762284,-1
2017-03-30 21:17:59,478 [INFO] 759	Cold:0.200000,0.300000,0.058824,0.176471,0.000000,0.095238,0.178758,0.333333,-1
2017-03-30 21:18:04,518 [INFO] 769	Whole:0.565142,0.490414,0.114568,0.182047,0.000000,0.402922,0.257318,0.778193,-1
2017-03-30 21:18:04,520 [INFO] 769	Cold:0.400000,0.300000,0.117647,0.176471,0.000000,0.110833,0.189466,0.333333,-1
2017-03-30 21:18:09,432 [INFO] 779	Whole:0.568627,0.494989,0.114491,0.183427,0.000000,0.406020,0.255760,0.764903,-1
2017-03-30 21:18:09,434 [INFO] 779	Cold:0.200000,0.300000,0.058824,0.176471,0.000000,0.081905,0.160928,0.200000,-1
2017-03-30 21:18:14,341 [INFO] 789	Whole:0.562527,0.490850,0.111605,0.182404,0.000000,0.399687,0.253544,0.758904,-1
2017-03-30 21:18:14,342 [INFO] 789	Cold:0.600000,0.300000,0.176471,0.176471,0.000000,0.160000,0.228254,0.500000,-1
2017-03-30 21:18:19,258 [INFO] 799	Whole:0.557734,0.491285,0.107689,0.181416,0.000000,0.399605,0.253373,0.763904,-1
2017-03-30 21:18:19,259 [INFO] 799	Cold:0.200000,0.300000,0.058824,0.176471,0.000000,0.101190,0.176529,0.250000,-1
2017-03-30 21:18:24,124 [INFO] 809	Whole:0.557734,0.492810,0.110877,0.181520,0.000000,0.401352,0.254324,0.769161,-1
2017-03-30 21:18:24,126 [INFO] 809	Cold:0.200000,0.300000,0.058824,0.176471,0.000000,0.090833,0.166807,0.200000,-1
2017-03-30 21:18:29,031 [INFO] 819	Whole:0.560784,0.495861,0.108445,0.185157,0.000000,0.402433,0.254858,0.765460,-1
2017-03-30 21:18:29,034 [INFO] 819	Cold:0.200000,0.300000,0.058824,0.176471,0.000000,0.096190,0.169623,0.200000,-1
2017-03-30 21:18:33,892 [INFO] 829	Whole:0.564706,0.489107,0.115436,0.180840,0.000000,0.398940,0.252326,0.758205,-1
2017-03-30 21:18:33,894 [INFO] 829	Cold:0.200000,0.300000,0.058824,0.176471,0.000000,0.096190,0.169623,0.200000,-1
2017-03-30 21:18:38,795 [INFO] 839	Whole:0.558170,0.491721,0.111124,0.184965,0.000000,0.400192,0.254495,0.760622,-1
2017-03-30 21:18:38,797 [INFO] 839	Cold:0.200000,0.300000,0.058824,0.176471,0.000000,0.126190,0.208085,0.500000,-1
2017-03-30 21:18:43,759 [INFO] 849	Whole:0.566885,0.492593,0.111967,0.183589,0.000000,0.400847,0.251949,0.749136,-1
2017-03-30 21:18:43,761 [INFO] 849	Cold:0.000000,0.300000,0.000000,0.176471,0.000000,0.082738,0.158373,0.166667,-1
2017-03-30 21:18:48,649 [INFO] 859	Whole:0.551198,0.492375,0.107439,0.181490,0.000000,0.396784,0.250178,0.753250,-1
2017-03-30 21:18:48,651 [INFO] 859	Cold:0.200000,0.300000,0.058824,0.176471,0.000000,0.116667,0.202995,0.500000,-1
2017-03-30 21:18:53,532 [INFO] 869	Whole:0.562527,0.492593,0.112773,0.180778,0.000000,0.400004,0.250976,0.754120,-1
2017-03-30 21:18:53,534 [INFO] 869	Cold:0.200000,0.300000,0.058824,0.176471,0.000000,0.086071,0.163202,0.200000,-1
2017-03-30 21:18:58,543 [INFO] 879	Whole:0.561656,0.492157,0.110909,0.182202,0.000000,0.400397,0.253297,0.763236,-1
2017-03-30 21:18:58,546 [INFO] 879	Cold:0.200000,0.300000,0.058824,0.176471,0.000000,0.086667,0.164532,0.200000,-1
2017-03-30 21:19:03,500 [INFO] 889	Whole:0.560784,0.489325,0.112090,0.183174,0.000000,0.399724,0.254857,0.766035,-1
2017-03-30 21:19:03,502 [INFO] 889	Cold:0.200000,0.300000,0.058824,0.176471,0.000000,0.090833,0.166807,0.200000,-1
2017-03-30 21:19:08,378 [INFO] 899	Whole:0.560784,0.487582,0.112741,0.182645,0.000000,0.396808,0.252932,0.765978,-1
2017-03-30 21:19:08,383 [INFO] 899	Cold:0.400000,0.300000,0.117647,0.176471,0.000000,0.107857,0.181358,0.250000,-1
2017-03-30 21:19:13,237 [INFO] 909	Whole:0.557734,0.490196,0.111649,0.181672,0.000000,0.398899,0.253433,0.757893,-1
2017-03-30 21:19:13,238 [INFO] 909	Cold:0.400000,0.300000,0.117647,0.176471,0.000000,0.116190,0.192282,0.333333,-1
2017-03-30 21:19:18,087 [INFO] 919	Whole:0.559041,0.491503,0.109007,0.180679,0.000000,0.398062,0.251686,0.757898,-1
2017-03-30 21:19:18,089 [INFO] 919	Cold:0.200000,0.400000,0.058824,0.235294,0.000000,0.136190,0.215175,0.200000,-1
2017-03-30 21:19:22,998 [INFO] 929	Whole:0.566449,0.495861,0.113139,0.183839,0.000000,0.404914,0.255641,0.763758,-1
2017-03-30 21:19:23,000 [INFO] 929	Cold:0.200000,0.300000,0.058824,0.176471,0.000000,0.096190,0.169623,0.200000,-1
2017-03-30 21:19:27,916 [INFO] 939	Whole:0.566013,0.490632,0.112466,0.182147,0.000000,0.400082,0.253707,0.764972,-1
2017-03-30 21:19:27,918 [INFO] 939	Cold:0.400000,0.300000,0.117647,0.176471,0.000000,0.204167,0.286089,1.000000,-1
2017-03-30 21:19:32,788 [INFO] 949	Whole:0.570370,0.496078,0.112235,0.184824,0.000000,0.405114,0.255423,0.754809,-1
2017-03-30 21:19:32,790 [INFO] 949	Cold:0.400000,0.200000,0.117647,0.117647,0.000000,0.065000,0.128830,0.250000,-1
2017-03-30 21:19:37,693 [INFO] 959	Whole:0.564270,0.493900,0.109395,0.181774,0.000000,0.403338,0.254219,0.764313,-1
2017-03-30 21:19:37,695 [INFO] 959	Cold:0.400000,0.300000,0.117647,0.176471,0.000000,0.102500,0.178542,0.250000,-1
2017-03-30 21:19:42,577 [INFO] 969	Whole:0.566885,0.491721,0.113552,0.180975,0.000000,0.403082,0.254789,0.767919,-1
2017-03-30 21:19:42,580 [INFO] 969	Cold:0.200000,0.300000,0.058824,0.176471,0.000000,0.090833,0.166807,0.200000,-1
2017-03-30 21:19:47,485 [INFO] 979	Whole:0.560784,0.490850,0.110808,0.181592,0.000000,0.401933,0.253976,0.764625,-1
2017-03-30 21:19:47,487 [INFO] 979	Cold:0.400000,0.300000,0.117647,0.176471,0.000000,0.132857,0.212915,0.500000,-1
2017-03-30 21:19:52,388 [INFO] 989	Whole:0.562092,0.500436,0.108656,0.185249,0.000000,0.408055,0.256156,0.765009,-1
2017-03-30 21:19:52,391 [INFO] 989	Cold:0.400000,0.300000,0.117647,0.176471,0.000000,0.107857,0.181358,0.250000,-1
2017-03-30 21:19:57,274 [INFO] 999	Whole:0.562963,0.491285,0.110604,0.180849,0.000000,0.398474,0.252538,0.763307,-1
2017-03-30 21:19:57,275 [INFO] 999	Cold:0.400000,0.300000,0.117647,0.176471,0.000000,0.159524,0.230745,0.500000,-1
2017-03-30 21:20:02,208 [INFO] 1009	Whole:0.568627,0.494118,0.112664,0.185312,0.000000,0.402348,0.254843,0.753249,-1
2017-03-30 21:20:02,210 [INFO] 1009	Cold:0.400000,0.300000,0.117647,0.176471,0.000000,0.110833,0.189466,0.333333,-1
2017-03-30 21:20:07,136 [INFO] 1019	Whole:0.557734,0.499129,0.109500,0.181699,0.000000,0.406151,0.253021,0.756538,-1
2017-03-30 21:20:07,138 [INFO] 1019	Cold:0.000000,0.300000,0.000000,0.176471,0.000000,0.082738,0.158373,0.166667,-1
2017-03-30 21:20:12,091 [INFO] 1029	Whole:0.562092,0.493246,0.111418,0.181566,0.000000,0.402023,0.253167,0.764085,-1
2017-03-30 21:20:12,095 [INFO] 1029	Cold:0.400000,0.300000,0.117647,0.176471,0.000000,0.123333,0.195887,0.333333,-1
2017-03-30 21:20:17,024 [INFO] 1039	Whole:0.566449,0.491285,0.110727,0.181891,0.000000,0.400922,0.252752,0.765131,-1
2017-03-30 21:20:17,025 [INFO] 1039	Cold:0.400000,0.300000,0.117647,0.176471,0.000000,0.095000,0.174382,0.250000,-1
2017-03-30 21:20:21,877 [INFO] 1049	Whole:0.562527,0.489542,0.108018,0.180330,0.000000,0.399532,0.252697,0.759711,-1
2017-03-30 21:20:21,879 [INFO] 1049	Cold:0.200000,0.300000,0.058824,0.176471,0.000000,0.096190,0.169623,0.200000,-1
2017-03-30 21:20:26,750 [INFO] 1059	Whole:0.561220,0.491285,0.107297,0.179727,0.000000,0.401195,0.251888,0.759258,-1
2017-03-30 21:20:26,752 [INFO] 1059	Cold:0.400000,0.300000,0.117647,0.176471,0.000000,0.120833,0.196372,0.333333,-1
2017-03-30 21:20:31,634 [INFO] 1069	Whole:0.568627,0.491721,0.113299,0.183423,0.000000,0.402369,0.255026,0.763501,-1
2017-03-30 21:20:31,636 [INFO] 1069	Cold:0.400000,0.300000,0.117647,0.176471,0.000000,0.098333,0.176267,0.250000,-1
2017-03-30 21:20:36,704 [INFO] 1079	Whole:0.561656,0.496296,0.108048,0.185191,0.000000,0.405181,0.256805,0.763061,-1
2017-03-30 21:20:36,706 [INFO] 1079	Cold:0.200000,0.300000,0.058824,0.176471,0.000000,0.096667,0.180477,0.333333,-1
2017-03-30 21:20:41,797 [INFO] 1089	Whole:0.566885,0.493028,0.112522,0.182225,0.000000,0.402917,0.254697,0.762616,-1
2017-03-30 21:20:41,799 [INFO] 1089	Cold:0.200000,0.300000,0.058824,0.176471,0.000000,0.086667,0.164532,0.200000,-1




