Training: ...search/ranking/data/ml_100k/u1.base, Testing:: ...search/ranking/data/ml_100k/u1.test.
BPR: 0.0,30,5.0E-4,0.03,0.03,2000
519	Whole:0.452723,0.390196,0.086185,0.142410,0.000000,0.291690,0.198087,0.667386,-1
519	Cold:0.200000,0.300000,0.058824,0.176471,0.000000,0.099405,0.181033,0.333333,-1
539	Whole:0.454466,0.394553,0.085455,0.144768,0.000000,0.295263,0.199441,0.669171,-1
539	Cold:0.200000,0.300000,0.058824,0.176471,0.000000,0.091667,0.171438,0.250000,-1
559	Whole:0.455338,0.397386,0.086343,0.144830,0.000000,0.299614,0.201678,0.676972,-1
559	Cold:0.200000,0.300000,0.058824,0.176471,0.000000,0.111905,0.199390,0.500000,-1
579	Whole:0.450545,0.398475,0.085748,0.147058,0.000000,0.300322,0.202513,0.678906,-1
579	Cold:0.200000,0.300000,0.058824,0.176471,0.000000,0.116071,0.201665,0.500000,-1
599	Whole:0.451416,0.400000,0.087032,0.145665,0.000000,0.301218,0.202558,0.677240,-1
599	Cold:0.200000,0.300000,0.058824,0.176471,0.000000,0.108333,0.196575,0.500000,-1
619	Whole:0.447930,0.401525,0.085497,0.147064,0.000000,0.301908,0.203377,0.682460,-1
619	Cold:0.200000,0.300000,0.058824,0.176471,0.000000,0.105000,0.194689,0.500000,-1
639	Whole:0.452723,0.404357,0.085865,0.149612,0.000000,0.304737,0.204645,0.680106,-1
639	Cold:0.200000,0.200000,0.058824,0.117647,0.000000,0.075000,0.149137,0.500000,-1
659	Whole:0.452288,0.403268,0.086123,0.150020,0.000000,0.304552,0.204830,0.680478,-1
659	Cold:0.200000,0.300000,0.058824,0.176471,0.000000,0.083571,0.165948,0.250000,-1
679	Whole:0.452288,0.403268,0.086249,0.150859,0.000000,0.304457,0.206004,0.687610,-1
679	Cold:0.200000,0.300000,0.058824,0.176471,0.000000,0.108333,0.196575,0.500000,-1
699	Whole:0.454031,0.404357,0.086719,0.149199,0.000000,0.306816,0.206794,0.691885,-1
699	Cold:0.200000,0.300000,0.058824,0.176471,0.000000,0.105000,0.194689,0.500000,-1
719	Whole:0.455338,0.406754,0.087393,0.151713,0.000000,0.308610,0.207987,0.692879,-1
719	Cold:0.200000,0.300000,0.058824,0.176471,0.000000,0.088333,0.174057,0.333333,-1
739	Whole:0.451416,0.406972,0.087172,0.151753,0.000000,0.308731,0.207869,0.690721,-1
739	Cold:0.200000,0.300000,0.058824,0.176471,0.000000,0.095238,0.178758,0.333333,-1
759	Whole:0.454031,0.411111,0.087093,0.153340,0.000000,0.310340,0.208716,0.685665,-1
759	Cold:0.200000,0.300000,0.058824,0.176471,0.000000,0.095238,0.178758,0.333333,-1
779	Whole:0.456645,0.410458,0.088135,0.151491,0.000000,0.310760,0.208688,0.695518,-1
779	Cold:0.200000,0.300000,0.058824,0.176471,0.000000,0.111905,0.199390,0.500000,-1
799	Whole:0.458824,0.413508,0.088634,0.152489,0.000000,0.314740,0.210267,0.701008,-1
799	Cold:0.200000,0.300000,0.058824,0.176471,0.000000,0.108333,0.196575,0.500000,-1
819	Whole:0.461002,0.414161,0.088698,0.152321,0.000000,0.314523,0.209951,0.699192,-1
819	Cold:0.200000,0.300000,0.058824,0.176471,0.000000,0.091667,0.175942,0.333333,-1
839	Whole:0.461002,0.416776,0.089120,0.154530,0.000000,0.316578,0.211713,0.698325,-1
839	Cold:0.200000,0.300000,0.058824,0.176471,0.000000,0.095238,0.178758,0.333333,-1
859	Whole:0.463617,0.415468,0.089669,0.153465,0.000000,0.316776,0.211043,0.697302,-1
859	Cold:0.200000,0.300000,0.058824,0.176471,0.000000,0.095238,0.178758,0.333333,-1
879	Whole:0.459259,0.418954,0.088032,0.155138,0.000000,0.317495,0.211978,0.692180,-1
879	Cold:0.200000,0.300000,0.058824,0.176471,0.000000,0.099405,0.181033,0.333333,-1
899	Whole:0.466231,0.420044,0.091116,0.153221,0.000000,0.319399,0.211706,0.691310,-1
899	Cold:0.200000,0.400000,0.058824,0.235294,0.000000,0.149524,0.233005,0.333333,-1
919	Whole:0.466231,0.421569,0.088941,0.156081,0.000000,0.318826,0.212442,0.691590,-1
919	Cold:0.200000,0.400000,0.058824,0.235294,0.000000,0.139405,0.226585,0.333333,-1
939	Whole:0.468845,0.421786,0.088825,0.154876,0.000000,0.319310,0.211924,0.691963,-1
939	Cold:0.200000,0.300000,0.058824,0.176471,0.000000,0.099405,0.181033,0.333333,-1
959	Whole:0.468845,0.423965,0.090288,0.153552,0.000000,0.323123,0.213393,0.694892,-1
959	Cold:0.400000,0.300000,0.117647,0.176471,0.000000,0.110833,0.189466,0.333333,-1
979	Whole:0.471460,0.423529,0.090270,0.154349,0.000000,0.324189,0.214870,0.704053,-1
979	Cold:0.400000,0.400000,0.117647,0.235294,0.000000,0.163333,0.241439,0.333333,-1
999	Whole:0.470588,0.425490,0.089456,0.156531,0.000000,0.325165,0.215343,0.699716,-1
999	Cold:0.400000,0599	Whole:0.583442,0.526144,0.116241,0.198597,0.000000,0.442652,0.274215,0.790815,-1
599	Cold:0.400000,0.300000,0.117647,0.176471,0.000000,0.209524,0.288904,1.000000,-1
619	Whole:0.589107,0.525926,0.118408,0.198934,0.000000,0.443115,0.275246,0.800854,-1
619	Cold:0.400000,0.300000,0.117647,0.176471,0.000000,0.242857,0.309537,1.000000,-1
00,0.300000,0.117647,0.176471,0.000000,0.120833,0.196372,0.333333,-1
1059	Whole:0.476688,0.432898,0.091710,0.159008,0.000000,0.331323,0.218859,0.700532,-1
1059	Cold:0.400000,0.300000,0.117647,0.176471,0.000000,0.120833,0.196372,0.333333,-1
1079	Whole:0.474074,0.432462,0.091139,0.159103,0.000000,0.331144,0.218452,0.703132,-1
1079	Cold:0.400000,0.400000,0.117647,0.235294,0.000000,0.160833,0.241924,0.333333,-1
1099	Whole:0.477996,0.434205,0.091558,0.159871,0.000000,0.333387,0.219832,0.708382,-1
1099	Cold:0.400000,0.400000,0.117647,0.235294,0.000000,0.160833,0.241924,0.333333,-1
1119	Whole:0.481917,0.437473,0.093223,0.161265,0.000000,0.334097,0.219736,0.696116,-1
1119	Cold:0.400000,0.400000,0.117647,0.235294,0.000000,0.165278,0.243810,0.333333,-1
1139	Whole:0.484967,0.435512,0.091841,0.159864,0.000000,0.334376,0.219714,0.700293,-1
1139	Cold:0.400000,0.300000,0.117647,0.176471,0.000000,0.120833,0.196372,0.333333,-1
1159	Whole:0.481917,0.438998,0.091178,0.161421,0.000000,0.337141,0.221317,0.701378,-1
1159	Cold:0.400000,0.400000,0.117647,0.235294,0.000000,0.165278,0.243810,0.333333,-1
1179	Whole:0.483224,0.438998,0.092449,0.161410,0.000000,0.336099,0.220602,0.699247,-1
1179	Cold:0.400000,0.300000,0.117647,0.176471,0.000000,0.106667,0.187192,0.333333,-1
1199	Whole:0.487146,0.439651,0.093267,0.160689,0.000000,0.338251,0.221370,0.697660,-1
1199	Cold:0.400000,0.400000,0.117647,0.235294,0.000000,0.156667,0.239650,0.333333,-1
1219	Whole:0.487146,0.438126,0.092415,0.160000,0.000000,0.338161,0.221903,0.705952,-1
1219	Cold:0.400000,0.400000,0.117647,0.235294,0.000000,0.160833,0.241924,0.333333,-1
1239	Whole:0.492810,0.438344,0.094611,0.161150,0.000000,0.339080,0.223317,0.707304,-1
1239	Cold:0.400000,0.400000,0.117647,0.235294,0.000000,0.165278,0.243810,0.333333,-1
1259	Whole:0.488453,0.440523,0.093159,0.162125,0.000000,0.339374,0.223401,0.705217,-1
1259	Cold:0.400000,0.400000,0.117647,0.235294,0.000000,0.170635,0.246626,0.333333,-1
1279	Whole:0.491503,0.440959,0.092867,0.161926,0.000000,0.341606,0.224159,0.707762,-1
1279	Cold:0.400000,0.400000,0.117647,0.235294,0.000000,0.183333,0.252505,0.333333,-1
1299	Whole:0.490632,0.443355,0.093187,0.163079,0.000000,0.342871,0.224164,0.705514,-1
1299	Cold:0.400000,0.300000,0.117647,0.176471,0.000000,0.120833,0.196372,0.333333,-1
1319	Whole:0.493246,0.443355,0.094721,0.162665,0.000000,0.343546,0.224933,0.707081,-1
1319	Cold:0.400000,0.400000,0.117647,0.235294,0.000000,0.156667,0.239650,0.333333,-1
1339	Whole:0.494553,0.445752,0.094670,0.160899,0.000000,0.345243,0.224547,0.703879,-1
1339	Cold:0.400000,0.400000,0.117647,0.235294,0.000000,0.183333,0.252505,0.333333,-1
1359	Whole:0.499346,0.444880,0.096707,0.163506,0.000000,0.345880,0.226383,0.709479,-1
1359	Cold:0.400000,0.400000,0.117647,0.235294,0.000000,0.170635,0.246626,0.333333,-1
1379	Whole:0.498475,0.448366,0.095674,0.165149,0.000000,0.347582,0.228076,0.714435,-1
1379	Cold:0.400000,0.400000,0.117647,0.235294,0.000000,0.166190,0.244740,0.333333,-1
1399	Whole:0.499782,0.450545,0.095797,0.164125,0.000000,0.349874,0.228729,0.714597,-1
1399	Cold:0.400000,0.300000,0.117647,0.176471,0.000000,0.133333,0.202793,0.333333,-1
1419	Whole:0.500654,0.448366,0.097199,0.165676,0.000000,0.347721,0.228732,0.714306,-1
1419	Cold:0.400000,0.400000,0.117647,0.235294,0.000000,0.160833,0.241924,0.333333,-1
1439	Whole:0.498911,0.446841,0.096981,0.165228,0.000000,0.346912,0.228082,0.715047,-1
1439	Cold:0.400000,0.300000,0.117647,0.176471,0.000000,0.120833,0.196372,0.333333,-1
1459	Whole:0.498039,0.448148,0.096922,0.164464,0.000000,0.348325,0.227980,0.711493,-1
1459	Cold:0.400000,0.300000,0.117647,0.176471,0.000000,0.120833,0.196372,0.333333,-1
1479	Whole:0.497603,0.449237,0.095658,0.164938,0.000000,0.349196,0.228312,0.711977,-1
1479	Cold:0.400000,0.400000,0.117647,0.235294,0.000000,0.155278,0.236904,0.333333,-1
1499	Whole:0.497603,0.449891,0.096690,0.165088,0.000000,0.350485,0.228947,0.712464,-1
1499	Cold:0.400000,0.400000,0.117647,0.235294,0.000000,0.160833,0.241924,0.333333,-1
1519	Whole:0.497603,0.450327,0.095933,0.166071,0.000000,0.350862,0.229927,0.719472,-1
1519	Cold:0.400000,0.400000,0.117647,0.235294,0.000000,0.155278,0.236904,0.333333,-1
1539	Whole:0.500654,0.451198,0.097399,0.166010,0.000000,0.351563,0.230197,0.715137,-1
1539	Cold:0.400000,0.400000,0.117647,0.235294,0.000000,0.165278,0.243810,0.333333,-1
1559	Whole:0.505011,0.454248,0.097837,0.167288,0.000000,0.353140,0.231100,0.713317,-1
1559	Cold:0.400000,0.400000,0.117647,0.235294,0.000000,0.166190,0.241994,0.333333,-1
1579	Whole:0.502397,0.454902,0.096818,0.167510,0.000000,0.354713,0.232063,0.717331,-1
1579	Cold:0.400000,0.400000,0.117647,0.235294,0.000000,0.160635,0.239720,0.333333,-1
1599	Whole:0.504139,0.455556,0.097961,0.168223,0.000000,0.355840,0.232528,0.716069,-1
1599	Cold:0.400000,0.400000,0.117647,0.235294,0.000000,0.156190,0.237834,0.333333,-1
1619	Whole:0.511111,0.455556,0.099775,0.167771,0.000000,0.356912,0.233796,0.725798,-1
1619	Cold:0.400000,0.400000,0.117647,0.235294,0.000000,0.166190,0.244740,0.333333,-1
1639	Whole:0.510240,0.456209,0.099267,0.167846,0.000000,0.355674,0.232289,0.715811,-1
1639	Cold:0.400000,0.400000,0.117647,0.235294,0.000000,0.150833,0.235018,0.333333,-1
1659	Whole:0.505447,0.452723,0.097851,0.166119,0.000000,0.355200,0.232403,0.722262,-1
1659	Cold:0.400000,0.400000,0.117647,0.235294,0.000000,0.156667,0.239650,0.333333,-1
1679	Whole:0.515033,0.454902,0.101185,0.167619,0.000000,0.357332,0.233195,0.721118,-1
1679	Cold:0.400000,0.300000,0.117647,0.176471,0.000000,0.110833,0.189466,0.333333,-1
1699	Whole:0.515904,0.456645,0.101211,0.168587,0.000000,0.358624,0.234396,0.722635,-1
1699	Cold:0.400000,0.400000,0.117647,0.235294,0.000000,0.160635,0.239720,0.333333,-1
1719	Whole:0.511111,0.455556,0.099258,0.167097,0.000000,0.357380,0.232668,0.718706,-1
1719	Cold:0.400000,0.400000,0.117647,0.235294,0.000000,0.150833,0.235018,0.333333,-1
1739	Whole:0.519826,0.457298,0.101505,0.167996,0.000000,0.359527,0.234154,0.721286,-1
1739	Cold:0.400000,0.300000,0.117647,0.176471,0.000000,0.110833,0.189466,0.333333,-1
1759	Whole:0.515904,0.456863,0.100215,0.167704,0.000000,0.359020,0.234017,0.720195,-1
1759	Cold:0.400000,0.300000,0.117647,0.176471,0.000000,0.110833,0.189466,0.333333,-1
1779	Whole:0.516776,0.456863,0.101090,0.167972,0.000000,0.359462,0.234870,0.726706,-1
1779	Cold:0.200000,0.400000,0.058824,0.235294,0.000000,0.149524,0.233005,0.333333,-1
1799	Whole:0.514597,0.455120,0.099859,0.165642,0.000000,0.356726,0.232789,0.718440,-1
1799	Cold:0.200000,0.300000,0.058824,0.176471,0.000000,0.101190,0.176529,0.250000,-1
1819	Whole:0.518083,0.457298,0.101911,0.169537,0.000000,0.359783,0.236668,0.731552,-1
1819	Cold:0.200000,0.400000,0.058824,0.235294,0.000000,0.141190,0.222081,0.250000,-1
1839	Whole:0.519826,0.457298,0.101964,0.169003,0.000000,0.359912,0.235995,0.730420,-1
1839	Cold:0.400000,0.300000,0.117647,0.176471,0.000000,0.102500,0.178542,0.250000,-1
1859	Whole:0.520697,0.458388,0.102118,0.167590,0.000000,0.360181,0.235452,0.728810,-1
1859	Cold:0.400000,0.300000,0.117647,0.176471,0.000000,0.102500,0.178542,0.250000,-1
1879	Whole:0.518083,0.459259,0.101613,0.168869,0.000000,0.359535,0.235234,0.727408,-1
1879	Cold:0.400000,0.400000,0.117647,0.235294,0.000000,0.150833,0.235018,0.333333,-1
1899	Whole:0.524183,0.455991,0.103617,0.167697,0.000000,0.359849,0.234646,0.725206,-1
1899	Cold:0.400000,0.200000,0.117647,0.117647,0.000000,0.065000,0.128830,0.250000,-1
1919	Whole:0.525054,0.458170,0.104226,0.168174,0.000000,0.362161,0.235264,0.723584,-1
1919	Cold:0.400000,0.200000,0.117647,0.117647,0.000000,0.065000,0.128830,0.250000,-1
1939	Whole:0.525926,0.459041,0.103505,0.167697,0.000000,0.362752,0.236614,0.729330,-1
1939	Cold:0.200000,0.300000,0.058824,0.176471,0.000000,0.095833,0.173713,0.250000,-1
1959	Whole:0.518954,0.462309,0.101451,0.171452,0.000000,0.364499,0.238291,0.732096,-1
1959	Cold:0.200000,0.300000,0.058824,0.176471,0.000000,0.095833,0.173713,0.250000,-1
1979	Whole:0.519826,0.461656,0.101952,0.171192,0.000000,0.362659,0.237511,0.728502,-1
1979	Cold:0.400000,0.300000,0.117647,0.176471,0.000000,0.102500,0.178542,0.250000,-1
1999	Whole:0.525054,0.461002,0.103380,0.170309,0.000000,0.365164,0.237995,0.730620,-1
1999	Cold:0.400000,0.300000,0.117647,0.176471,0.000000,0.107857,0.181358,0.250000,-1
0.525490,0.460349,0.103178,0.169282,0.000000,0.364352,0.237394,0.729334,-1
