[INFO ] Training: ...research/ssh/yelp/train0.5_folder_1, Testing:: .../research/ssh/yelp/test0.5_folder_1.
[DEBUG] User amount: 16477, item amount: 13179
[DEBUG] Rate amount: 122555, scales: {1.0}
[DEBUG] User amount: 16477, item amount: 13179
[DEBUG] Rate amount: 117731, scales: {1.0}
[INFO ] BPR: 0.0,30,0.005,0.05,0.05,1500
[INFO ] 204	Whole:0.028600,0.025521,0.020033,0.035471,0.588725,0.017415,0.029616,0.071068,-1
[INFO ] 204	Cold:0.012091,0.010742,0.019099,0.033962,0.549071,0.012064,0.023393,0.035056,-1
[INFO ] 209	Whole:0.028401,0.025297,0.020209,0.035551,0.588665,0.017046,0.029381,0.070353,-1
[INFO ] 209	Cold:0.012219,0.010715,0.019311,0.033970,0.549117,0.011750,0.023139,0.034650,-1
[INFO ] 214	Whole:0.029097,0.025795,0.020624,0.036456,0.590465,0.017606,0.030147,0.072279,-1
[INFO ] 214	Cold:0.012513,0.011017,0.019826,0.035096,0.550308,0.012260,0.023906,0.035525,-1
[INFO ] 219	Whole:0.029147,0.025627,0.020650,0.035879,0.589751,0.017661,0.030003,0.072157,-1
[INFO ] 219	Cold:0.012714,0.010898,0.020061,0.034417,0.549850,0.012445,0.023959,0.036338,-1
[INFO ] 224	Whole:0.029446,0.025739,0.020953,0.036334,0.590250,0.017585,0.030129,0.071708,-1
[INFO ] 224	Cold:0.012751,0.011036,0.020122,0.034881,0.550675,0.012333,0.024015,0.036184,-1
[INFO ] 229	Whole:0.029284,0.025726,0.020855,0.036161,0.589753,0.017658,0.030163,0.072287,-1
[INFO ] 229	Cold:0.012861,0.010981,0.020172,0.034762,0.550263,0.012309,0.023939,0.036004,-1
[INFO ] 234	Whole:0.029048,0.025913,0.020744,0.036491,0.590530,0.017622,0.030317,0.072172,-1
[INFO ] 234	Cold:0.012549,0.011164,0.019848,0.035111,0.550995,0.012325,0.024121,0.036282,-1
[INFO ] 239	Whole:0.029794,0.026155,0.021379,0.037141,0.591428,0.017814,0.030578,0.072354,-1
[INFO ] 239	Cold:0.013265,0.011338,0.020893,0.035978,0.551592,0.012533,0.024540,0.036533,-1
[INFO ] 244	Whole:0.029906,0.026050,0.021321,0.036757,0.591273,0.017819,0.030554,0.073044,-1
[INFO ] 244	Cold:0.012916,0.011118,0.020428,0.035099,0.550950,0.012455,0.024220,0.036514,-1
[INFO ] 249	Whole:0.030105,0.026249,0.021458,0.037299,0.591677,0.017986,0.030842,0.073214,-1
[INFO ] 249	Cold:0.013063,0.011338,0.020753,0.035902,0.551729,0.012618,0.024606,0.036858,-1
[INFO ] 254	Whole:0.029732,0.026118,0.021222,0.037302,0.592203,0.018140,0.030973,0.073522,-1
[INFO ] 254	Cold:0.012990,0.011293,0.020567,0.035872,0.551592,0.012883,0.024837,0.037349,-1
[INFO ] 259	Whole:0.030142,0.026317,0.021699,0.037244,0.591492,0.018031,0.030932,0.073808,-1
[INFO ] 259	Cold:0.013246,0.011182,0.021214,0.035638,0.551318,0.012649,0.024600,0.037218,-1
[INFO ] 264	Whole:0.030429,0.026398,0.021821,0.037694,0.592422,0.018183,0.031166,0.073897,-1
[INFO ] 264	Cold:0.013393,0.011448,0.021142,0.036467,0.552600,0.012801,0.024984,0.037496,-1
[INFO ] 269	Whole:0.030055,0.026603,0.021178,0.038086,0.592949,0.018164,0.031353,0.074025,-1
[INFO ] 269	Cold:0.013008,0.011678,0.020226,0.036986,0.553149,0.012782,0.025156,0.037711,-1
[INFO ] 274	Whole:0.030317,0.026454,0.021820,0.038035,0.592609,0.018201,0.031285,0.073683,-1
[INFO ] 274	Cold:0.013210,0.011540,0.021020,0.036988,0.552692,0.012934,0.025203,0.037341,-1
[INFO ] 279	Whole:0.030528,0.026771,0.021966,0.038052,0.593292,0.018304,0.031422,0.073989,-1
[INFO ] 279	Cold:0.013393,0.011650,0.021099,0.036663,0.553012,0.012725,0.025017,0.037224,-1
[INFO ] 284	Whole:0.030914,0.026902,0.022026,0.038853,0.594099,0.018638,0.031956,0.075569,-1
[INFO ] 284	Cold:0.013375,0.011806,0.021118,0.037835,0.553745,0.013150,0.025672,0.038067,-1
[INFO ] 289	Whole:0.030466,0.026697,0.022073,0.038030,0.593230,0.018375,0.031514,0.074704,-1
[INFO ] 289	Cold:0.013485,0.011641,0.021402,0.036720,0.552966,0.012841,0.025146,0.037513,-1
[INFO ] 294	Whole:0.030702,0.026765,0.022468,0.038930,0.594133,0.018440,0.031894,0.075027,-1
[INFO ] 294	Cold:0.013815,0.011880,0.022059,0.037965,0.554066,0.013052,0.025710,0.038251,-1
[INFO ] 299	Whole:0.031063,0.026964,0.022546,0.038862,0.594471,0.018660,0.032065,0.075999,-1
[INFO ] 299	Cold:0.013650,0.011971,0.022010,0.037945,0.554157,0.013202,0.025827,0.038292,-1
[INFO ] 304	Whole:0.031274,0.026784,0.022623,0.038857,0.594474,0.018675,0.032065,0.076062,-1
[INFO ] 304	Cold:0.013650,0.011889,0.021775,0.037736,0.554020,0.013125,0.025697,0.038163,-1
[INFO ] 309	Whole:0.030752,0.027076,0.022101,0.038996,0.594625,0.018458,0.031893,0.074817,-1
[INFO ] 309	Cold:0.013650,0.011990,0.021650,0.037860,0.554203,0.013095,0.025733,0.038060,-1
[INFO ] 314	Whole:0.031200,0.027163,0.022368,0.039707,0.595031,0.018924,0.032485,0.075724,-1
[INFO ] 314	Cold:0.013668,0.012054,0.021615,0.038815,0.554570,0.013595,0.026413,0.039223,-1
[INFO ] 319	Whole:0.031399,0.027319,0.022992,0.038996,0.594967,0.018845,0.032274,0.075846,-1
[INFO ] 319	Cold:0.013999,0.012045,0.022526,0.037795,0.554295,0.013315,0.025950,0.038487,-1
[INFO ] 324	Whole:0.031797,0.027493,0.022754,0.039724,0.595901,0.019162,0.032831,0.077353,-1
[INFO ] 324	Cold:0.013815,0.012210,0.021907,0.038677,0.555211,0.013503,0.026408,0.039377,-1
[INFO ] 329	Whole:0.031399,0.027350,0.022898,0.039838,0.595653,0.019213,0.032935,0.077414,-1
[INFO ] 329	Cold:0.013724,0.012173,0.022037,0.038816,0.555441,0.013772,0.026655,0.039690,-1
[INFO ] 334	Whole:0.031449,0.027617,0.022578,0.039693,0.595682,0.019212,0.032787,0.076271,-1
[INFO ] 334	Cold:0.013503,0.012347,0.021747,0.038985,0.555943,0.013729,0.026669,0.039474,-1
[INFO ] 339	Whole:0.031585,0.027462,0.022591,0.039958,0.596149,0.019181,0.032866,0.077306,-1
[INFO ] 339	Cold:0.013742,0.012210,0.021620,0.039079,0.555486,0.013551,0.026508,0.039412,-1
[INFO ] 344	Whole:0.031921,0.027661,0.023218,0.040043,0.596211,0.019184,0.032899,0.077173,-1
[INFO ] 344	Cold:0.014274,0.012302,0.022621,0.038940,0.555532,0.013489,0.026438,0.038944,-1
[INFO ] 349	Whole:0.031697,0.027362,0.022934,0.039753,0.595839,0.019127,0.032783,0.076434,-1
[INFO ] 349	Cold:0.013889,0.012228,0.022298,0.038690,0.555577,0.013530,0.026397,0.039035,-1
[INFO ] 354	Whole:0.031598,0.027748,0.023042,0.040237,0.596831,0.019318,0.033172,0.077697,-1
[INFO ] 354	Cold:0.014017,0.012320,0.022424,0.039000,0.556035,0.013697,0.026729,0.040028,-1
[INFO ] 359	Whole:0.031735,0.027586,0.022984,0.040174,0.596274,0.019119,0.032903,0.076892,-1
[INFO ] 359	Cold:0.013999,0.012403,0.022365,0.039400,0.556128,0.013631,0.026757,0.039705,-1
[INFO ] 364	Whole:0.031287,0.027574,0.022989,0.039553,0.595900,0.019209,0.032853,0.077280,-1
[INFO ] 364	Cold:0.014035,0.012137,0.022533,0.038214,0.555166,0.013573,0.026378,0.039530,-1
[INFO ] 369	Whole:0.031884,0.027872,0.023155,0.040307,0.597173,0.019352,0.033196,0.077549,-1
[INFO ] 369	Cold:0.014054,0.012430,0.022526,0.039025,0.556402,0.013647,0.026696,0.039717,-1
[INFO ] 374	Whole:0.031747,0.027586,0.023008,0.039976,0.596459,0.019193,0.032971,0.077429,-1
[INFO ] 374	Cold:0.014054,0.012219,0.022353,0.038702,0.555257,0.013647,0.026539,0.039587,-1
[INFO ] 379	Whole:0.032071,0.027829,0.023393,0.040174,0.596738,0.019249,0.033131,0.077471,-1
[INFO ] 379	Cold:0.014457,0.012393,0.023047,0.039188,0.555808,0.013623,0.026733,0.039819,-1
[INFO ] 384	Whole:0.031722,0.027947,0.023255,0.040653,0.597329,0.019555,0.033503,0.078422,-1
[INFO ] 384	Cold:0.014164,0.012421,0.022692,0.039617,0.556357,0.013776,0.026943,0.039989,-1
[INFO ] 389	Whole:0.031660,0.027686,0.023376,0.040612,0.597176,0.019553,0.033572,0.078481,-1
[INFO ] 389	Cold:0.014164,0.012448,0.022793,0.039554,0.556632,0.014057,0.027213,0.040566,-1
[INFO ] 394	Whole:0.032008,0.027847,0.023440,0.040053,0.596957,0.019647,0.033426,0.078662,-1
[INFO ] 394	Cold:0.014347,0.012439,0.023040,0.039032,0.556082,0.014033,0.027089,0.040533,-1
[INFO ] 399	Whole:0.031971,0.028339,0.023247,0.041165,0.598507,0.019804,0.033852,0.079200,-1
[INFO ] 399	Cold:0.014292,0.012659,0.022624,0.040156,0.557547,0.014042,0.027370,0.040616,-1
[INFO ] 404	Whole:0.032618,0.028108,0.023587,0.040905,0.598013,0.019800,0.033832,0.079517,-1
[INFO ] 404	Cold:0.014457,0.012467,0.022857,0.039728,0.556082,0.013960,0.027140,0.040356,-1
[INFO ] 409	Whole:0.031710,0.028102,0.023765,0.040649,0.597792,0.019593,0.033604,0.078561,-1
[INFO ] 409	Cold:0.014549,0.012522,0.023496,0.039589,0.556632,0.014035,0.027238,0.040675,-1
[INFO ] 414	Whole:0.032407,0.028295,0.024185,0.041431,0.598665,0.020115,0.034281,0.079797,-1
[INFO ] 414	Cold:0.014733,0.012724,0.023894,0.040354,0.557686,0.014350,0.027787,0.041500,-1
[INFO ] 419	Whole:0.032145,0.028028,0.023715,0.040686,0.597700,0.019705,0.033750,0.079212,-1
[INFO ] 419	Cold:0.014586,0.012430,0.023256,0.039514,0.556449,0.013941,0.027109,0.040530,-1
[INFO ] 424	Whole:0.031834,0.028220,0.023432,0.040540,0.597979,0.019690,0.033671,0.079592,-1
[INFO ] 424	Cold:0.014237,0.012568,0.023009,0.039623,0.556723,0.013851,0.027084,0.040261,-1
[INFO ] 429	Whole:0.032718,0.028308,0.023882,0.041111,0.598228,0.019885,0.033975,0.079445,-1
[INFO ] 429	Cold:0.014604,0.012724,0.023363,0.040065,0.557227,0.014133,0.027464,0.040771,-1
[INFO ] 434	Whole:0.032444,0.028581,0.023684,0.041565,0.599005,0.019980,0.034270,0.079725,-1
[INFO ] 434	Cold:0.014604,0.012733,0.023107,0.040285,0.557228,0.014176,0.027573,0.040895,-1
[INFO ] 439	Whole:0.032220,0.028619,0.023955,0.041380,0.599127,0.019938,0.034100,0.079511,-1
[INFO ] 439	Cold:0.015008,0.012705,0.023717,0.040154,0.556998,0.014168,0.027507,0.040632,-1
[INFO ] 444	Whole:0.032419,0.028370,0.023913,0.041126,0.598601,0.020111,0.034239,0.080253,-1
[INFO ] 444	Cold:0.014494,0.012568,0.023442,0.039992,0.556816,0.014354,0.027641,0.041266,-1
[INFO ] 449	Whole:0.032232,0.028314,0.023543,0.041180,0.598477,0.020034,0.034176,0.079525,-1
[INFO ] 449	Cold:0.014384,0.012614,0.023023,0.039909,0.557136,0.014482,0.027749,0.041493,-1
[INFO ] 454	Whole:0.032282,0.028600,0.024220,0.041531,0.599066,0.020032,0.034313,0.080036,-1
[INFO ] 454	Cold:0.014861,0.012760,0.023853,0.040368,0.557503,0.014283,0.027712,0.041042,-1
[INFO ] 459	Whole:0.032655,0.028637,0.024017,0.041581,0.599191,0.019892,0.034165,0.079268,-1
[INFO ] 459	Cold:0.014641,0.012595,0.023453,0.040176,0.556999,0.014113,0.027434,0.040642,-1
[INFO ] 464	Whole:0.032382,0.028662,0.023591,0.041663,0.599593,0.020001,0.034163,0.078712,-1
[INFO ] 464	Cold:0.014549,0.012678,0.022989,0.040407,0.557319,0.014324,0.027662,0.040817,-1
[INFO ] 469	Whole:0.032643,0.028681,0.024045,0.041864,0.599688,0.020289,0.034582,0.080584,-1
[INFO ] 469	Cold:0.014696,0.012659,0.023405,0.040566,0.557457,0.014432,0.027873,0.041651,-1
[INFO ] 474	Whole:0.032332,0.028432,0.023752,0.041292,0.598571,0.019901,0.034097,0.079171,-1
[INFO ] 474	Cold:0.014733,0.012632,0.023550,0.040164,0.557319,0.014196,0.027569,0.041045,-1
[INFO ] 479	Whole:0.032456,0.028600,0.023707,0.041162,0.599531,0.020001,0.034216,0.079860,-1
[INFO ] 479	Cold:0.014439,0.012806,0.023081,0.040277,0.557868,0.014228,0.027665,0.041146,-1
[INFO ] 484	Whole:0.032295,0.028824,0.023741,0.041493,0.599873,0.020035,0.034390,0.079592,-1
[INFO ] 484	Cold:0.014623,0.012779,0.023157,0.040067,0.557639,0.014309,0.027704,0.041387,-1
[INFO ] 489	Whole:0.032506,0.028992,0.023270,0.042248,0.600246,0.020357,0.034765,0.080285,-1
[INFO ] 489	Cold:0.014237,0.012953,0.022470,0.041239,0.558326,0.014519,0.028152,0.041717,-1
[INFO ] 494	Whole:0.032929,0.028898,0.024220,0.041627,0.600554,0.020329,0.034657,0.080831,-1
[INFO ] 494	Cold:0.014898,0.012769,0.023765,0.039944,0.557640,0.014474,0.027807,0.041510,-1
[INFO ] 499	Whole:0.032693,0.028923,0.023910,0.041853,0.600183,0.020313,0.034668,0.080220,-1
[INFO ] 499	Cold:0.014531,0.012944,0.023408,0.040850,0.558007,0.014601,0.028142,0.041601,-1
[INFO ] 504	Whole:0.032954,0.028730,0.023847,0.042229,0.600492,0.020194,0.034708,0.080512,-1
[INFO ] 504	Cold:0.014549,0.012962,0.023022,0.041212,0.558098,0.014470,0.028110,0.041359,-1
[INFO ] 509	Whole:0.032630,0.028818,0.024070,0.041744,0.600213,0.020186,0.034629,0.080681,-1
[INFO ] 509	Cold:0.014696,0.012898,0.023436,0.040494,0.558189,0.014498,0.028024,0.041866,-1
[INFO ] 514	Whole:0.032954,0.028979,0.024419,0.042004,0.600432,0.020491,0.034896,0.080878,-1
[INFO ] 514	Cold:0.014879,0.012898,0.024088,0.040822,0.557869,0.014888,0.028450,0.042659,-1
[INFO ] 519	Whole:0.032431,0.028849,0.023788,0.041956,0.600061,0.019983,0.034417,0.079771,-1
[INFO ] 519	Cold:0.014879,0.012916,0.023340,0.040788,0.558281,0.014201,0.027793,0.041289,-1
[INFO ] 524	Whole:0.033041,0.029066,0.023895,0.042338,0.601486,0.020326,0.034906,0.081148,-1
[INFO ] 524	Cold:0.014457,0.013008,0.022920,0.041131,0.558510,0.014430,0.028088,0.041491,-1
[INFO ] 529	Whole:0.033141,0.028824,0.024458,0.041637,0.600587,0.020142,0.034582,0.080707,-1
[INFO ] 529	Cold:0.014861,0.012825,0.023833,0.040151,0.557594,0.014306,0.027712,0.041153,-1
[INFO ] 534	Whole:0.033265,0.028948,0.024338,0.042092,0.600680,0.020487,0.034924,0.080973,-1
[INFO ] 534	Cold:0.014989,0.013008,0.023858,0.041208,0.558694,0.014818,0.028451,0.042113,-1
[INFO ] 539	Whole:0.033626,0.028749,0.024784,0.042294,0.600836,0.020294,0.034841,0.080590,-1
[INFO ] 539	Cold:0.015356,0.013063,0.024272,0.041288,0.558785,0.014673,0.028381,0.041948,-1
[INFO ] 544	Whole:0.033153,0.029066,0.024244,0.042707,0.601301,0.020328,0.035009,0.080953,-1
[INFO ] 544	Cold:0.015155,0.013100,0.023985,0.041727,0.558969,0.014644,0.028461,0.042092,-1
[INFO ] 549	Whole:0.033402,0.028917,0.024521,0.042200,0.600462,0.020415,0.034930,0.081418,-1
[INFO ] 549	Cold:0.015063,0.013136,0.024063,0.041466,0.558877,0.014828,0.028571,0.042425,-1
[INFO ] 554	Whole:0.033004,0.028911,0.024290,0.042188,0.600463,0.020470,0.034942,0.080998,-1
[INFO ] 554	Cold:0.015044,0.012898,0.023731,0.040929,0.557915,0.014851,0.028405,0.042332,-1
[INFO ] 559	Whole:0.033352,0.029097,0.025010,0.042710,0.601549,0.020490,0.035192,0.081346,-1
[INFO ] 559	Cold:0.015246,0.013091,0.024587,0.041566,0.559015,0.014878,0.028636,0.042451,-1
[INFO ] 564	Whole:0.033800,0.029191,0.024839,0.042794,0.601891,0.020741,0.035416,0.081646,-1
[INFO ] 564	Cold:0.015265,0.013219,0.024182,0.041782,0.559655,0.014986,0.028855,0.042879,-1
[INFO ] 569	Whole:0.032718,0.029116,0.023987,0.042724,0.602138,0.020624,0.035249,0.081704,-1
[INFO ] 569	Cold:0.014971,0.013091,0.023511,0.041609,0.559289,0.015000,0.028770,0.042865,-1
[INFO ] 574	Whole:0.033464,0.029284,0.024484,0.042844,0.601890,0.020670,0.035337,0.081433,-1
[INFO ] 574	Cold:0.015063,0.013146,0.023898,0.041792,0.559518,0.015014,0.028850,0.043061,-1
[INFO ] 579	Whole:0.033165,0.029489,0.024423,0.043220,0.602728,0.020774,0.035598,0.082576,-1
[INFO ] 579	Cold:0.014843,0.013302,0.023766,0.042204,0.559930,0.015008,0.028965,0.042853,-1
[INFO ] 584	Whole:0.033514,0.029458,0.024535,0.043152,0.602077,0.020897,0.035581,0.082078,-1
[INFO ] 584	Cold:0.015118,0.013283,0.024098,0.042073,0.559564,0.015026,0.028953,0.042958,-1
[INFO ] 589	Whole:0.033663,0.029328,0.024592,0.042739,0.601519,0.020893,0.035477,0.082027,-1
[INFO ] 589	Cold:0.015173,0.013201,0.024162,0.041830,0.559152,0.015183,0.029031,0.043294,-1
[INFO ] 594	Whole:0.034049,0.029402,0.025102,0.042994,0.601581,0.020725,0.035436,0.081827,-1
[INFO ] 594	Cold:0.015448,0.013274,0.024778,0.042031,0.559472,0.014969,0.028844,0.042526,-1
[INFO ] 599	Whole:0.033153,0.029122,0.024443,0.042399,0.601332,0.020663,0.035188,0.081503,-1
[INFO ] 599	Cold:0.014934,0.013045,0.023852,0.041278,0.558739,0.015007,0.028677,0.042651,-1
[INFO ] 604	Whole:0.033215,0.029216,0.024735,0.042820,0.601395,0.020641,0.035296,0.080972,-1
[INFO ] 604	Cold:0.015228,0.013091,0.024762,0.041650,0.558923,0.015044,0.028825,0.042844,-1
[INFO ] 609	Whole:0.033252,0.029265,0.024453,0.042626,0.601735,0.020667,0.035241,0.081498,-1
[INFO ] 609	Cold:0.015155,0.012925,0.024197,0.041201,0.558603,0.014973,0.028649,0.042945,-1
[INFO ] 614	Whole:0.033340,0.029334,0.024187,0.042801,0.601457,0.020758,0.035267,0.081270,-1
[INFO ] 614	Cold:0.014806,0.013109,0.023536,0.041817,0.559060,0.015014,0.028812,0.042737,-1
[INFO ] 619	Whole:0.033563,0.029489,0.024897,0.043418,0.602451,0.020890,0.035742,0.082638,-1
[INFO ] 619	Cold:0.015008,0.013265,0.024467,0.042249,0.559747,0.015108,0.029016,0.042673,-1
[INFO ] 624	Whole:0.033800,0.029583,0.025495,0.043221,0.602358,0.021060,0.035776,0.082251,-1
[INFO ] 624	Cold:0.015485,0.013256,0.025404,0.042073,0.559839,0.015323,0.029187,0.043148,-1
[INFO ] 629	Whole:0.033240,0.029371,0.024501,0.042869,0.601675,0.020710,0.035478,0.081867,-1
[INFO ] 629	Cold:0.014934,0.013210,0.023898,0.041472,0.559335,0.015097,0.028928,0.043468,-1
[INFO ] 634	Whole:0.033302,0.029191,0.024617,0.042619,0.601551,0.020688,0.035346,0.082000,-1
[INFO ] 634	Cold:0.015173,0.013081,0.024173,0.041345,0.559061,0.014926,0.028688,0.042762,-1
[INFO ] 639	Whole:0.033414,0.029390,0.024831,0.042806,0.601892,0.020785,0.035503,0.081867,-1
[INFO ] 639	Cold:0.015522,0.013081,0.024427,0.041540,0.558649,0.015071,0.028854,0.043102,-1
[INFO ] 644	Whole:0.033153,0.029284,0.024466,0.042981,0.601921,0.020878,0.035527,0.081958,-1
[INFO ] 644	Cold:0.015136,0.013127,0.024216,0.041819,0.559015,0.015318,0.029093,0.043278,-1
[INFO ] 649	Whole:0.033539,0.029483,0.024919,0.042956,0.602604,0.020873,0.035631,0.082558,-1
[INFO ] 649	Cold:0.015246,0.013173,0.024384,0.041661,0.559381,0.015216,0.029048,0.043509,-1
[INFO ] 654	Whole:0.033962,0.029639,0.025208,0.043786,0.603101,0.021123,0.036046,0.083212,-1
[INFO ] 654	Cold:0.015375,0.013513,0.024993,0.042978,0.560389,0.015444,0.029597,0.043652,-1
[INFO ] 659	Whole:0.033651,0.029489,0.024740,0.042774,0.601952,0.020716,0.035375,0.081606,-1
[INFO ] 659	Cold:0.015503,0.013072,0.024453,0.041441,0.558741,0.014898,0.028672,0.042634,-1
[INFO ] 664	Whole:0.033887,0.029645,0.025391,0.043339,0.603133,0.020723,0.035687,0.082268,-1
[INFO ] 664	Cold:0.015723,0.013311,0.025094,0.041899,0.559793,0.014907,0.028866,0.042835,-1
[INFO ] 669	Whole:0.033613,0.029688,0.024574,0.043291,0.602482,0.021061,0.035842,0.082465,-1
[INFO ] 669	Cold:0.015320,0.013173,0.024228,0.041885,0.559290,0.015197,0.029078,0.043509,-1
[INFO ] 674	Whole:0.034347,0.029794,0.025573,0.043914,0.603505,0.021116,0.036081,0.082828,-1
[INFO ] 674	Cold:0.015668,0.013439,0.025239,0.042850,0.560481,0.015280,0.029397,0.043265,-1
[INFO ] 679	Whole:0.034074,0.029844,0.025110,0.043879,0.603413,0.020993,0.036007,0.082632,-1
[INFO ] 679	Cold:0.015522,0.013476,0.024695,0.042794,0.560298,0.015211,0.029366,0.043375,-1
[INFO ] 684	Whole:0.033924,0.029887,0.025043,0.043583,0.603318,0.020965,0.035911,0.083342,-1
[INFO ] 684	Cold:0.015356,0.013320,0.024646,0.042358,0.560022,0.015022,0.029061,0.043099,-1
[INFO ] 689	Whole:0.034720,0.029632,0.025763,0.043426,0.603010,0.021088,0.036066,0.083457,-1
[INFO ] 689	Cold:0.015925,0.013274,0.025363,0.042228,0.559749,0.015389,0.029374,0.043713,-1
[INFO ] 694	Whole:0.033626,0.029701,0.024753,0.043391,0.602481,0.020728,0.035618,0.082054,-1
[INFO ] 694	Cold:0.015356,0.013228,0.024285,0.041947,0.559290,0.014916,0.028809,0.042564,-1
[INFO ] 699	Whole:0.034086,0.029863,0.025181,0.043768,0.603535,0.021313,0.036246,0.083297,-1
[INFO ] 699	Cold:0.015485,0.013457,0.024769,0.042823,0.560527,0.015622,0.029755,0.044213,-1
[INFO ] 704	Whole:0.034285,0.029763,0.025337,0.043788,0.603383,0.021202,0.036139,0.083468,-1
[INFO ] 704	Cold:0.015595,0.013329,0.024950,0.042430,0.559702,0.015301,0.029285,0.043184,-1
[INFO ] 709	Whole:0.033837,0.029769,0.025016,0.043827,0.603195,0.020927,0.035947,0.082281,-1
[INFO ] 709	Cold:0.015485,0.013283,0.024593,0.042529,0.559611,0.015172,0.029267,0.043857,-1
[INFO ] 714	Whole:0.034011,0.029987,0.025328,0.044205,0.603723,0.021253,0.036259,0.082878,-1
[INFO ] 714	Cold:0.015558,0.013384,0.024949,0.042928,0.560389,0.015388,0.029487,0.043421,-1
[INFO ] 719	Whole:0.034335,0.029950,0.025283,0.043947,0.603598,0.021171,0.036165,0.083091,-1
[INFO ] 719	Cold:0.015522,0.013412,0.024955,0.042745,0.560069,0.015267,0.029362,0.043129,-1
[INFO ] 724	Whole:0.034024,0.029794,0.025054,0.043552,0.603319,0.021184,0.036133,0.083011,-1
[INFO ] 724	Cold:0.015522,0.013357,0.024569,0.042361,0.560161,0.015592,0.029614,0.044211,-1
[INFO ] 729	Whole:0.033526,0.029931,0.024846,0.043982,0.604249,0.021264,0.036345,0.083570,-1
[INFO ] 729	Cold:0.015411,0.013531,0.024474,0.043066,0.560984,0.015616,0.029835,0.044502,-1
[INFO ] 734	Whole:0.034148,0.029974,0.025089,0.044048,0.603631,0.021391,0.036424,0.083704,-1
[INFO ] 734	Cold:0.015485,0.013503,0.024707,0.042952,0.560802,0.015684,0.029866,0.044468,-1
[INFO ] 739	Whole:0.034347,0.029701,0.025840,0.043547,0.603443,0.021282,0.036271,0.083769,-1
[INFO ] 739	Cold:0.015705,0.013393,0.025315,0.042458,0.560160,0.015653,0.029723,0.044521,-1
[INFO ] 744	Whole:0.034459,0.029831,0.025408,0.044010,0.603601,0.021329,0.036375,0.084140,-1
[INFO ] 744	Cold:0.015687,0.013430,0.025042,0.042776,0.560252,0.015538,0.029658,0.044232,-1
[INFO ] 749	Whole:0.034198,0.029900,0.025360,0.043780,0.603846,0.021153,0.036153,0.083230,-1
[INFO ] 749	Cold:0.015522,0.013375,0.024872,0.042478,0.560023,0.015316,0.029375,0.043667,-1