Training: /data/ml100k/u1.base, Testing:: /data/ml100k/u1.test.
AsyUnifiedRanker: 30,5.0E-4,0.35,0.35,100,1600,1,100,0.4,10
1/1
1/1
4999	Whole:0.307625,0.303922,0.046067,0.093394,0.000000,0.200664,0.132993,0.537832,-1
4999	Cold:0.400000,0.200000,0.117647,0.117647,0.000000,0.140000,0.218546,1.000000,-1
1/1
1/1
9999	Whole:0.366885,0.330937,0.058968,0.102565,0.000000,0.235641,0.150037,0.591410,-1
9999	Cold:0.400000,0.200000,0.117647,0.117647,0.000000,0.166667,0.236376,1.000000,-1
1/1
1/1
14999	Whole:0.452723,0.404793,0.084349,0.143814,0.000000,0.313320,0.201630,0.676723,-1
14999	Cold:0.400000,0.200000,0.117647,0.117647,0.000000,0.200000,0.257009,1.000000,-1
1/1
1/1
19999	Whole:0.470153,0.418301,0.092702,0.152588,0.000000,0.323540,0.210774,0.683232,-1
19999	Cold:0.400000,0.200000,0.117647,0.117647,0.000000,0.200000,0.257009,1.000000,-1
1/1
1/1
