[INFO ] Training: ...research/ssh/yelp/train0.2_folder_1, Testing:: .../research/ssh/yelp/test0.2_folder_1.
[DEBUG] User amount: 16821, item amount: 14476
[DEBUG] Rate amount: 196088, scales: {1.0}
[DEBUG] User amount: 16821, item amount: 14476
[DEBUG] Rate amount: 48428, scales: {1.0}
[INFO ] AsyUnifiedRanker: 30,4.2E-4,0.38,0.38,100,1600,1,100,0.42,10
[INFO ] 782999	Whole:0.026954,0.022535,0.041468,0.067275,0.589085,0.027638,0.046142,0.071227,-1
[INFO ] 782999	Cold:0.013178,0.010627,0.040656,0.064793,0.550482,0.023726,0.037254,0.036756,-1
[INFO ] 785999	Whole:0.027075,0.022633,0.041272,0.067673,0.589539,0.028152,0.046807,0.072953,-1
[INFO ] 785999	Cold:0.012840,0.010762,0.039313,0.065549,0.551157,0.024206,0.037879,0.037575,-1
[INFO ] 788999	Whole:0.026438,0.022322,0.040676,0.066344,0.588592,0.027420,0.045861,0.071551,-1
[INFO ] 788999	Cold:0.012502,0.010441,0.038493,0.062844,0.549637,0.023122,0.036360,0.036246,-1
[INFO ] 791999	Whole:0.026787,0.022535,0.040717,0.067121,0.589120,0.027066,0.045712,0.070694,-1
[INFO ] 791999	Cold:0.012435,0.010407,0.038054,0.063807,0.549469,0.022910,0.036331,0.035698,-1
[INFO ] 794999	Whole:0.026969,0.022466,0.041404,0.066380,0.588591,0.027242,0.045703,0.071726,-1
[INFO ] 794999	Cold:0.013009,0.010188,0.040084,0.062456,0.548372,0.023209,0.036261,0.036499,-1
[INFO ] 797999	Whole:0.026772,0.022398,0.040829,0.067070,0.589045,0.027365,0.045873,0.070922,-1
[INFO ] 797999	Cold:0.012671,0.010610,0.038516,0.064689,0.550144,0.023699,0.037163,0.036672,-1
[INFO ] 800999	Whole:0.026272,0.022254,0.040579,0.065483,0.587909,0.026860,0.045115,0.070490,-1
[INFO ] 800999	Cold:0.012975,0.010407,0.039834,0.063548,0.549385,0.023156,0.036459,0.035961,-1
[INFO ] 803999	Whole:0.026484,0.022489,0.040249,0.067086,0.588894,0.027637,0.046138,0.072283,-1
[INFO ] 803999	Cold:0.012097,0.010458,0.036659,0.064230,0.549806,0.023106,0.036503,0.035880,-1
[INFO ] 806999	Whole:0.026469,0.022466,0.040244,0.067317,0.589159,0.027210,0.045802,0.071076,-1
[INFO ] 806999	Cold:0.012130,0.010492,0.037086,0.064093,0.550143,0.022762,0.036139,0.034919,-1
[INFO ] 809999	Whole:0.026787,0.022194,0.041022,0.066255,0.587798,0.027319,0.045595,0.071067,-1
[INFO ] 809999	Cold:0.012671,0.010407,0.038361,0.063985,0.549385,0.023345,0.036634,0.035975,-1
[INFO ] 812999	Whole:0.026529,0.022171,0.040459,0.065548,0.588136,0.027502,0.045577,0.071655,-1
[INFO ] 812999	Cold:0.012502,0.010323,0.038395,0.062419,0.549384,0.023360,0.036370,0.036284,-1


[INFO ] Training: ...research/ssh/yelp/train0.2_folder_1, Testing:: .../research/ssh/yelp/test0.2_folder_1.
[DEBUG] User amount: 16821, item amount: 14476
[DEBUG] Rate amount: 196088, scales: {1.0}
[DEBUG] User amount: 16821, item amount: 14476
[DEBUG] Rate amount: 48428, scales: {1.0}
[INFO ] AsyUnifiedRanker: 30,4.2E-4,0.42,0.42,100,1600,1,100,0.42,10
[INFO ] 521999	Whole:0.026590,0.022595,0.041177,0.069484,0.590334,0.028161,0.047236,0.073172,-1
[INFO ] 521999	Cold:0.013009,0.010965,0.040048,0.066556,0.552675,0.023968,0.037947,0.037086,-1
[INFO ] 524999	Whole:0.026984,0.022557,0.041849,0.068936,0.590448,0.027961,0.046986,0.072869,-1
[INFO ] 524999	Cold:0.013043,0.010880,0.039994,0.065348,0.552338,0.023808,0.037698,0.037471,-1
[INFO ] 1118999	Whole:0.027408,0.022368,0.042487,0.067393,0.589767,0.028260,0.046853,0.073156,-1
[INFO ] 1118999	Cold:0.012806,0.010576,0.039294,0.063186,0.550819,0.022981,0.036508,0.036514,-1
[INFO ] 1121999	Whole:0.026878,0.022557,0.041242,0.068308,0.589275,0.028166,0.046968,0.072854,-1
[INFO ] 1121999	Cold:0.012874,0.010694,0.038376,0.064906,0.551073,0.023408,0.037215,0.037321,-1
[INFO ] 1124999	Whole:0.026984,0.022504,0.041380,0.068024,0.589351,0.028395,0.047053,0.072632,-1
[INFO ] 1124999	Cold:0.012671,0.010796,0.038468,0.065370,0.551495,0.023404,0.037378,0.037359,-1
