[INFO ] Training: ...ssh/lastfm-hetrec/train0.2_folder_1, Testing:: .../ssh/lastfm-hetrec/test0.2_folder_1.
[DEBUG] User amount: 1752, item amount: 5992
[DEBUG] Rate amount: 48029, scales: {1.0}
[DEBUG] User amount: 1752, item amount: 5992
[DEBUG] Rate amount: 11796, scales: {1.0}
[INFO ] AsyUnifiedRanker: 30,4.2E-4,0.42,0.42,100,1600,1,160,0.42,8
[INFO ] 1/1
[INFO ] 1/1
[INFO ] 1/1
[INFO ] 1/1
[INFO ] 1/1
[INFO ] 1/1
[INFO ] 1/1
[INFO ] 50999	Whole:0.113100,0.091050,0.097985,0.148697,0.726481,0.089807,0.124348,0.252304,-1
[INFO ] 50999	Cold:0.036676,0.026934,0.123496,0.184718,0.615898,0.082916,0.113903,0.108647,-1
[INFO ] 52499	Whole:0.112124,0.090643,0.097194,0.148657,0.726886,0.089734,0.124792,0.253886,-1
[INFO ] 52499	Cold:0.036676,0.027221,0.124928,0.185673,0.615905,0.086198,0.116786,0.112174,-1
[INFO ] 53999	Whole:0.117006,0.091375,0.103913,0.155100,0.735000,0.091580,0.127929,0.259043,-1
[INFO ] 53999	Cold:0.040688,0.029226,0.134002,0.201910,0.628769,0.085829,0.120797,0.114776,-1
[INFO ] 1/1
[INFO ] 55499	Whole:0.117819,0.092840,0.102944,0.157925,0.737037,0.093153,0.129589,0.259200,-1
[INFO ] 55499	Cold:0.037822,0.030086,0.123973,0.205110,0.628761,0.085344,0.120760,0.110737,-1
[INFO ] 56999	Whole:0.116029,0.093653,0.101973,0.156958,0.735404,0.093183,0.129623,0.258069,-1
[INFO ] 56999	Cold:0.038968,0.029513,0.131471,0.205587,0.625914,0.089299,0.123825,0.115431,-1
[INFO ] 58499	Whole:0.115867,0.092921,0.102611,0.156028,0.734596,0.092395,0.128644,0.256529,-1
[INFO ] 58499	Cold:0.040115,0.029226,0.135769,0.205587,0.625911,0.086569,0.121156,0.109916,-1
[INFO ] 59999	Whole:0.120098,0.092596,0.101756,0.157758,0.734608,0.094234,0.130072,0.257819,-1
[INFO ] 59999	Cold:0.041834,0.030086,0.137440,0.205683,0.628768,0.090154,0.124706,0.116473,-1
[INFO ] 61499	Whole:0.121237,0.093816,0.103512,0.158478,0.735418,0.095647,0.131664,0.261521,-1
[INFO ] 61499	Cold:0.042407,0.030372,0.140306,0.204346,0.628766,0.090719,0.124773,0.115499,-1
[INFO ] 1/1
[INFO ] 62999	Whole:0.121725,0.095525,0.105429,0.160911,0.740258,0.095903,0.133173,0.264528,-1
[INFO ] 62999	Cold:0.042407,0.031232,0.138634,0.206734,0.628774,0.091652,0.126363,0.115624,-1
[INFO ] 64499	Whole:0.121237,0.094874,0.103751,0.161784,0.739467,0.094439,0.131960,0.261720,-1
[INFO ] 64499	Cold:0.041834,0.031232,0.135769,0.207689,0.630202,0.090877,0.125848,0.114705,-1
[INFO ] 65999	Whole:0.119935,0.096013,0.105938,0.160213,0.736618,0.096796,0.133659,0.260636,-1
[INFO ] 65999	Cold:0.041261,0.029513,0.136246,0.195654,0.624487,0.093016,0.124754,0.116911,-1
[INFO ] 67499	Whole:0.119121,0.095932,0.105047,0.160487,0.735811,0.096494,0.133267,0.260341,-1
[INFO ] 67499	Cold:0.041261,0.029513,0.138157,0.195654,0.624490,0.093921,0.125663,0.119012,-1
[INFO ] 68999	Whole:0.120911,0.095769,0.108016,0.157179,0.737434,0.097188,0.133379,0.262687,-1
[INFO ] 68999	Cold:0.041834,0.030086,0.136246,0.199570,0.624492,0.096562,0.128370,0.121625,-1
[INFO ] 1/1
[INFO ] 70499	Whole:0.119447,0.096583,0.108033,0.161282,0.741086,0.097331,0.134728,0.265257,-1
[INFO ] 70499	Cold:0.043553,0.030086,0.140640,0.201003,0.625926,0.093866,0.127140,0.120547,-1
[INFO ] 71999	Whole:0.120098,0.096094,0.107328,0.162850,0.737854,0.098100,0.135433,0.267451,-1
[INFO ] 71999	Cold:0.044126,0.030946,0.142550,0.207593,0.630213,0.098358,0.131783,0.124285,-1
[INFO ] 73499	Whole:0.118959,0.096094,0.106461,0.163448,0.737847,0.098746,0.136090,0.268828,-1
[INFO ] 73499	Cold:0.043553,0.031232,0.142073,0.210840,0.631638,0.096989,0.131373,0.123153,-1
[INFO ] 74999	Whole:0.121074,0.096257,0.110694,0.164502,0.740293,0.098106,0.135905,0.267444,-1
[INFO ] 74999	Cold:0.042980,0.031805,0.143410,0.211987,0.633069,0.093541,0.129425,0.119446,-1
[INFO ] 76499	Whole:0.120586,0.096501,0.109531,0.163868,0.739886,0.097678,0.135383,0.265029,-1
[INFO ] 76499	Cold:0.043553,0.031232,0.142455,0.205778,0.628781,0.095130,0.129319,0.121659,-1
[INFO ] 1/1
[INFO ] 77999	Whole:0.121074,0.096420,0.108408,0.161164,0.737841,0.099308,0.136326,0.268818,-1
[INFO ] 77999	Cold:0.042407,0.031519,0.139112,0.208262,0.628785,0.100877,0.134314,0.128977,-1
[INFO ] 79499	Whole:0.120098,0.096338,0.109247,0.158664,0.735814,0.098014,0.134920,0.268385,-1
[INFO ] 79499	Cold:0.044699,0.031805,0.143505,0.210649,0.631641,0.095021,0.130707,0.123997,-1
[INFO ] 80999	Whole:0.120911,0.097234,0.108151,0.162749,0.740251,0.098262,0.135684,0.263129,-1
[INFO ] 80999	Cold:0.042980,0.031232,0.143410,0.207307,0.630211,0.095268,0.130049,0.123955,-1
[INFO ] 82499	Whole:0.120911,0.096827,0.109559,0.161839,0.739444,0.097808,0.135063,0.262179,-1
[INFO ] 82499	Cold:0.042407,0.030372,0.140544,0.202531,0.625926,0.093544,0.127180,0.120281,-1
[INFO ] 83999	Whole:0.122050,0.097559,0.109273,0.163716,0.740274,0.098468,0.136193,0.267030,-1
[INFO ] 83999	Cold:0.043553,0.030946,0.141595,0.206734,0.631635,0.090520,0.125908,0.117220,-1
[INFO ] 1/1
[INFO ] 85499	Whole:0.124003,0.096827,0.108845,0.158740,0.740663,0.098163,0.135167,0.267417,-1
[INFO ] 85499	Cold:0.041834,0.030659,0.137202,0.195463,0.624493,0.091692,0.124485,0.117136,-1
[INFO ] 86999	Whole:0.120260,0.096420,0.104726,0.159801,0.743902,0.098132,0.135499,0.268239,-1
[INFO ] 86999	Cold:0.042407,0.030659,0.136246,0.200048,0.625919,0.096390,0.128748,0.123161,-1
[INFO ] 88499	Whole:0.118796,0.096013,0.104796,0.159725,0.741465,0.097744,0.135076,0.266063,-1
[INFO ] 88499	Cold:0.042407,0.031232,0.137202,0.205874,0.628775,0.091531,0.126209,0.116713,-1
[INFO ] 89999	Whole:0.122376,0.097152,0.111018,0.163215,0.743096,0.096699,0.135137,0.264159,-1
[INFO ] 89999	Cold:0.044126,0.031232,0.144460,0.203104,0.627350,0.088029,0.123655,0.115692,-1
[INFO ] 91499	Whole:0.122539,0.097071,0.109703,0.162952,0.742698,0.096877,0.135033,0.264682,-1
[INFO ] 91499	Cold:0.043553,0.031805,0.142073,0.205492,0.628781,0.091367,0.126982,0.119855,-1
[INFO ] 1/1
[INFO ] 92999	Whole:0.121074,0.098129,0.109418,0.162079,0.744707,0.098794,0.136711,0.268485,-1
[INFO ] 92999	Cold:0.044126,0.031232,0.145415,0.198949,0.627352,0.095161,0.128246,0.122734,-1
[INFO ] 94499	Whole:0.122701,0.098535,0.109970,0.162957,0.744716,0.099118,0.137168,0.269680,-1
[INFO ] 94499	Cold:0.043553,0.032092,0.140258,0.201910,0.628776,0.094057,0.128189,0.121588,-1
[INFO ] 95999	Whole:0.121888,0.098779,0.112010,0.165194,0.743097,0.103314,0.140728,0.272332,-1
[INFO ] 95999	Cold:0.045272,0.032378,0.148758,0.215282,0.634512,0.103835,0.138862,0.134839,-1
[INFO ] 97499	Whole:0.122050,0.099024,0.111098,0.166239,0.743511,0.102608,0.140385,0.271442,-1
[INFO ] 97499	Cold:0.043553,0.032092,0.139780,0.212416,0.633079,0.099335,0.134502,0.128316,-1
[INFO ] 98999	Whole:0.123515,0.099349,0.113239,0.166192,0.745522,0.098690,0.137156,0.264706,-1
[INFO ] 98999	Cold:0.047564,0.033811,0.152627,0.217431,0.638788,0.094827,0.132781,0.124244,-1
[INFO ] 100499	Whole:0.123027,0.098617,0.112290,0.166503,0.745135,0.098973,0.137470,0.265131,-1
[INFO ] 100499	Cold:0.045845,0.032665,0.147612,0.212655,0.635933,0.098229,0.134209,0.128938,-1
[INFO ] 1/1
[INFO ] 101999	Whole:0.122050,0.098129,0.108186,0.161860,0.740660,0.099559,0.136920,0.268353,-1
[INFO ] 101999	Cold:0.044126,0.031232,0.145511,0.200478,0.628784,0.094017,0.127945,0.122849,-1
[INFO ] 103499	Whole:0.122539,0.097396,0.109277,0.162251,0.741486,0.099802,0.137188,0.268770,-1
[INFO ] 103499	Cold:0.044126,0.032665,0.145033,0.212894,0.634501,0.097530,0.133449,0.127189,-1
[INFO ] 104999	Whole:0.123515,0.097071,0.111000,0.160558,0.741885,0.098418,0.135960,0.267246,-1
[INFO ] 104999	Cold:0.045272,0.031232,0.151242,0.206351,0.631647,0.095087,0.130299,0.126555,-1
[INFO ] 106499	Whole:0.123027,0.097071,0.110642,0.160698,0.741885,0.099127,0.136778,0.269065,-1
[INFO ] 106499	Cold:0.045845,0.031519,0.150621,0.207163,0.631648,0.095267,0.130735,0.126919,-1
[INFO ] 107999	Whole:0.124817,0.098617,0.107571,0.160180,0.743489,0.097396,0.135187,0.269412,-1
[INFO ] 107999	Cold:0.041834,0.030946,0.131996,0.200382,0.627339,0.087809,0.122544,0.114834,-1
[INFO ] 1/1
[INFO ] 109499	Whole:0.123678,0.097884,0.107606,0.161943,0.744307,0.098247,0.136585,0.270474,-1
[INFO ] 109499	Cold:0.038968,0.031232,0.125836,0.201910,0.627339,0.092287,0.126063,0.119044,-1
[INFO ] 110999	Whole:0.121562,0.098047,0.105115,0.162240,0.743103,0.098222,0.136275,0.268075,-1
[INFO ] 110999	Cold:0.039542,0.030946,0.127364,0.202388,0.627346,0.088931,0.123806,0.115474,-1
[INFO ] 112499	Whole:0.121237,0.098291,0.104495,0.163759,0.745529,0.098712,0.137123,0.268110,-1
[INFO ] 112499	Cold:0.038395,0.031519,0.123543,0.204298,0.628770,0.088608,0.124083,0.115930,-1
[INFO ] 113999	Whole:0.126282,0.097234,0.109283,0.160596,0.743114,0.096775,0.135095,0.269599,-1
[INFO ] 113999	Cold:0.041834,0.031232,0.134288,0.202865,0.631631,0.087965,0.123331,0.114573,-1
[INFO ] 115499	Whole:0.124980,0.097152,0.108652,0.160456,0.744311,0.097501,0.135704,0.271219,-1
[INFO ] 115499	Cold:0.041834,0.031232,0.135721,0.204298,0.631636,0.091082,0.126342,0.119393,-1
[INFO ] 1/1
[INFO ] 116999	Whole:0.121074,0.096827,0.107920,0.158620,0.742292,0.096249,0.133637,0.263203,-1
[INFO ] 116999	Cold:0.042980,0.030659,0.137249,0.200955,0.627345,0.091275,0.125020,0.117308,-1
[INFO ] 118499	Whole:0.121400,0.096827,0.106824,0.158545,0.743101,0.095503,0.133070,0.261111,-1
[INFO ] 118499	Cold:0.041261,0.030946,0.131519,0.202388,0.627343,0.088717,0.123486,0.114585,-1
[INFO ] 119999	Whole:0.122701,0.098861,0.105243,0.163686,0.744312,0.098524,0.136634,0.266157,-1
[INFO ] 119999	Cold:0.040115,0.032092,0.129417,0.208118,0.631634,0.095156,0.130317,0.125315,-1
[INFO ] 121499	Whole:0.122376,0.098942,0.105119,0.162713,0.743906,0.099298,0.137054,0.267850,-1
[INFO ] 121499	Cold:0.039542,0.031519,0.126552,0.204298,0.628778,0.092267,0.127250,0.122128,-1
[INFO ] 122999	Whole:0.122864,0.099593,0.106956,0.164764,0.744295,0.098165,0.135871,0.262507,-1
[INFO ] 122999	Cold:0.040688,0.033238,0.131184,0.220057,0.638771,0.093612,0.131443,0.122214,-1
[INFO ] 1/1
[INFO ] 124499	Whole:0.121074,0.098861,0.104686,0.166811,0.750772,0.096571,0.135724,0.262164,-1
[INFO ] 124499	Cold:0.042407,0.031519,0.139780,0.209551,0.631638,0.094596,0.129854,0.122895,-1



[INFO ] Training: ...ssh/lastfm-hetrec/train0.2_folder_1, Testing:: .../ssh/lastfm-hetrec/test0.2_folder_1.
[DEBUG] User amount: 1752, item amount: 5992
[DEBUG] Rate amount: 48029, scales: {1.0}
[DEBUG] User amount: 1752, item amount: 5992
[DEBUG] Rate amount: 11796, scales: {1.0}
[INFO ] AsyUnifiedRanker: 30,3.6E-4,0.42,0.42,100,3200,1,120,0.32,8
[INFO ] 1/1
[INFO ] 1/1
[INFO ] 1/1
[INFO ] 1/1
[INFO ] 1/1
[INFO ] 1/1
[INFO ] 1/1
[INFO ] 50999	Whole:0.105777,0.085517,0.091903,0.139783,0.720784,0.083657,0.116183,0.240558,-1
[INFO ] 50999	Cold:0.036676,0.026361,0.125645,0.184957,0.613042,0.078675,0.110146,0.101397,-1
[INFO ] 52499	Whole:0.107242,0.085679,0.092634,0.140233,0.721989,0.082826,0.115603,0.238667,-1
[INFO ] 52499	Cold:0.034957,0.026648,0.117049,0.185912,0.613038,0.077463,0.108880,0.097567,-1
[INFO ] 53999	Whole:0.109683,0.088771,0.093550,0.148897,0.725656,0.086675,0.120918,0.244713,-1
[INFO ] 53999	Cold:0.034384,0.028940,0.117526,0.201910,0.624465,0.082269,0.116894,0.106682,-1
[INFO ] 1/1
[INFO ] 55499	Whole:0.108055,0.088202,0.093159,0.147699,0.726870,0.087020,0.121351,0.246043,-1
[INFO ] 55499	Cold:0.034957,0.028367,0.120392,0.199522,0.621608,0.080666,0.114858,0.103679,-1
[INFO ] 56999	Whole:0.107730,0.087958,0.095531,0.146548,0.725641,0.085916,0.119950,0.239159,-1
[INFO ] 56999	Cold:0.036103,0.028080,0.125167,0.189971,0.618750,0.082656,0.114673,0.106815,-1
[INFO ] 58499	Whole:0.108055,0.087307,0.095297,0.146436,0.724839,0.086181,0.120244,0.242165,-1
[INFO ] 58499	Cold:0.036676,0.027794,0.126122,0.188539,0.618750,0.082560,0.114394,0.107276,-1
[INFO ] 59999	Whole:0.109520,0.087225,0.095563,0.145290,0.725262,0.086745,0.120642,0.247628,-1
[INFO ] 59999	Cold:0.035530,0.027507,0.121347,0.185769,0.618748,0.078493,0.110916,0.103443,-1
[INFO ] 61499	Whole:0.110008,0.086981,0.096238,0.146460,0.725650,0.086920,0.121271,0.247723,-1
[INFO ] 61499	Cold:0.038395,0.028080,0.131375,0.191500,0.621613,0.083079,0.115596,0.107797,-1
[INFO ] 1/1
[INFO ] 62999	Whole:0.113100,0.091212,0.097926,0.154573,0.728895,0.090119,0.125394,0.248489,-1
[INFO ] 62999	Cold:0.038395,0.030372,0.129465,0.208787,0.630181,0.082084,0.118585,0.105764,-1
[INFO ] 64499	Whole:0.114402,0.091456,0.100098,0.154868,0.730512,0.090501,0.125909,0.249864,-1
[INFO ] 64499	Cold:0.037822,0.029799,0.129943,0.205922,0.627326,0.082425,0.118180,0.107109,-1
[INFO ] 65999	Whole:0.113914,0.091701,0.099505,0.149094,0.727697,0.090775,0.125196,0.252804,-1
[INFO ] 65999	Cold:0.038395,0.028940,0.126361,0.196180,0.623049,0.086791,0.120200,0.115132,-1
[INFO ] 67499	Whole:0.112612,0.091945,0.097115,0.149131,0.728097,0.090536,0.125193,0.253080,-1
[INFO ] 67499	Cold:0.036103,0.028653,0.119675,0.192932,0.620192,0.086471,0.119315,0.114972,-1
[INFO ] 68999	Whole:0.114890,0.092026,0.101669,0.151032,0.731727,0.090707,0.125626,0.251701,-1
[INFO ] 68999	Cold:0.038395,0.029513,0.125883,0.197087,0.625893,0.077575,0.112605,0.099835,-1
[INFO ] 155999	Whole:0.118145,0.096583,0.106454,0.160814,0.743106,0.095713,0.133588,0.262560,-1
[INFO ] 155999	Cold:0.042980,0.030946,0.146753,0.203725,0.631645,0.092988,0.127618,0.120028,-1
[INFO ] 157499	Whole:0.117982,0.097071,0.106145,0.161292,0.743495,0.095793,0.133786,0.261619,-1
[INFO ] 157499	Cold:0.044126,0.030946,0.151051,0.203152,0.631643,0.092117,0.126755,0.118404,-1
[INFO ] 158999	Whole:0.124166,0.096583,0.110647,0.162064,0.743097,0.100443,0.137726,0.274327,-1
[INFO ] 158999	Cold:0.044126,0.031232,0.150191,0.206113,0.630213,0.097754,0.131663,0.125479,-1
[INFO ] 160499	Whole:0.122701,0.097559,0.109641,0.164855,0.743499,0.100552,0.138612,0.275203,-1
[INFO ] 160499	Cold:0.042407,0.031805,0.145798,0.208023,0.628781,0.097236,0.131824,0.125185,-1
[INFO ] 161999	Whole:0.120423,0.096664,0.107948,0.159741,0.740266,0.097161,0.134092,0.262730,-1
[INFO ] 161999	Cold:0.041834,0.030086,0.143792,0.195511,0.624496,0.089040,0.122941,0.117307,-1
[INFO ] 1/1
[INFO ] 163499	Whole:0.121562,0.097559,0.107409,0.163930,0.745536,0.097636,0.135445,0.265262,-1
[INFO ] 163499	Cold:0.042980,0.031519,0.144842,0.205444,0.633067,0.090312,0.126319,0.119541,-1
[INFO ] 164999	Whole:0.121725,0.096989,0.110637,0.162018,0.741076,0.097148,0.134873,0.265617,-1
[INFO ] 164999	Cold:0.044699,0.031805,0.152722,0.210793,0.631650,0.093762,0.129640,0.119516,-1
[INFO ] 166499	Whole:0.122864,0.096583,0.109511,0.161910,0.742285,0.097110,0.134994,0.266227,-1
[INFO ] 166499	Cold:0.044699,0.032092,0.149379,0.213658,0.633078,0.090833,0.127937,0.115674,-1
[INFO ] 167999	Whole:0.123515,0.097803,0.109161,0.163891,0.743085,0.100102,0.137465,0.272868,-1
[INFO ] 167999	Cold:0.041834,0.031805,0.143314,0.215091,0.633069,0.096916,0.132517,0.123116,-1
[INFO ] 169499	Whole:0.123515,0.097315,0.109488,0.162633,0.740667,0.100267,0.137558,0.273975,-1
[INFO ] 169499	Cold:0.041834,0.031232,0.144842,0.209121,0.628784,0.095049,0.129764,0.120874,-1
[INFO ] 1/1
[INFO ] 170999	Whole:0.123190,0.097559,0.109154,0.163158,0.741883,0.099614,0.136970,0.272714,-1
[INFO ] 170999	Cold:0.042980,0.031519,0.147230,0.206972,0.630201,0.092771,0.127623,0.118777,-1
[INFO ] 172499	Whole:0.122213,0.097478,0.109613,0.160485,0.739860,0.099385,0.136192,0.271479,-1
[INFO ] 172499	Cold:0.042980,0.032378,0.145320,0.213419,0.633060,0.092108,0.128572,0.117527,-1
[INFO ] 173999	Whole:0.121400,0.097396,0.107337,0.159708,0.740662,0.097701,0.134731,0.267486,-1
[INFO ] 173999	Cold:0.042980,0.030372,0.143601,0.199427,0.627352,0.087879,0.122845,0.115557,-1
[INFO ] 175499	Whole:0.122539,0.097966,0.108098,0.160320,0.741471,0.098849,0.135760,0.269921,-1
[INFO ] 175499	Cold:0.042407,0.030086,0.145798,0.198854,0.627351,0.086920,0.121768,0.114017,-1
[INFO ] 176999	Whole:0.121237,0.097234,0.108837,0.162675,0.743499,0.096087,0.134371,0.264824,-1
[INFO ] 176999	Cold:0.042407,0.030659,0.149140,0.206017,0.631639,0.088672,0.124297,0.112968,-1

[INFO ] Training: ...ssh/lastfm-hetrec/train0.2_folder_1, Testing:: .../ssh/lastfm-hetrec/test0.2_folder_1.
[DEBUG] User amount: 1752, item amount: 5992
[DEBUG] Rate amount: 48029, scales: {1.0}
[DEBUG] User amount: 1752, item amount: 5992
[DEBUG] Rate amount: 11796, scales: {1.0}
[INFO ] AsyUnifiedRanker: 30,3.6E-4,0.36,0.36,100,1600,1,120,0.42,8
[INFO ] 62999	Whole:0.113100,0.091050,0.094471,0.149878,0.728913,0.089316,0.123919,0.247182,-1
[INFO ] 62999	Cold:0.034957,0.028940,0.114183,0.193123,0.618749,0.081537,0.114285,0.102829,-1
[INFO ] 64499	Whole:0.112449,0.091294,0.093988,0.151518,0.730940,0.088935,0.123976,0.246886,-1
[INFO ] 64499	Cold:0.036103,0.028940,0.119914,0.193601,0.620178,0.078702,0.112577,0.101832,-1
[INFO ] 65999	Whole:0.115216,0.092758,0.096993,0.151893,0.735379,0.091963,0.127046,0.256791,-1
[INFO ] 65999	Cold:0.037822,0.029226,0.124212,0.196466,0.623035,0.084881,0.117925,0.109172,-1
[INFO ] 67499	Whole:0.114239,0.092514,0.097344,0.153244,0.735381,0.091876,0.127304,0.256168,-1
[INFO ] 67499	Cold:0.038395,0.028940,0.125645,0.193983,0.620185,0.082432,0.115954,0.107673,-1
[INFO ] 68999	Whole:0.114890,0.092433,0.096623,0.150281,0.730531,0.090473,0.125885,0.254695,-1
[INFO ] 68999	Cold:0.037822,0.028940,0.120630,0.193505,0.621614,0.083450,0.116900,0.110264,-1
[INFO ] 1/1
[INFO ] 70499	Whole:0.114565,0.092840,0.098793,0.151943,0.732151,0.091423,0.126785,0.254276,-1
[INFO ] 70499	Cold:0.038395,0.027794,0.122636,0.192932,0.621623,0.085352,0.118415,0.115632,-1
[INFO ] 71999	Whole:0.116843,0.092433,0.101835,0.152939,0.730142,0.093220,0.128316,0.259529,-1
[INFO ] 71999	Cold:0.039542,0.029513,0.126934,0.197087,0.625901,0.085085,0.118932,0.111450,-1
[INFO ] 73499	Whole:0.115216,0.093084,0.100677,0.155490,0.731758,0.093191,0.128840,0.259739,-1
[INFO ] 73499	Cold:0.040115,0.029513,0.128367,0.197087,0.625905,0.088801,0.122233,0.118131,-1
[INFO ] 74999	Whole:0.117657,0.094955,0.101146,0.158484,0.737413,0.095884,0.131862,0.262791,-1
[INFO ] 74999	Cold:0.038395,0.028653,0.123591,0.195798,0.623050,0.091932,0.123565,0.119067,-1
[INFO ] 76499	Whole:0.118633,0.094142,0.102870,0.157873,0.736203,0.096681,0.132378,0.264136,-1
[INFO ] 76499	Cold:0.038968,0.029226,0.125024,0.197469,0.623053,0.092395,0.124696,0.120224,-1
[INFO ] 1/1
[INFO ] 77999	Whole:0.119447,0.095850,0.103785,0.158415,0.738635,0.094844,0.131915,0.263676,-1
[INFO ] 77999	Cold:0.038968,0.028653,0.129322,0.186103,0.617328,0.086546,0.117381,0.110917,-1
[INFO ] 79499	Whole:0.120423,0.095443,0.103916,0.158333,0.739036,0.094957,0.132078,0.265229,-1
[INFO ] 79499	Cold:0.038395,0.028940,0.128367,0.191834,0.621606,0.083979,0.116274,0.106635,-1
[INFO ] 80999	Whole:0.122050,0.094630,0.104789,0.158078,0.738229,0.095930,0.132386,0.263083,-1
[INFO ] 80999	Cold:0.041261,0.029799,0.134336,0.195368,0.623053,0.088628,0.121356,0.114127,-1
[INFO ] 82499	Whole:0.122864,0.095362,0.106277,0.159536,0.738640,0.096148,0.132773,0.263575,-1
[INFO ] 82499	Cold:0.040688,0.030372,0.132904,0.199666,0.625910,0.090070,0.123440,0.115249,-1
[INFO ] 83999	Whole:0.121400,0.097234,0.106816,0.163952,0.741089,0.096214,0.134243,0.262417,-1
[INFO ] 83999	Cold:0.042407,0.030372,0.138157,0.201003,0.624482,0.086678,0.121083,0.110673,-1
[INFO ] 109499	Whole:0.124980,0.099186,0.109959,0.163807,0.744322,0.098691,0.136593,0.263973,-1
[INFO ] 109499	Cold:0.045272,0.030946,0.147517,0.200239,0.624496,0.091664,0.125353,0.116370,-1
[INFO ] 110999	Whole:0.121400,0.099756,0.108036,0.166287,0.746344,0.099406,0.137764,0.268547,-1
[INFO ] 110999	Cold:0.041261,0.032951,0.137297,0.215521,0.634500,0.098534,0.134159,0.124684,-1
[INFO ] 112499	Whole:0.123352,0.099024,0.110433,0.164905,0.745130,0.099511,0.137569,0.268287,-1
[INFO ] 112499	Cold:0.041834,0.032378,0.142455,0.213037,0.634497,0.094196,0.130118,0.119244,-1
[INFO ] 113999	Whole:0.122864,0.099105,0.109620,0.168165,0.747936,0.097795,0.136488,0.264698,-1
[INFO ] 113999	Cold:0.044699,0.033238,0.147803,0.219341,0.635926,0.095005,0.132133,0.120504,-1
[INFO ] 115499	Whole:0.122864,0.099024,0.109606,0.166289,0.747938,0.097378,0.135908,0.263417,-1
[INFO ] 115499	Cold:0.044699,0.033238,0.149713,0.220774,0.635927,0.094074,0.131627,0.118685,-1
[INFO ] 1/1
[INFO ] 116999	Whole:0.122864,0.097966,0.107540,0.159580,0.741875,0.094918,0.132230,0.261813,-1
[INFO ] 116999	Cold:0.044699,0.030946,0.151624,0.201815,0.625926,0.088900,0.123705,0.114568,-1
[INFO ] 118499	Whole:0.122050,0.098617,0.107097,0.159933,0.742683,0.096176,0.133454,0.264410,-1
[INFO ] 118499	Cold:0.046418,0.030659,0.154585,0.199284,0.623072,0.092537,0.125736,0.117119,-1
[INFO ] 119999	Whole:0.124003,0.099024,0.109748,0.163296,0.745520,0.099474,0.137245,0.269019,-1
[INFO ] 119999	Cold:0.045845,0.032092,0.151242,0.209312,0.630222,0.100149,0.134460,0.127829,-1
[INFO ] 121499	Whole:0.123841,0.098454,0.108630,0.161886,0.745113,0.098823,0.136513,0.269112,-1
[INFO ] 121499	Cold:0.044699,0.031519,0.149713,0.207784,0.628793,0.095823,0.130714,0.123530,-1
[INFO ] 122999	Whole:0.124654,0.100325,0.111763,0.164199,0.747146,0.097314,0.135616,0.265192,-1
[INFO ] 122999	Cold:0.044126,0.031519,0.153056,0.209790,0.630211,0.087504,0.124211,0.111109,-1
[INFO ] 310499	Whole:0.117819,0.095769,0.104057,0.159445,0.739461,0.094736,0.131988,0.261531,-1
[INFO ] 310499	Cold:0.043553,0.029799,0.141643,0.199904,0.625924,0.086809,0.121225,0.111578,-1
[INFO ] 311999	Whole:0.117819,0.094630,0.104384,0.153966,0.736219,0.093799,0.129592,0.259710,-1
[INFO ] 311999	Cold:0.042980,0.029513,0.140210,0.196084,0.623063,0.082859,0.117514,0.108379,-1
[INFO ] 313499	Whole:0.119121,0.094874,0.105435,0.153616,0.736614,0.093978,0.129604,0.259313,-1
[INFO ] 313499	Cold:0.043553,0.029799,0.141643,0.197517,0.624489,0.083288,0.118190,0.108997,-1
[INFO ] 314999	Whole:0.117982,0.096094,0.107100,0.155898,0.736634,0.095225,0.132038,0.262772,-1
[INFO ] 314999	Cold:0.044126,0.029226,0.146800,0.193696,0.621637,0.083199,0.117823,0.111694,-1
[INFO ] 316499	Whole:0.117168,0.096501,0.105548,0.156225,0.736635,0.094401,0.131475,0.261229,-1
[INFO ] 316499	Cold:0.042980,0.030086,0.138682,0.197039,0.624488,0.081791,0.117334,0.108581,-1
[INFO ] 1/1
[INFO ] 317999	Whole:0.119609,0.097152,0.105851,0.159109,0.741072,0.095283,0.132602,0.261948,-1
[INFO ] 317999	Cold:0.042980,0.030086,0.139160,0.197517,0.625918,0.081955,0.117623,0.109421,-1
[INFO ] 319499	Whole:0.118959,0.097559,0.103913,0.159872,0.742283,0.096288,0.133631,0.262913,-1
[INFO ] 319499	Cold:0.044126,0.029226,0.140592,0.190353,0.620204,0.082750,0.116385,0.109083,-1
[INFO ] 320999	Whole:0.116517,0.095688,0.105355,0.154227,0.738647,0.094793,0.131403,0.265862,-1
[INFO ] 320999	Cold:0.040688,0.028940,0.135482,0.190831,0.620206,0.083591,0.117521,0.113244,-1
[INFO ] 322499	Whole:0.116192,0.095443,0.103762,0.155103,0.738651,0.094047,0.130823,0.263511,-1
[INFO ] 322499	Cold:0.041834,0.028653,0.139780,0.187966,0.618776,0.081820,0.115627,0.112130,-1
[INFO ] 323999	Whole:0.121074,0.097722,0.108525,0.160284,0.743917,0.096566,0.133672,0.263525,-1
[INFO ] 323999	Cold:0.044699,0.030086,0.150525,0.203152,0.627357,0.086909,0.122842,0.116032,-1



[INFO ] Training: ...ssh/lastfm-hetrec/train0.2_folder_1, Testing:: .../ssh/lastfm-hetrec/test0.2_folder_1.
[DEBUG] User amount: 1752, item amount: 5992
[DEBUG] Rate amount: 48029, scales: {1.0}
[DEBUG] User amount: 1752, item amount: 5992
[DEBUG] Rate amount: 11796, scales: {1.0}
[INFO ] AsyUnifiedRanker: 30,5.0E-4,0.38,0.38,100,1600,1,100,0.42,10
[INFO ] 1/1
[INFO ] 1/1
[INFO ] 1/1
[INFO ] 1/1
[INFO ] 1/1
[INFO ] 1/1
[INFO ] 1/1
[INFO ] 50999	Whole:0.108055,0.087307,0.093633,0.142097,0.723232,0.087723,0.120580,0.251142,-1
[INFO ] 50999	Cold:0.035530,0.027507,0.120869,0.188873,0.615894,0.082307,0.114176,0.107348,-1
[INFO ] 51999	Whole:0.108869,0.087958,0.094703,0.141522,0.723614,0.086389,0.119306,0.247859,-1
[INFO ] 51999	Cold:0.036676,0.027221,0.123257,0.189494,0.618753,0.084183,0.115482,0.108112,-1
[INFO ] 52999	Whole:0.109194,0.087958,0.096419,0.142695,0.722414,0.088203,0.120813,0.247394,-1
[INFO ] 52999	Cold:0.036103,0.027221,0.120392,0.189494,0.617323,0.082082,0.113688,0.104925,-1
[INFO ] 53999	Whole:0.110008,0.088853,0.092023,0.144905,0.727666,0.085798,0.120074,0.246801,-1
[INFO ] 53999	Cold:0.033811,0.027507,0.117049,0.188539,0.618749,0.076419,0.109742,0.102036,-1
[INFO ] 1/1
[INFO ] 54999	Whole:0.109683,0.089829,0.090748,0.145876,0.728068,0.085917,0.120054,0.242921,-1
[INFO ] 54999	Cold:0.033811,0.028367,0.112273,0.192932,0.621607,0.077445,0.111864,0.103907,-1
[INFO ] 55999	Whole:0.109845,0.089015,0.092350,0.145137,0.726459,0.086708,0.120522,0.248305,-1
[INFO ] 55999	Cold:0.034384,0.027794,0.115138,0.192837,0.620180,0.078271,0.111704,0.101333,-1
[INFO ] 56999	Whole:0.113263,0.090399,0.096137,0.149096,0.729288,0.090122,0.124365,0.254773,-1
[INFO ] 56999	Cold:0.036676,0.028940,0.123257,0.196753,0.621617,0.086437,0.119720,0.113863,-1
[INFO ] 57999	Whole:0.113100,0.089829,0.095956,0.148469,0.728480,0.089873,0.123908,0.255106,-1
[INFO ] 57999	Cold:0.038395,0.028653,0.126600,0.196275,0.620190,0.085581,0.118635,0.111550,-1
[INFO ] 58999	Whole:0.113588,0.090480,0.097650,0.148922,0.730106,0.089883,0.123933,0.251554,-1
[INFO ] 58999	Cold:0.038395,0.028653,0.125167,0.194842,0.620190,0.085452,0.118304,0.111342,-1
[INFO ] 59999	Whole:0.111473,0.090561,0.097049,0.146291,0.726044,0.087620,0.121357,0.245468,-1
[INFO ] 59999	Cold:0.038395,0.027507,0.128032,0.186246,0.615897,0.074655,0.107201,0.093737,-1
[INFO ] 60999	Whole:0.113263,0.091131,0.099742,0.145334,0.727667,0.089483,0.122643,0.249659,-1
[INFO ] 60999	Cold:0.038968,0.028367,0.133286,0.193505,0.620183,0.081840,0.114541,0.103359,-1
[INFO ] 1/1
[INFO ] 61999	Whole:0.113588,0.091131,0.096189,0.146624,0.727665,0.088556,0.121853,0.245616,-1
[INFO ] 61999	Cold:0.036676,0.028940,0.124308,0.200955,0.625895,0.080425,0.115252,0.104339,-1
[INFO ] 62999	Whole:0.116355,0.091701,0.100454,0.150581,0.728512,0.090005,0.124799,0.250311,-1
[INFO ] 62999	Cold:0.038968,0.027507,0.130898,0.183859,0.618757,0.081582,0.112981,0.107209,-1
[INFO ] 63999	Whole:0.116355,0.092596,0.100149,0.152205,0.730531,0.089996,0.125065,0.248994,-1
[INFO ] 63999	Cold:0.040115,0.028080,0.133286,0.185769,0.618755,0.080927,0.113169,0.107742,-1
[INFO ] 64999	Whole:0.115867,0.091538,0.101623,0.152037,0.729328,0.090059,0.125241,0.251726,-1
[INFO ] 64999	Cold:0.041261,0.029513,0.135673,0.194938,0.624472,0.083929,0.117599,0.110408,-1
[INFO ] 65999	Whole:0.115867,0.091456,0.098593,0.150535,0.731347,0.091025,0.125966,0.256851,-1
[INFO ] 65999	Cold:0.037822,0.029226,0.128032,0.192789,0.620193,0.083547,0.117010,0.109459,-1
[INFO ] 66999	Whole:0.116355,0.091456,0.099247,0.149066,0.730928,0.091534,0.126138,0.257856,-1
[INFO ] 66999	Cold:0.040115,0.029513,0.133763,0.193744,0.621626,0.084983,0.118750,0.112396,-1
[INFO ] 67999	Whole:0.117331,0.092596,0.102026,0.153123,0.732171,0.091792,0.127240,0.256300,-1
[INFO ] 67999	Cold:0.040688,0.029799,0.137584,0.196466,0.623052,0.083330,0.117681,0.108103,-1
[INFO ] 68999	Whole:0.116029,0.093247,0.103073,0.154107,0.732561,0.092781,0.127759,0.253869,-1
[INFO ] 68999	Cold:0.042407,0.030372,0.141882,0.202340,0.624486,0.090943,0.124680,0.116083,-1
[INFO ] 1/1
[INFO ] 69999	Whole:0.115216,0.092596,0.102083,0.153208,0.733774,0.092555,0.128331,0.257442,-1
[INFO ] 69999	Cold:0.041261,0.029513,0.137584,0.197469,0.623054,0.088266,0.121552,0.113829,-1
[INFO ] 70999	Whole:0.116517,0.093328,0.102390,0.154330,0.736197,0.092322,0.128389,0.257078,-1
[INFO ] 70999	Cold:0.041834,0.029513,0.140449,0.196609,0.621631,0.089964,0.122884,0.116454,-1
[INFO ] 71999	Whole:0.115053,0.093735,0.101463,0.157133,0.734585,0.092775,0.129135,0.254732,-1
[INFO ] 71999	Cold:0.040688,0.030946,0.136628,0.203677,0.625912,0.086461,0.121520,0.109826,-1
[INFO ] 72999	Whole:0.116192,0.093328,0.103902,0.155059,0.735790,0.092306,0.128181,0.254294,-1
[INFO ] 72999	Cold:0.042980,0.030659,0.145224,0.200907,0.625915,0.088349,0.122883,0.114477,-1
[INFO ] 73999	Whole:0.115704,0.094467,0.101976,0.157322,0.738627,0.094015,0.130419,0.258157,-1
[INFO ] 73999	Cold:0.041261,0.030086,0.135196,0.199475,0.624485,0.089622,0.123350,0.116191,-1
[INFO ] 74999	Whole:0.115216,0.093653,0.103018,0.158059,0.737025,0.092407,0.129186,0.253292,-1
[INFO ] 74999	Cold:0.041261,0.030946,0.142693,0.207593,0.630203,0.090373,0.125335,0.114076,-1
[INFO ] 75999	Whole:0.116029,0.093816,0.104191,0.157474,0.735810,0.092362,0.128905,0.252437,-1
[INFO ] 75999	Cold:0.042980,0.031519,0.147851,0.211414,0.631636,0.090345,0.126661,0.116608,-1
[INFO ] 76999	Whole:0.115867,0.094874,0.103668,0.160076,0.737840,0.093812,0.130721,0.254819,-1
[INFO ] 76999	Cold:0.043553,0.031232,0.150812,0.208453,0.630212,0.091816,0.127261,0.118538,-1
[INFO ] 1/1
[INFO ] 77999	Whole:0.118796,0.096501,0.103446,0.161383,0.739843,0.095706,0.132739,0.257590,-1
[INFO ] 77999	Cold:0.040115,0.031232,0.132187,0.207116,0.630202,0.095092,0.129534,0.124068,-1
[INFO ] 78999	Whole:0.117819,0.095688,0.101313,0.158684,0.736602,0.095447,0.131863,0.257342,-1
[INFO ] 78999	Cold:0.039542,0.031232,0.130181,0.204250,0.627343,0.095353,0.129141,0.124666,-1
[INFO ] 79999	Whole:0.117819,0.096176,0.103920,0.159241,0.738623,0.097119,0.133255,0.259623,-1
[INFO ] 79999	Cold:0.040115,0.031805,0.133524,0.209599,0.630205,0.097002,0.131735,0.126089,-1
[INFO ] 80999	Whole:0.117982,0.096420,0.102256,0.159222,0.736603,0.094431,0.130913,0.256276,-1
[INFO ] 80999	Cold:0.041261,0.030946,0.137918,0.205301,0.625919,0.092028,0.126403,0.118642,-1
[INFO ] 81999	Whole:0.118796,0.096094,0.103756,0.157713,0.737000,0.094013,0.130357,0.256088,-1
[INFO ] 81999	Cold:0.041834,0.030659,0.141738,0.202913,0.625920,0.093411,0.127096,0.121010,-1
[INFO ] 82999	Whole:0.118796,0.095932,0.102845,0.158104,0.737002,0.094178,0.130574,0.256669,-1
[INFO ] 82999	Cold:0.042980,0.031232,0.141977,0.204823,0.627346,0.092398,0.126697,0.118966,-1
[INFO ] 83999	Whole:0.119447,0.093409,0.105945,0.156162,0.737010,0.093081,0.129387,0.253437,-1
[INFO ] 83999	Cold:0.041834,0.030659,0.140879,0.202340,0.627347,0.091712,0.125698,0.117836,-1
[INFO ] 84999	Whole:0.117657,0.094304,0.104533,0.157247,0.736621,0.093636,0.130240,0.254368,-1
[INFO ] 84999	Cold:0.040115,0.030659,0.136963,0.203773,0.627349,0.092314,0.126511,0.118655,-1
[INFO ] 1/1
[INFO ] 85999	Whole:0.117982,0.093572,0.107791,0.161820,0.739053,0.093781,0.131400,0.254716,-1
[INFO ] 85999	Cold:0.042407,0.031519,0.144365,0.212846,0.631633,0.089869,0.126232,0.114582,-1
[INFO ] 86999	Whole:0.117494,0.095037,0.109355,0.163663,0.741478,0.096389,0.133490,0.255182,-1
[INFO ] 86999	Cold:0.045272,0.032378,0.148281,0.218672,0.634501,0.097315,0.133469,0.122651,-1
[INFO ] 87999	Whole:0.117168,0.095362,0.109274,0.163630,0.741881,0.096044,0.133407,0.255334,-1
[INFO ] 87999	Cold:0.045272,0.031805,0.147230,0.215330,0.631646,0.093926,0.130072,0.118671,-1
[INFO ] 88999	Whole:0.118633,0.095199,0.109626,0.164471,0.737847,0.097788,0.134652,0.255472,-1
[INFO ] 88999	Cold:0.045845,0.032951,0.148663,0.222588,0.634504,0.097717,0.134686,0.122975,-1
[INFO ] 89999	Whole:0.118796,0.094304,0.109427,0.163384,0.739453,0.094956,0.132571,0.257635,-1
[INFO ] 89999	Cold:0.042980,0.032092,0.144365,0.214947,0.630216,0.092903,0.129251,0.117343,-1
[INFO ] 90999	Whole:0.118959,0.094142,0.107133,0.163016,0.737834,0.094941,0.132509,0.256718,-1
[INFO ] 90999	Cold:0.041261,0.031519,0.137679,0.209217,0.627356,0.092918,0.127799,0.116503,-1
[INFO ] 91999	Whole:0.118959,0.095769,0.107790,0.163952,0.740265,0.096381,0.134175,0.260822,-1
[INFO ] 91999	Cold:0.043553,0.032378,0.145320,0.216380,0.631646,0.094271,0.130729,0.118496,-1
[INFO ] 1/1
[INFO ] 92999	Whole:0.121400,0.095281,0.112578,0.163901,0.741876,0.095703,0.133649,0.261348,-1
[INFO ] 92999	Cold:0.042407,0.032378,0.141070,0.216858,0.635922,0.089658,0.127682,0.116185,-1
[INFO ] 93999	Whole:0.121725,0.095443,0.112045,0.164576,0.741084,0.097461,0.135006,0.264088,-1
[INFO ] 93999	Cold:0.042980,0.032092,0.142646,0.214470,0.633058,0.091392,0.127766,0.115304,-1
[INFO ] 94999	Whole:0.122376,0.095606,0.113650,0.165964,0.741077,0.097915,0.135471,0.265620,-1
[INFO ] 94999	Cold:0.041261,0.032092,0.137631,0.213276,0.634489,0.092396,0.128554,0.117372,-1
[INFO ] 95999	Whole:0.120586,0.097396,0.110706,0.164411,0.743487,0.095411,0.133898,0.259502,-1
[INFO ] 95999	Cold:0.042980,0.032378,0.143649,0.212321,0.631636,0.089616,0.126111,0.112445,-1
[INFO ] 96999	Whole:0.121074,0.096257,0.110129,0.161800,0.741467,0.094919,0.132898,0.260788,-1
[INFO ] 96999	Cold:0.042980,0.032665,0.142073,0.212321,0.633072,0.092161,0.128917,0.118751,-1
[INFO ] 97999	Whole:0.122539,0.096745,0.112178,0.163476,0.743494,0.096080,0.134290,0.262423,-1
[INFO ] 97999	Cold:0.044126,0.032378,0.145272,0.211748,0.633068,0.089182,0.126055,0.114204,-1
[INFO ] 98999	Whole:0.122050,0.096501,0.110140,0.160974,0.737830,0.098544,0.135486,0.267019,-1
[INFO ] 98999	Cold:0.044126,0.030946,0.141834,0.200382,0.625918,0.091810,0.125504,0.118069,-1
[INFO ] 99999	Whole:0.122050,0.096745,0.111030,0.160653,0.738644,0.098581,0.135494,0.266288,-1
[INFO ] 99999	Cold:0.042980,0.030946,0.138252,0.200764,0.627347,0.092920,0.126699,0.120931,-1
[INFO ] 1/1
[INFO ] 100999	Whole:0.120423,0.096745,0.110213,0.164389,0.741480,0.097771,0.135502,0.264869,-1
[INFO ] 100999	Cold:0.042980,0.030659,0.142073,0.205826,0.628780,0.094595,0.128594,0.121288,-1
[INFO ] 101999	Whole:0.115867,0.096908,0.106594,0.163981,0.741488,0.097366,0.134989,0.259348,-1
[INFO ] 101999	Cold:0.039542,0.031519,0.130946,0.205635,0.630201,0.091171,0.125963,0.116017,-1
[INFO ] 102999	Whole:0.117819,0.097152,0.109818,0.162889,0.740258,0.099072,0.136030,0.260863,-1
[INFO ] 102999	Cold:0.040688,0.030946,0.135244,0.202770,0.628775,0.092416,0.126444,0.118751,-1
[INFO ] 103999	Whole:0.118470,0.096908,0.110741,0.163970,0.740261,0.099158,0.136224,0.262097,-1
[INFO ] 103999	Cold:0.042407,0.031805,0.143362,0.208500,0.631635,0.091272,0.126771,0.115726,-1
[INFO ] 104999	Whole:0.122213,0.097234,0.108839,0.162322,0.741468,0.097694,0.134685,0.260201,-1
[INFO ] 104999	Cold:0.042980,0.032092,0.141022,0.212225,0.633066,0.096769,0.132008,0.124932,-1
[INFO ] 105999	Whole:0.122213,0.096257,0.108630,0.160245,0.741056,0.096244,0.133216,0.259403,-1
[INFO ] 105999	Cold:0.041261,0.032092,0.131566,0.210793,0.634492,0.092550,0.128706,0.121044,-1
[INFO ] 106999	Whole:0.121725,0.096583,0.106104,0.164090,0.741470,0.096033,0.133922,0.260177,-1
[INFO ] 106999	Cold:0.043553,0.032665,0.138968,0.214613,0.635924,0.094628,0.131484,0.124682,-1
[INFO ] 107999	Whole:0.119772,0.096989,0.108043,0.163974,0.741476,0.098221,0.135919,0.262923,-1
[INFO ] 107999	Cold:0.042980,0.033238,0.142550,0.219484,0.635925,0.096334,0.133222,0.122096,-1
[INFO ] 1/1
[INFO ] 108999	Whole:0.121562,0.097152,0.111063,0.166593,0.741461,0.096480,0.135066,0.257505,-1
[INFO ] 108999	Cold:0.045845,0.033238,0.151146,0.222827,0.635930,0.093368,0.131936,0.119855,-1
[INFO ] 109999	Whole:0.122701,0.097234,0.114546,0.169493,0.743903,0.097460,0.136747,0.260003,-1
[INFO ] 109999	Cold:0.044126,0.033238,0.146991,0.224260,0.635932,0.095685,0.133952,0.122576,-1
[INFO ] 110999	Whole:0.123841,0.097559,0.113080,0.164176,0.744705,0.096990,0.134683,0.262596,-1
[INFO ] 110999	Cold:0.043553,0.032665,0.143983,0.213515,0.634493,0.092062,0.128965,0.119359,-1
[INFO ] 111999	Whole:0.123841,0.098210,0.112343,0.165227,0.745528,0.099272,0.137195,0.266588,-1
[INFO ] 111999	Cold:0.042980,0.032951,0.141500,0.215425,0.634498,0.096991,0.133180,0.124718,-1
[INFO ] 112999	Whole:0.124491,0.097396,0.112145,0.167239,0.743112,0.098230,0.136632,0.263696,-1
[INFO ] 112999	Cold:0.043553,0.032378,0.142932,0.212560,0.634499,0.092726,0.129282,0.120171,-1
[INFO ] 113999	Whole:0.123515,0.097071,0.109713,0.163445,0.741471,0.099944,0.136453,0.261675,-1
[INFO ] 113999	Cold:0.042407,0.030946,0.137297,0.208883,0.628785,0.096184,0.130763,0.125160,-1
[INFO ] 114999	Whole:0.123352,0.097966,0.109342,0.163017,0.741883,0.100946,0.137094,0.265444,-1
[INFO ] 114999	Cold:0.043553,0.031232,0.144938,0.207927,0.628782,0.096513,0.131028,0.125765,-1
[INFO ] 115999	Whole:0.123678,0.097559,0.110166,0.164965,0.743101,0.100305,0.137335,0.266249,-1
[INFO ] 115999	Cold:0.040688,0.030659,0.130611,0.204107,0.628779,0.095684,0.129550,0.125877,-1
[INFO ] 1/1
[INFO ] 116999	Whole:0.115867,0.095850,0.106539,0.162353,0.742674,0.096282,0.134006,0.262749,-1
[INFO ] 116999	Cold:0.042407,0.031805,0.142073,0.215234,0.633068,0.097346,0.133218,0.127587,-1
[INFO ] 117999	Whole:0.115378,0.096176,0.104487,0.162941,0.742689,0.096060,0.133831,0.259612,-1
[INFO ] 117999	Cold:0.041261,0.031519,0.138252,0.214995,0.634492,0.095954,0.132159,0.127110,-1
[INFO ] 118999	Whole:0.117006,0.095688,0.107134,0.162396,0.741065,0.096287,0.133606,0.261538,-1
[INFO ] 118999	Cold:0.042980,0.031519,0.144556,0.215950,0.634497,0.098099,0.134139,0.129471,-1
[INFO ] 119999	Whole:0.121074,0.096827,0.107222,0.161526,0.742277,0.099245,0.136154,0.269831,-1
[INFO ] 119999	Cold:0.041834,0.030946,0.133572,0.204728,0.630202,0.092505,0.127618,0.125225,-1
[INFO ] 120999	Whole:0.121725,0.096827,0.108785,0.159831,0.740251,0.098792,0.135238,0.267936,-1
[INFO ] 120999	Cold:0.042407,0.030372,0.138348,0.200430,0.627346,0.091432,0.125600,0.122199,-1
[INFO ] 121999	Whole:0.120098,0.097071,0.107299,0.159950,0.739031,0.096734,0.133373,0.263032,-1
[INFO ] 121999	Cold:0.042980,0.029513,0.137870,0.192789,0.623063,0.087441,0.120790,0.116739,-1
[INFO ] 122999	Whole:0.117331,0.096501,0.107014,0.162700,0.742270,0.096853,0.134532,0.261792,-1
[INFO ] 122999	Cold:0.041834,0.031232,0.137154,0.207450,0.628777,0.092498,0.127483,0.119767,-1
[INFO ] 1/1
[INFO ] 123999	Whole:0.124166,0.096827,0.112213,0.164357,0.744700,0.096751,0.134932,0.263176,-1
[INFO ] 123999	Cold:0.045272,0.032378,0.147899,0.216428,0.633064,0.088831,0.127274,0.118885,-1
[INFO ] 124999	Whole:0.122050,0.096827,0.110336,0.164084,0.742678,0.096317,0.134499,0.262318,-1
[INFO ] 124999	Cold:0.044699,0.031519,0.146466,0.209503,0.628780,0.087080,0.124314,0.116537,-1
[INFO ] 125999	Whole:0.120749,0.095525,0.111311,0.160303,0.739844,0.098261,0.135257,0.266222,-1
[INFO ] 125999	Cold:0.044126,0.031232,0.141929,0.204823,0.630202,0.088463,0.124058,0.115315,-1
[INFO ] 126999	Whole:0.121725,0.095769,0.112589,0.159917,0.739439,0.098985,0.135922,0.268060,-1
[INFO ] 126999	Cold:0.045845,0.032951,0.149093,0.218195,0.637348,0.092137,0.129801,0.118463,-1
[INFO ] 127999	Whole:0.123027,0.096745,0.114180,0.164260,0.740660,0.099103,0.136462,0.264173,-1
[INFO ] 127999	Cold:0.048138,0.031519,0.159121,0.203868,0.630214,0.092773,0.128025,0.123800,-1
[INFO ] 128999	Whole:0.117331,0.095118,0.105300,0.160841,0.745101,0.096924,0.134535,0.263216,-1
[INFO ] 128999	Cold:0.041261,0.030659,0.134527,0.202913,0.630209,0.092524,0.127066,0.122155,-1
[INFO ] 129999	Whole:0.116517,0.094955,0.104659,0.160281,0.745095,0.096130,0.133824,0.263752,-1
[INFO ] 129999	Cold:0.041834,0.030659,0.137393,0.201480,0.630211,0.091708,0.126395,0.121896,-1
[INFO ] 130999	Whole:0.119447,0.095118,0.108803,0.158683,0.741058,0.098050,0.134739,0.262814,-1
[INFO ] 130999	Cold:0.042980,0.031519,0.141691,0.206256,0.631643,0.093662,0.128878,0.123109,-1


[INFO ] Training: ...ssh/lastfm-hetrec/train0.2_folder_1, Testing:: .../ssh/lastfm-hetrec/test0.2_folder_1.
[DEBUG] User amount: 1752, item amount: 5992
[DEBUG] Rate amount: 48029, scales: {1.0}
[DEBUG] User amount: 1752, item amount: 5992
[DEBUG] Rate amount: 11796, scales: {1.0}
[INFO ] AsyUnifiedRanker: 30,5.0E-4,0.35,0.35,100,1600,1,100,0.32,10
[INFO ] 139999	Whole:0.121237,0.097640,0.109892,0.163793,0.741896,0.096960,0.134138,0.258569,-1
[INFO ] 139999	Cold:0.046991,0.030946,0.160984,0.203629,0.627361,0.089780,0.124550,0.113705,-1
[INFO ] 140999	Whole:0.121888,0.096827,0.112243,0.161959,0.738671,0.099471,0.135407,0.264380,-1
[INFO ] 140999	Cold:0.045845,0.032378,0.152149,0.211270,0.634505,0.098003,0.133360,0.126209,-1
[INFO ] 141999	Whole:0.121237,0.096664,0.109963,0.160199,0.736625,0.098517,0.134242,0.263007,-1
[INFO ] 141999	Cold:0.045272,0.032092,0.150239,0.208978,0.633078,0.097015,0.132391,0.127310,-1
[INFO ] 142999	Whole:0.121725,0.095281,0.110879,0.160954,0.739864,0.098847,0.135306,0.263546,-1
[INFO ] 142999	Cold:0.046991,0.031805,0.157402,0.206590,0.630221,0.095269,0.130071,0.122589,-1
[INFO ] 143999	Whole:0.121400,0.097640,0.109406,0.163030,0.744717,0.097472,0.134477,0.261813,-1
[INFO ] 143999	Cold:0.042407,0.030946,0.144604,0.204011,0.630208,0.090432,0.125309,0.116581,-1
[INFO ] 144999	Whole:0.120260,0.097071,0.108998,0.161422,0.743504,0.096256,0.133025,0.259134,-1
[INFO ] 144999	Cold:0.043553,0.030659,0.146036,0.199713,0.628782,0.090217,0.124460,0.116877,-1
[INFO ] 145999	Whole:0.120586,0.097315,0.110110,0.161516,0.742702,0.098070,0.134572,0.260214,-1
[INFO ] 145999	Cold:0.044126,0.030946,0.149379,0.200287,0.628790,0.092317,0.126538,0.119788,-1
[INFO ] 146999	Whole:0.119284,0.095443,0.111791,0.157409,0.739842,0.095926,0.131803,0.253496,-1
[INFO ] 146999	Cold:0.044699,0.029226,0.154394,0.194795,0.621639,0.088632,0.120890,0.109748,-1
[INFO ] 1/1
[INFO ] 147999	Whole:0.118796,0.095281,0.109853,0.160280,0.741065,0.095365,0.132286,0.256335,-1
[INFO ] 147999	Cold:0.046418,0.030086,0.160745,0.199713,0.625925,0.087594,0.121348,0.108551,-1
[INFO ] 148999	Whole:0.120098,0.095443,0.112038,0.161772,0.740264,0.097577,0.134136,0.258294,-1
[INFO ] 148999	Cold:0.045272,0.030086,0.158357,0.202006,0.628789,0.095087,0.128032,0.119057,-1
[INFO ] 149999	Whole:0.122864,0.097559,0.108945,0.162576,0.742712,0.097641,0.134946,0.261061,-1
[INFO ] 149999	Cold:0.042980,0.031519,0.142693,0.206495,0.630209,0.091343,0.126302,0.115568,-1
[INFO ] 150999	Whole:0.123678,0.097152,0.109214,0.162546,0.742690,0.097622,0.134742,0.260984,-1
[INFO ] 150999	Cold:0.042407,0.031805,0.141738,0.207927,0.631638,0.093631,0.128824,0.120491,-1
[INFO ] 151999	Whole:0.122701,0.096176,0.108161,0.160968,0.741083,0.097585,0.134401,0.261624,-1
[INFO ] 151999	Cold:0.043553,0.030946,0.146036,0.204585,0.628784,0.094618,0.128539,0.120522,-1
[INFO ] 152999	Whole:0.120260,0.098291,0.109136,0.162855,0.739864,0.099699,0.136346,0.262824,-1
[INFO ] 152999	Cold:0.044699,0.031805,0.153868,0.208883,0.631647,0.095560,0.130348,0.120172,-1
[INFO ] 153999	Whole:0.120423,0.098129,0.110917,0.165264,0.741889,0.099327,0.136772,0.263231,-1
[INFO ] 153999	Cold:0.045845,0.031232,0.158405,0.205062,0.628789,0.092471,0.126911,0.115560,-1
[INFO ] 1/1
[INFO ] 154999	Whole:0.122701,0.097966,0.114330,0.164884,0.742291,0.100910,0.137936,0.267661,-1
[INFO ] 154999	Cold:0.048711,0.032665,0.161605,0.210793,0.634500,0.095645,0.131034,0.120265,-1
[INFO ] 155999	Whole:0.120749,0.096908,0.108197,0.157945,0.738237,0.096893,0.132151,0.257464,-1
[INFO ] 155999	Cold:0.042980,0.031232,0.143362,0.201480,0.630203,0.088122,0.122897,0.111375,-1
[INFO ] 156999	Whole:0.120260,0.095443,0.108555,0.155886,0.735802,0.096091,0.131133,0.257562,-1
[INFO ] 156999	Cold:0.045272,0.030946,0.151719,0.202674,0.628783,0.091700,0.125807,0.114778,-1
[INFO ] 157999	Whole:0.121725,0.096094,0.110563,0.159205,0.738235,0.097154,0.133171,0.258484,-1
[INFO ] 157999	Cold:0.042407,0.031519,0.141213,0.203391,0.628779,0.091276,0.125575,0.113909,-1
[INFO ] 158999	Whole:0.122701,0.095037,0.109643,0.159844,0.737834,0.096302,0.132615,0.260760,-1
[INFO ] 158999	Cold:0.045272,0.031519,0.148854,0.208405,0.628778,0.091492,0.127282,0.119805,-1
[INFO ] 159999	Whole:0.122376,0.094630,0.108863,0.157006,0.737418,0.095804,0.131491,0.258597,-1
[INFO ] 159999	Cold:0.042980,0.031519,0.141691,0.206972,0.628776,0.091075,0.126655,0.118745,-1
[INFO ] 160999	Whole:0.121074,0.095037,0.107611,0.157766,0.738642,0.095734,0.131587,0.259014,-1
[INFO ] 160999	Cold:0.045845,0.031519,0.151242,0.206972,0.628780,0.089176,0.124926,0.113740,-1





[INFO ] Training: ...ssh/lastfm-hetrec/train0.2_folder_1, Testing:: .../ssh/lastfm-hetrec/test0.2_folder_1.
[DEBUG] User amount: 1752, item amount: 5992
[DEBUG] Rate amount: 48029, scales: {1.0}
[DEBUG] User amount: 1752, item amount: 5992
[DEBUG] Rate amount: 11796, scales: {1.0}
[INFO ] AsyUnifiedRanker: 30,3.6E-4,0.48,0.48,100,1600,1,100,0.42,8
[INFO ] 209999	Whole:0.123678,0.099349,0.112479,0.167795,0.749584,0.100069,0.138780,0.269067,-1
[INFO ] 209999	Cold:0.044699,0.032092,0.148758,0.212082,0.633075,0.095946,0.131864,0.124395,-1
[INFO ] 211199	Whole:0.124654,0.099186,0.111341,0.169022,0.749999,0.100778,0.139737,0.272985,-1
[INFO ] 211199	Cold:0.043553,0.032378,0.144938,0.213037,0.634505,0.097346,0.133457,0.127459,-1
[INFO ] 212399	Whole:0.122376,0.099024,0.112040,0.169329,0.749996,0.100109,0.138906,0.269400,-1
[INFO ] 212399	Cold:0.043553,0.032951,0.146132,0.218290,0.635929,0.093644,0.131102,0.119405,-1
[INFO ] 213599	Whole:0.121888,0.098047,0.108944,0.168012,0.747958,0.101020,0.139019,0.268627,-1
[INFO ] 213599	Cold:0.041261,0.032951,0.134909,0.220201,0.635925,0.098019,0.134747,0.126011,-1
[INFO ] 214799	Whole:0.121562,0.097722,0.107730,0.165913,0.745935,0.101059,0.138310,0.267378,-1
[INFO ] 214799	Cold:0.042407,0.031805,0.139685,0.214852,0.633074,0.097724,0.133284,0.125377,-1
[INFO ] 215999	Whole:0.119284,0.098291,0.107002,0.166011,0.745124,0.100546,0.137871,0.265961,-1
[INFO ] 215999	Cold:0.041261,0.032378,0.137679,0.216619,0.633070,0.097752,0.133989,0.127699,-1
[INFO ] 1/1
[INFO ] 217199	Whole:0.120586,0.097884,0.109871,0.166234,0.740283,0.100337,0.137865,0.266981,-1
[INFO ] 217199	Cold:0.042980,0.032378,0.149045,0.216619,0.633068,0.097309,0.133453,0.125263,-1
[INFO ] 218399	Whole:0.120098,0.097966,0.109409,0.164881,0.741886,0.100436,0.137540,0.267377,-1
[INFO ] 218399	Cold:0.040688,0.032951,0.136628,0.218529,0.634499,0.096902,0.133868,0.125797,-1
[INFO ] 219599	Whole:0.119447,0.097640,0.107964,0.166136,0.743128,0.100715,0.138168,0.267557,-1
[INFO ] 219599	Cold:0.040115,0.031519,0.131471,0.211175,0.634501,0.099462,0.134294,0.131195,-1
[INFO ] 220799	Whole:0.119121,0.097803,0.104845,0.165738,0.744335,0.099490,0.136975,0.265689,-1
[INFO ] 220799	Cold:0.041261,0.031519,0.135291,0.207354,0.633068,0.097269,0.131438,0.125645,-1
[INFO ] 221999	Whole:0.119772,0.097640,0.109423,0.165058,0.745145,0.100578,0.138139,0.271032,-1
[INFO ] 221999	Cold:0.043553,0.031805,0.146848,0.210554,0.633073,0.096282,0.131401,0.123122,-1
[INFO ] 223199	Whole:0.120098,0.097803,0.108991,0.166748,0.745957,0.100591,0.138611,0.271511,-1
[INFO ] 223199	Cold:0.044699,0.032378,0.150669,0.217144,0.635933,0.097618,0.134273,0.127536,-1
[INFO ] 224399	Whole:0.120260,0.099186,0.109394,0.169408,0.747168,0.101246,0.139935,0.273480,-1
[INFO ] 224399	Cold:0.041834,0.032665,0.139207,0.220010,0.637356,0.098748,0.135512,0.128272,-1
[INFO ] 1/1
[INFO ] 225599	Whole:0.121725,0.098535,0.109810,0.168354,0.747156,0.101440,0.139885,0.272148,-1
[INFO ] 225599	Cold:0.042980,0.032665,0.143505,0.216380,0.633075,0.098585,0.134295,0.124331,-1
[INFO ] 226799	Whole:0.121725,0.097640,0.108870,0.166245,0.744729,0.101509,0.139358,0.272509,-1
[INFO ] 226799	Cold:0.043553,0.032665,0.145893,0.216380,0.633076,0.096429,0.132797,0.122624,-1
[INFO ] 227999	Whole:0.124329,0.098129,0.112113,0.164769,0.746341,0.101099,0.138551,0.269281,-1
[INFO ] 227999	Cold:0.041834,0.030659,0.138730,0.203964,0.627361,0.095365,0.128920,0.121764,-1
[INFO ] 229199	Whole:0.123678,0.098047,0.111149,0.164858,0.747146,0.100746,0.138234,0.268791,-1
[INFO ] 229199	Cold:0.042407,0.031232,0.139685,0.209456,0.630216,0.094680,0.129478,0.120486,-1
[INFO ] 230399	Whole:0.123841,0.097722,0.110748,0.164926,0.746737,0.101126,0.138400,0.269431,-1
[INFO ] 230399	Cold:0.042407,0.030946,0.139685,0.205158,0.627358,0.094082,0.128074,0.119499,-1
[INFO ] 231599	Whole:0.121888,0.096420,0.109632,0.161564,0.745924,0.098165,0.135580,0.266505,-1
[INFO ] 231599	Cold:0.040688,0.030372,0.137297,0.202436,0.625918,0.091554,0.125518,0.118364,-1
[INFO ] 1/1
[INFO ] 232799	Whole:0.122376,0.098047,0.109501,0.164557,0.744734,0.099303,0.136535,0.267035,-1
[INFO ] 232799	Cold:0.041261,0.031232,0.135387,0.208883,0.628781,0.095449,0.129974,0.122439,-1
[INFO ] 233999	Whole:0.122213,0.096908,0.112461,0.163665,0.745530,0.099778,0.136851,0.267285,-1
[INFO ] 233999	Cold:0.044699,0.031232,0.152101,0.209121,0.630226,0.097049,0.131593,0.123383,-1
[INFO ] 235199	Whole:0.121725,0.097478,0.112950,0.164642,0.746745,0.100406,0.137730,0.268662,-1
[INFO ] 235199	Cold:0.042980,0.031805,0.147708,0.210793,0.631650,0.094962,0.130509,0.121264,-1
[INFO ] 236399	Whole:0.123027,0.097803,0.113442,0.165178,0.747956,0.100542,0.138146,0.267533,-1
[INFO ] 236399	Cold:0.044699,0.031805,0.152579,0.212703,0.633082,0.096956,0.132598,0.124356,-1
[INFO ] 237599	Whole:0.121725,0.099105,0.109232,0.165071,0.748359,0.100873,0.138224,0.269684,-1
[INFO ] 237599	Cold:0.042407,0.031232,0.141500,0.205062,0.630215,0.095285,0.129285,0.120942,-1
[INFO ] 238799	Whole:0.121562,0.098698,0.110168,0.165206,0.747951,0.100127,0.137566,0.268183,-1
[INFO ] 238799	Cold:0.042980,0.031805,0.145798,0.207927,0.633071,0.095827,0.130596,0.122071,-1



[INFO ] Training: ...ssh/lastfm-hetrec/train0.2_folder_1, Testing:: .../ssh/lastfm-hetrec/test0.2_folder_1.
[DEBUG] User amount: 1752, item amount: 5992
[DEBUG] Rate amount: 48029, scales: {1.0}
[DEBUG] User amount: 1752, item amount: 5992
[DEBUG] Rate amount: 11796, scales: {1.0}
[INFO ] AsyUnifiedRanker: 30,3.6E-4,0.52,0.52,100,1600,1,100,0.42,8
[INFO ] 241199	Whole:0.119447,0.097152,0.106993,0.164603,0.742703,0.099456,0.137644,0.271735,-1
[INFO ] 241199	Cold:0.041261,0.031519,0.137775,0.204680,0.630201,0.094963,0.129088,0.123459,-1
[INFO ] 242399	Whole:0.119447,0.095932,0.106430,0.164083,0.742704,0.099855,0.137679,0.272299,-1
[INFO ] 242399	Cold:0.039542,0.032092,0.129179,0.209933,0.633059,0.095400,0.130558,0.123889,-1
[INFO ] 243599	Whole:0.119447,0.095118,0.109124,0.159189,0.737041,0.099366,0.136032,0.271761,-1
[INFO ] 243599	Cold:0.041261,0.029799,0.136342,0.196084,0.623058,0.090025,0.122874,0.117044,-1
[INFO ] 244799	Whole:0.118470,0.094874,0.108711,0.159851,0.737449,0.098702,0.135717,0.269961,-1
[INFO ] 244799	Cold:0.041834,0.029226,0.138730,0.193696,0.623061,0.090372,0.122732,0.118011,-1
[INFO ] 245999	Whole:0.117331,0.095362,0.104615,0.160578,0.740267,0.098191,0.134968,0.263925,-1
[INFO ] 245999	Cold:0.042407,0.031519,0.138348,0.207163,0.631637,0.096162,0.130900,0.126056,-1
[INFO ] 247199	Whole:0.117331,0.095362,0.104820,0.161472,0.739452,0.098388,0.135242,0.264350,-1
[INFO ] 247199	Cold:0.042980,0.030946,0.139780,0.205492,0.630216,0.097950,0.132003,0.128457,-1
[INFO ] 1/1
[INFO ] 248399	Whole:0.118959,0.096094,0.105972,0.162179,0.737845,0.099876,0.136591,0.271042,-1
[INFO ] 248399	Cold:0.041261,0.030659,0.136819,0.201242,0.627356,0.096059,0.129286,0.125549,-1
[INFO ] 249599	Whole:0.121074,0.097803,0.108717,0.165043,0.742703,0.102157,0.139110,0.274482,-1
[INFO ] 249599	Cold:0.042407,0.030659,0.139685,0.204680,0.627357,0.098136,0.131745,0.128338,-1
[INFO ] 250799	Whole:0.120260,0.096501,0.106782,0.164309,0.741090,0.101424,0.138257,0.273139,-1
[INFO ] 250799	Cold:0.041834,0.030659,0.139112,0.206590,0.627355,0.096552,0.130449,0.124252,-1
[INFO ] 251999	Whole:0.120911,0.098210,0.110078,0.164741,0.742298,0.101330,0.138537,0.270627,-1
[INFO ] 251999	Cold:0.042980,0.031805,0.146753,0.208500,0.631642,0.098238,0.133068,0.129170,-1
[INFO ] 253199	Whole:0.121074,0.098291,0.109848,0.164158,0.741895,0.101791,0.138750,0.270893,-1
[INFO ] 253199	Cold:0.042980,0.030946,0.142550,0.201815,0.627359,0.099013,0.132037,0.129412,-1
[INFO ] 254399	Whole:0.122864,0.096908,0.110806,0.161588,0.739464,0.101364,0.137815,0.272211,-1
[INFO ] 254399	Cold:0.045845,0.030372,0.153152,0.197994,0.624504,0.100487,0.132303,0.131405,-1
[INFO ] 1/1
[INFO ] 255599	Whole:0.122050,0.097722,0.111458,0.163136,0.741483,0.100627,0.137781,0.271469,-1
[INFO ] 255599	Cold:0.046418,0.031519,0.150764,0.208023,0.631645,0.090830,0.126702,0.116797,-1
[INFO ] 256799	Whole:0.120423,0.097478,0.108339,0.164612,0.741082,0.100469,0.137708,0.270812,-1
[INFO ] 256799	Cold:0.044126,0.032092,0.144078,0.212321,0.634498,0.092639,0.129276,0.120022,-1
[INFO ] 257999	Whole:0.122376,0.095606,0.112401,0.160989,0.738266,0.100390,0.136614,0.271538,-1
[INFO ] 257999	Cold:0.045272,0.030659,0.150669,0.203247,0.628785,0.091190,0.125700,0.117008,-1
[INFO ] 259199	Whole:0.122050,0.096013,0.112818,0.162199,0.739467,0.100219,0.136784,0.270164,-1
[INFO ] 259199	Cold:0.046991,0.030946,0.157354,0.201910,0.628792,0.094458,0.128563,0.122961,-1
[INFO ] 260399	Whole:0.120911,0.095932,0.112467,0.161622,0.737439,0.099111,0.135687,0.266772,-1
[INFO ] 260399	Cold:0.046991,0.030946,0.158691,0.201910,0.627365,0.095083,0.128924,0.122782,-1
[INFO ] 261599	Whole:0.120098,0.096827,0.109345,0.161145,0.738640,0.098884,0.135892,0.270505,-1
[INFO ] 261599	Cold:0.040688,0.029799,0.135864,0.195845,0.624488,0.088025,0.121406,0.114557,-1
[INFO ] 262799	Whole:0.119284,0.096257,0.106290,0.158785,0.735816,0.098567,0.134924,0.269200,-1
[INFO ] 262799	Cold:0.041261,0.029226,0.138348,0.192407,0.623067,0.092192,0.124063,0.120434,-1
[INFO ] 496799	Whole:0.119609,0.096501,0.105333,0.159978,0.738639,0.096080,0.133059,0.262114,-1
[INFO ] 496799	Cold:0.038968,0.030372,0.135626,0.206256,0.628772,0.083708,0.120000,0.108272,-1
[INFO ] 497999	Whole:0.121725,0.097478,0.109649,0.163170,0.741078,0.099113,0.137374,0.274240,-1
[INFO ] 497999	Cold:0.041261,0.031519,0.136915,0.209933,0.633061,0.088138,0.125312,0.117609,-1
[INFO ] 499199	Whole:0.122539,0.098047,0.110674,0.164233,0.741884,0.098753,0.137188,0.270451,-1
[INFO ] 499199	Cold:0.039542,0.031232,0.130134,0.206590,0.631629,0.085070,0.122003,0.112961,-1
[INFO ] 500399	Whole:0.120911,0.097071,0.107894,0.162621,0.739457,0.097306,0.135482,0.267869,-1
[INFO ] 500399	Cold:0.043553,0.031232,0.148758,0.208500,0.631637,0.088679,0.125408,0.117992,-1
[INFO ] 501599	Whole:0.119121,0.096827,0.107472,0.163205,0.739848,0.097383,0.135460,0.269455,-1
[INFO ] 501599	Cold:0.041261,0.030659,0.140735,0.211127,0.631633,0.087319,0.124069,0.113592,-1
[INFO ] 502799	Whole:0.119284,0.096176,0.107807,0.159826,0.737417,0.097437,0.134959,0.271108,-1
[INFO ] 502799	Cold:0.041261,0.031805,0.142168,0.212655,0.633059,0.086051,0.124001,0.112406,-1



