[INFO ] Training: ...zon/clothes_shoes/train0.2_folder_1, Testing:: ...azon/clothes_shoes/test0.2_folder_1.
[DEBUG] User amount: 39380, item amount: 23032
[DEBUG] Rate amount: 222942, scales: {1.0}
[DEBUG] User amount: 39380, item amount: 23032
[DEBUG] Rate amount: 55695, scales: {1.0}
[INFO ] AsyUnifiedRanker: 30,0.0042,0.42,0.42,100,1600,1,120,0.42,10
[INFO ] 1/1
[INFO ] 1/1
[INFO ] 1/1
[INFO ] 1/1
[INFO ] 200999	Whole:0.007642,0.006018,0.021309,0.033228,0.527986,0.013679,0.020875,0.022849,-1
[INFO ] 200999	Cold:0.007135,0.005590,0.020931,0.032839,0.526382,0.013382,0.020329,0.021610,-1
[INFO ] 203999	Whole:0.007642,0.005894,0.021256,0.032346,0.527634,0.013687,0.020693,0.023031,-1
[INFO ] 203999	Cold:0.006894,0.005309,0.020486,0.031149,0.525326,0.013331,0.019820,0.021376,-1
[INFO ] 206999	Whole:0.007508,0.005978,0.020876,0.033153,0.528119,0.013307,0.020568,0.022613,-1
[INFO ] 206999	Cold:0.006854,0.005505,0.020415,0.032472,0.526055,0.012903,0.019763,0.020681,-1
[INFO ] 209999	Whole:0.007461,0.006052,0.020841,0.033409,0.528287,0.013742,0.020983,0.023087,-1
[INFO ] 209999	Cold:0.007055,0.005429,0.020957,0.032148,0.525703,0.013678,0.020330,0.021821,-1
[INFO ] 212999	Whole:0.007662,0.005971,0.021467,0.033113,0.527869,0.013698,0.020872,0.022917,-1
[INFO ] 212999	Cold:0.007145,0.005435,0.021098,0.031911,0.525729,0.013170,0.019874,0.021049,-1
[INFO ] 215999	Whole:0.008125,0.006129,0.022855,0.034188,0.528706,0.014285,0.021651,0.023823,-1
[INFO ] 215999	Cold:0.007437,0.005671,0.022126,0.033684,0.526835,0.013803,0.020835,0.021946,-1
[INFO ] 218999	Whole:0.007703,0.005921,0.021188,0.032489,0.527718,0.013132,0.020306,0.022605,-1
[INFO ] 218999	Cold:0.007004,0.005399,0.020648,0.031705,0.525678,0.012720,0.019506,0.020884,-1
[INFO ] 221999	Whole:0.007776,0.006092,0.021800,0.033533,0.528488,0.014008,0.021280,0.023576,-1
[INFO ] 221999	Cold:0.007145,0.005696,0.021215,0.033148,0.526885,0.013785,0.020764,0.022240,-1
[INFO ] 224999	Whole:0.007816,0.006109,0.021551,0.033644,0.528421,0.013744,0.021097,0.023263,-1
[INFO ] 224999	Cold:0.007015,0.005505,0.020281,0.032251,0.525955,0.013314,0.020097,0.021493,-1
[INFO ] 227999	Whole:0.007683,0.006031,0.021152,0.033312,0.528287,0.013491,0.020830,0.023162,-1
[INFO ] 227999	Cold:0.007196,0.005596,0.020807,0.032816,0.526533,0.013050,0.020098,0.021518,-1
[INFO ] 230999	Whole:0.007729,0.006088,0.020981,0.033570,0.528371,0.013698,0.021055,0.023378,-1
[INFO ] 230999	Cold:0.007015,0.005641,0.020260,0.032946,0.526558,0.013248,0.020250,0.021439,-1
[INFO ] 233999	Whole:0.007810,0.006119,0.021428,0.033629,0.528471,0.013857,0.021211,0.023616,-1
[INFO ] 233999	Cold:0.007236,0.005631,0.020932,0.032770,0.526483,0.013767,0.020676,0.022371,-1
[INFO ] 236999	Whole:0.008064,0.006109,0.022101,0.033821,0.528572,0.013995,0.021340,0.023586,-1
[INFO ] 236999	Cold:0.007397,0.005676,0.021644,0.033594,0.526835,0.013722,0.020768,0.021953,-1
[INFO ] 239999	Whole:0.007904,0.006045,0.022056,0.033437,0.528086,0.013794,0.021043,0.023181,-1
[INFO ] 239999	Cold:0.007498,0.005691,0.022392,0.033782,0.526785,0.013998,0.020988,0.022041,-1
[INFO ] 242999	Whole:0.007736,0.006098,0.021303,0.033796,0.528605,0.013895,0.021266,0.023658,-1
[INFO ] 242999	Cold:0.007176,0.005706,0.021453,0.034114,0.527061,0.013816,0.020952,0.022118,-1
[INFO ] 245999	Whole:0.007917,0.006159,0.021944,0.033665,0.528639,0.013950,0.021302,0.023580,-1
[INFO ] 245999	Cold:0.007447,0.005661,0.021695,0.032684,0.526533,0.013646,0.020551,0.021997,-1
[INFO ] 248999	Whole:0.008051,0.006206,0.022654,0.034621,0.529074,0.013935,0.021463,0.023342,-1
[INFO ] 248999	Cold:0.007488,0.005696,0.022082,0.033695,0.526961,0.013564,0.020697,0.021856,-1
[INFO ] 1/1
[INFO ] 251999	Whole:0.007971,0.006199,0.021993,0.034107,0.528789,0.013676,0.021191,0.023238,-1
[INFO ] 251999	Cold:0.007246,0.005601,0.021128,0.032954,0.526382,0.013489,0.020442,0.021761,-1
[INFO ] 254999	Whole:0.008078,0.006209,0.022092,0.033924,0.529191,0.014009,0.021462,0.023910,-1
[INFO ] 254999	Cold:0.007367,0.005731,0.021863,0.033834,0.527313,0.014081,0.021150,0.022527,-1
[INFO ] 257999	Whole:0.008051,0.006196,0.022442,0.034374,0.528823,0.014118,0.021596,0.023716,-1
[INFO ] 257999	Cold:0.007568,0.005731,0.022238,0.033867,0.527112,0.014169,0.021260,0.022686,-1
[INFO ] 260999	Whole:0.007924,0.006122,0.022121,0.033852,0.528471,0.013500,0.020933,0.022791,-1
[INFO ] 260999	Cold:0.007407,0.005621,0.021853,0.032952,0.526483,0.013372,0.020358,0.021565,-1
[INFO ] 263999	Whole:0.007515,0.005978,0.020805,0.032509,0.528103,0.013405,0.020555,0.022882,-1
[INFO ] 263999	Cold:0.007045,0.005500,0.020604,0.031860,0.525955,0.013404,0.020145,0.021823,-1
[INFO ] 266999	Whole:0.007716,0.006182,0.021172,0.033828,0.528772,0.014013,0.021400,0.023789,-1
[INFO ] 266999	Cold:0.007155,0.005701,0.020993,0.033217,0.526961,0.014115,0.021082,0.022865,-1
[INFO ] 269999	Whole:0.007816,0.006169,0.021450,0.033561,0.528839,0.013789,0.021155,0.023480,-1
[INFO ] 269999	Cold:0.007256,0.005681,0.021016,0.033099,0.526860,0.013635,0.020640,0.022194,-1


[INFO ] Training: ...zon/clothes_shoes/train0.2_folder_1, Testing:: ...azon/clothes_shoes/test0.2_folder_1.
[DEBUG] User amount: 39380, item amount: 23032
[DEBUG] Rate amount: 222942, scales: {1.0}
[DEBUG] User amount: 39380, item amount: 23032
[DEBUG] Rate amount: 55695, scales: {1.0}
[INFO ] AsyUnifiedRanker: 30,0.0036,0.42,0.42,100,1600,1,200,0.42,10
[INFO ] 251999	Whole:0.008259,0.006366,0.023216,0.035346,0.529777,0.014332,0.022054,0.024193,-1
[INFO ] 251999	Cold:0.007477,0.005847,0.022368,0.034414,0.527690,0.013984,0.021228,0.022321,-1
[INFO ] 254999	Whole:0.008232,0.006376,0.023228,0.035030,0.529810,0.014884,0.022445,0.024891,-1
[INFO ] 254999	Cold:0.007568,0.005792,0.022539,0.034094,0.527364,0.014658,0.021738,0.023540,-1
[INFO ] 257999	Whole:0.008225,0.006380,0.022780,0.035115,0.529843,0.014040,0.021800,0.024071,-1
[INFO ] 257999	Cold:0.007769,0.005897,0.022992,0.034667,0.527816,0.014083,0.021434,0.022801,-1
[INFO ] 260999	Whole:0.008011,0.006286,0.022281,0.034497,0.529392,0.014048,0.021608,0.023770,-1
[INFO ] 260999	Cold:0.007377,0.005701,0.021886,0.033738,0.527011,0.013945,0.021000,0.022273,-1
[INFO ] 263999	Whole:0.008104,0.006363,0.022045,0.034820,0.529642,0.013981,0.021643,0.023861,-1
[INFO ] 263999	Cold:0.007286,0.005807,0.021293,0.034285,0.527338,0.013619,0.020889,0.022142,-1
[INFO ] 266999	Whole:0.008346,0.006477,0.023270,0.035530,0.530262,0.014214,0.022082,0.024384,-1
[INFO ] 266999	Cold:0.007588,0.005892,0.022788,0.034973,0.527791,0.013913,0.021323,0.022423,-1
[INFO ] 269999	Whole:0.008125,0.006316,0.022706,0.035329,0.529459,0.014518,0.022117,0.024159,-1
[INFO ] 269999	Cold:0.007558,0.005847,0.022368,0.034714,0.527539,0.014260,0.021517,0.022814,-1
[INFO ] 272999	Whole:0.008165,0.006232,0.022775,0.034192,0.529107,0.014507,0.021936,0.024589,-1
[INFO ] 272999	Cold:0.007548,0.005671,0.022695,0.033497,0.526634,0.014395,0.021306,0.022822,-1
[INFO ] 275999	Whole:0.008145,0.006186,0.022712,0.034112,0.528990,0.014322,0.021752,0.024454,-1
[INFO ] 275999	Cold:0.007508,0.005596,0.022321,0.033065,0.526483,0.014218,0.021116,0.023112,-1
[INFO ] 278999	Whole:0.008225,0.006269,0.022712,0.034140,0.529208,0.014351,0.021821,0.024466,-1
[INFO ] 278999	Cold:0.007437,0.005656,0.021993,0.033295,0.526508,0.013961,0.020920,0.022375,-1
[INFO ] 281999	Whole:0.007749,0.006169,0.021259,0.033884,0.528940,0.013781,0.021228,0.023499,-1
[INFO ] 281999	Cold:0.007075,0.005646,0.020749,0.033329,0.526735,0.013764,0.020735,0.022075,-1
[INFO ] 284999	Whole:0.008151,0.006323,0.022536,0.035073,0.529509,0.014618,0.022210,0.024708,-1
[INFO ] 284999	Cold:0.007457,0.005782,0.022134,0.034481,0.527288,0.014757,0.021842,0.023514,-1
[INFO ] 287999	Whole:0.008399,0.006386,0.023656,0.035258,0.529794,0.014636,0.022358,0.025135,-1
[INFO ] 287999	Cold:0.007789,0.005837,0.023497,0.035006,0.527464,0.014219,0.021578,0.022952,-1
[INFO ] 290999	Whole:0.008312,0.006484,0.023111,0.035686,0.530279,0.014391,0.022216,0.024323,-1
[INFO ] 290999	Cold:0.007639,0.005902,0.022743,0.034773,0.527766,0.014154,0.021459,0.022614,-1
[INFO ] 293999	Whole:0.008131,0.006350,0.022662,0.035064,0.529777,0.014285,0.021973,0.024242,-1
[INFO ] 293999	Cold:0.007437,0.005807,0.022369,0.034360,0.527539,0.013977,0.021224,0.022459,-1
[INFO ] 296999	Whole:0.008185,0.006313,0.022376,0.034298,0.529241,0.014372,0.021906,0.024667,-1
[INFO ] 296999	Cold:0.007337,0.005686,0.021544,0.033041,0.526609,0.013972,0.020938,0.022713,-1
[INFO ] 299999	Whole:0.008004,0.006420,0.022304,0.035358,0.529710,0.014546,0.022241,0.024588,-1
[INFO ] 299999	Cold:0.007347,0.005902,0.021739,0.034586,0.527589,0.014042,0.021370,0.022844,-1
[INFO ] 302999	Whole:0.008379,0.006386,0.023164,0.035333,0.530028,0.014529,0.022265,0.024738,-1
[INFO ] 302999	Cold:0.007568,0.005802,0.022466,0.034500,0.527565,0.014124,0.021372,0.022737,-1
[INFO ] 305999	Whole:0.008017,0.006283,0.021960,0.034148,0.529442,0.014223,0.021747,0.024463,-1
[INFO ] 305999	Cold:0.007286,0.005616,0.021038,0.032883,0.526709,0.013983,0.020909,0.022867,-1
[INFO ] 308999	Whole:0.008272,0.006427,0.022921,0.035414,0.529793,0.014942,0.022564,0.025088,-1
[INFO ] 308999	Cold:0.007477,0.005807,0.022413,0.034621,0.527414,0.014601,0.021739,0.023215,-1
[INFO ] 311999	Whole:0.008225,0.006413,0.023390,0.035468,0.529978,0.015224,0.022804,0.025386,-1
[INFO ] 311999	Cold:0.007427,0.005792,0.022342,0.034164,0.527388,0.014514,0.021610,0.023235,-1
[INFO ] 500999	Whole:0.008372,0.006410,0.023313,0.035139,0.529994,0.014749,0.022353,0.024658,-1
[INFO ] 500999	Cold:0.007729,0.005857,0.022888,0.034217,0.527540,0.014722,0.021802,0.023362,-1
[INFO ] 503999	Whole:0.008212,0.006370,0.023042,0.035183,0.529676,0.014520,0.022142,0.024252,-1
[INFO ] 503999	Cold:0.007488,0.005782,0.022397,0.034174,0.527313,0.014466,0.021554,0.023018,-1
[INFO ] 506999	Whole:0.008138,0.006413,0.022911,0.035347,0.529961,0.014858,0.022475,0.024862,-1
[INFO ] 506999	Cold:0.007457,0.005827,0.022387,0.034097,0.527464,0.014618,0.021668,0.023167,-1
[INFO ] 509999	Whole:0.007924,0.006206,0.022063,0.033895,0.529007,0.014182,0.021553,0.023844,-1
[INFO ] 509999	Cold:0.007347,0.005716,0.021702,0.033344,0.527112,0.014005,0.021003,0.022478,-1
[INFO ] 512999	Whole:0.008058,0.006266,0.022292,0.034433,0.529425,0.014412,0.021932,0.024542,-1
[INFO ] 512999	Cold:0.007488,0.005837,0.021622,0.033963,0.527615,0.013981,0.021215,0.022900,-1
[INFO ] 515999	Whole:0.008078,0.006443,0.022511,0.035290,0.530111,0.014474,0.022217,0.024713,-1
[INFO ] 515999	Cold:0.007417,0.005933,0.021813,0.034630,0.527967,0.014207,0.021554,0.023137,-1
[INFO ] 518999	Whole:0.008111,0.006159,0.022437,0.034100,0.528773,0.014011,0.021466,0.023873,-1
[INFO ] 518999	Cold:0.007508,0.005691,0.021874,0.033580,0.526735,0.013418,0.020525,0.021539,-1
[INFO ] 521999	Whole:0.008145,0.006437,0.022584,0.035293,0.529977,0.014461,0.022181,0.024473,-1
[INFO ] 521999	Cold:0.007427,0.005857,0.022157,0.034570,0.527665,0.014376,0.021588,0.022933,-1
[INFO ] 524999	Whole:0.008406,0.006453,0.022910,0.035181,0.529994,0.014271,0.022074,0.024527,-1
[INFO ] 524999	Cold:0.007820,0.005928,0.022930,0.034563,0.527690,0.014245,0.021585,0.023150,-1
[INFO ] 527999	Whole:0.008453,0.006460,0.023540,0.035346,0.530078,0.014985,0.022681,0.025385,-1
[INFO ] 527999	Cold:0.007880,0.005928,0.023160,0.034290,0.527791,0.014884,0.022064,0.023987,-1
[INFO ] 530999	Whole:0.008245,0.006480,0.023095,0.035994,0.530212,0.014899,0.022693,0.025048,-1
[INFO ] 530999	Cold:0.007538,0.005852,0.022483,0.034630,0.527640,0.014611,0.021817,0.023312,-1
[INFO ] 533999	Whole:0.008366,0.006413,0.023159,0.035253,0.529827,0.014959,0.022594,0.025269,-1
[INFO ] 533999	Cold:0.007689,0.005882,0.022544,0.034451,0.527716,0.014660,0.021833,0.023460,-1
[INFO ] 536999	Whole:0.008238,0.006420,0.022952,0.035686,0.529676,0.014697,0.022441,0.024882,-1
[INFO ] 536999	Cold:0.007568,0.005842,0.022332,0.034430,0.527288,0.014338,0.021565,0.023195,-1
[INFO ] 539999	Whole:0.008232,0.006360,0.023445,0.035047,0.529743,0.014389,0.022061,0.024355,-1
[INFO ] 539999	Cold:0.007669,0.005837,0.023050,0.034212,0.527489,0.014437,0.021614,0.023232,-1
[INFO ] 542999	Whole:0.008265,0.006407,0.022922,0.035278,0.530028,0.014539,0.022271,0.024790,-1
[INFO ] 542999	Cold:0.007528,0.005892,0.022086,0.034496,0.527766,0.014216,0.021532,0.023173,-1
[INFO ] 545999	Whole:0.008245,0.006547,0.023047,0.036186,0.530630,0.014688,0.022600,0.024874,-1
[INFO ] 545999	Cold:0.007739,0.006008,0.022768,0.035323,0.528470,0.014546,0.021994,0.023510,-1
[INFO ] 548999	Whole:0.008192,0.006319,0.022529,0.034586,0.529542,0.014560,0.022136,0.024965,-1
[INFO ] 548999	Cold:0.007417,0.005701,0.021771,0.033187,0.526961,0.013937,0.020994,0.022875,-1
[INFO ] 551999	Whole:0.008171,0.006467,0.022808,0.035845,0.530262,0.014623,0.022447,0.024828,-1
[INFO ] 551999	Cold:0.007639,0.005943,0.022556,0.035032,0.527841,0.014575,0.021915,0.023530,-1
[INFO ] 554999	Whole:0.008459,0.006574,0.023523,0.036642,0.530881,0.015154,0.023082,0.025555,-1
[INFO ] 554999	Cold:0.007649,0.006028,0.022739,0.036095,0.528646,0.014890,0.022405,0.023837,-1
[INFO ] 557999	Whole:0.008145,0.006353,0.022684,0.034672,0.529576,0.014371,0.021962,0.024454,-1
[INFO ] 557999	Cold:0.007488,0.005777,0.022063,0.033669,0.527187,0.013947,0.021075,0.022678,-1
[INFO ] 560999	Whole:0.008071,0.006316,0.022267,0.034691,0.529492,0.014349,0.021936,0.024300,-1
[INFO ] 560999	Cold:0.007518,0.005782,0.021879,0.033721,0.527213,0.013909,0.021058,0.022495,-1
[INFO ] 812999	Whole:0.008305,0.006487,0.023251,0.035787,0.530195,0.015125,0.022836,0.025306,-1
[INFO ] 812999	Cold:0.007669,0.005968,0.022698,0.035169,0.528143,0.014514,0.021907,0.023364,-1
[INFO ] 815999	Whole:0.008667,0.006544,0.023741,0.035927,0.530446,0.014711,0.022580,0.024906,-1
[INFO ] 815999	Cold:0.007981,0.006013,0.023268,0.035197,0.528244,0.014534,0.022002,0.023648,-1
[INFO ] 818999	Whole:0.008413,0.006447,0.023675,0.035672,0.529927,0.014863,0.022563,0.024870,-1
[INFO ] 818999	Cold:0.007729,0.005968,0.022948,0.035218,0.528017,0.014455,0.021807,0.022989,-1
[INFO ] 821999	Whole:0.008453,0.006541,0.022934,0.035880,0.530362,0.014484,0.022429,0.025074,-1
[INFO ] 821999	Cold:0.007709,0.005882,0.022095,0.034495,0.527640,0.013813,0.021180,0.022578,-1
[INFO ] 824999	Whole:0.008768,0.006685,0.024441,0.037280,0.531066,0.015484,0.023528,0.025910,-1
[INFO ] 824999	Cold:0.008081,0.006119,0.023543,0.036296,0.528772,0.014932,0.022590,0.024240,-1
[INFO ] 827999	Whole:0.008580,0.006541,0.023562,0.035641,0.530530,0.014713,0.022523,0.024883,-1
[INFO ] 827999	Cold:0.007840,0.005948,0.022589,0.034382,0.528067,0.014175,0.021494,0.023035,-1
[INFO ] 830999	Whole:0.008426,0.006433,0.023119,0.035152,0.530095,0.014238,0.021963,0.024153,-1
[INFO ] 830999	Cold:0.007598,0.005897,0.021953,0.034340,0.527816,0.013363,0.020730,0.021674,-1
[INFO ] 833999	Whole:0.008406,0.006273,0.023222,0.034493,0.529292,0.014579,0.022097,0.024801,-1
[INFO ] 833999	Cold:0.007890,0.005711,0.023109,0.033609,0.526911,0.014275,0.021333,0.023083,-1
[INFO ] 836999	Whole:0.008439,0.006551,0.023336,0.035803,0.530413,0.014716,0.022550,0.024971,-1
[INFO ] 836999	Cold:0.007739,0.006084,0.022851,0.035760,0.528696,0.014335,0.021909,0.023181,-1
[INFO ] 839999	Whole:0.008044,0.006360,0.022337,0.034904,0.529492,0.014254,0.021871,0.023984,-1
[INFO ] 839999	Cold:0.007578,0.005872,0.022214,0.034014,0.527489,0.013906,0.021106,0.022321,-1
[INFO ] 842999	Whole:0.008788,0.006567,0.024266,0.035744,0.530413,0.014803,0.022654,0.025180,-1
[INFO ] 842999	Cold:0.007860,0.005943,0.022990,0.034782,0.527891,0.013922,0.021368,0.022754,-1
[INFO ] 845999	Whole:0.008399,0.006470,0.023428,0.035852,0.530229,0.014701,0.022526,0.024896,-1
[INFO ] 845999	Cold:0.007769,0.005958,0.022924,0.035069,0.528118,0.014314,0.021747,0.023291,-1
[INFO ] 848999	Whole:0.008620,0.006614,0.024178,0.036668,0.531082,0.015311,0.023252,0.025812,-1
[INFO ] 848999	Cold:0.007910,0.006094,0.023542,0.036120,0.528948,0.014947,0.022525,0.024166,-1


[INFO ] Training: ...zon/clothes_shoes/train0.2_folder_1, Testing:: ...azon/clothes_shoes/test0.2_folder_1.
[DEBUG] User amount: 39380, item amount: 23032
[DEBUG] Rate amount: 222942, scales: {1.0}
[DEBUG] User amount: 39380, item amount: 23032
[DEBUG] Rate amount: 55695, scales: {1.0}
[INFO ] AsyUnifiedRanker: 30,0.0036,0.32,0.32,100,1600,1,120,0.32,10
[INFO ] 1/1
[INFO ] 1/1
[INFO ] 1/1
[INFO ] 1/1
[INFO ] 1/1
[INFO ] 251999	Whole:0.007796,0.006052,0.021737,0.033439,0.527986,0.013638,0.020927,0.023071,-1
[INFO ] 251999	Cold:0.007216,0.005525,0.021250,0.032607,0.525527,0.013554,0.020323,0.021601,-1
[INFO ] 254999	Whole:0.007629,0.005817,0.021169,0.031951,0.527132,0.013366,0.020307,0.022663,-1
[INFO ] 254999	Cold:0.007075,0.005284,0.020912,0.031152,0.524874,0.013262,0.019717,0.021177,-1
[INFO ] 257999	Whole:0.007823,0.005911,0.021911,0.032657,0.527467,0.013700,0.020766,0.023058,-1
[INFO ] 257999	Cold:0.007296,0.005460,0.021856,0.032216,0.525553,0.013581,0.020285,0.021802,-1
[INFO ] 260999	Whole:0.007549,0.005814,0.021161,0.032553,0.527115,0.013581,0.020562,0.022762,-1
[INFO ] 260999	Cold:0.006944,0.005344,0.020710,0.032034,0.525125,0.013417,0.019999,0.021272,-1
[INFO ] 263999	Whole:0.007542,0.005928,0.021545,0.033116,0.527550,0.013364,0.020510,0.022211,-1
[INFO ] 263999	Cold:0.007035,0.005460,0.021393,0.032720,0.525427,0.013396,0.020131,0.020973,-1
[INFO ] 266999	Whole:0.007689,0.005991,0.021230,0.032971,0.527668,0.013722,0.020853,0.023080,-1
[INFO ] 266999	Cold:0.007216,0.005490,0.021291,0.032500,0.525427,0.013812,0.020488,0.021887,-1
[INFO ] 269999	Whole:0.007569,0.005820,0.020803,0.031826,0.526965,0.013253,0.020197,0.022507,-1
[INFO ] 269999	Cold:0.006964,0.005248,0.020351,0.030810,0.524371,0.012937,0.019370,0.020766,-1
[INFO ] 272999	Whole:0.007401,0.005881,0.020366,0.032510,0.527333,0.013099,0.020180,0.022124,-1
[INFO ] 272999	Cold:0.006783,0.005284,0.019871,0.031309,0.524672,0.012941,0.019419,0.020492,-1
[INFO ] 275999	Whole:0.007689,0.005978,0.021361,0.032877,0.527802,0.013695,0.020825,0.023058,-1
[INFO ] 275999	Cold:0.007075,0.005429,0.020923,0.031793,0.525251,0.013597,0.020196,0.021628,-1
[INFO ] 278999	Whole:0.007850,0.005998,0.021921,0.033177,0.527885,0.013746,0.020986,0.023447,-1
[INFO ] 278999	Cold:0.007407,0.005570,0.022255,0.033361,0.525981,0.014139,0.021026,0.022612,-1
[INFO ] 281999	Whole:0.007676,0.006021,0.021339,0.033174,0.528019,0.013643,0.020863,0.023112,-1
[INFO ] 281999	Cold:0.007115,0.005429,0.021219,0.032507,0.525326,0.013744,0.020373,0.021548,-1
[INFO ] 284999	Whole:0.007696,0.005988,0.021739,0.033207,0.527969,0.013883,0.021047,0.023277,-1
[INFO ] 284999	Cold:0.007176,0.005414,0.021500,0.032128,0.525326,0.013849,0.020415,0.021804,-1
[INFO ] 287999	Whole:0.007917,0.006075,0.021765,0.033761,0.528371,0.014008,0.021313,0.023583,-1
[INFO ] 287999	Cold:0.007437,0.005596,0.021854,0.033180,0.526182,0.014258,0.021048,0.022470,-1
[INFO ] 290999	Whole:0.007555,0.005934,0.020879,0.032888,0.527701,0.013235,0.020391,0.022231,-1
[INFO ] 290999	Cold:0.006944,0.005389,0.020729,0.032129,0.525226,0.013242,0.019873,0.020805,-1
[INFO ] 293999	Whole:0.008071,0.006062,0.022695,0.033616,0.528287,0.013978,0.021248,0.023451,-1
[INFO ] 293999	Cold:0.007628,0.005485,0.022638,0.032618,0.525679,0.014303,0.020943,0.022561,-1
[INFO ] 296999	Whole:0.007562,0.005961,0.021071,0.033151,0.527918,0.013128,0.020392,0.022296,-1
[INFO ] 296999	Cold:0.006914,0.005374,0.020503,0.032272,0.525175,0.012975,0.019697,0.020671,-1
[INFO ] 299999	Whole:0.007287,0.005730,0.020482,0.031944,0.526613,0.013299,0.020115,0.021944,-1
[INFO ] 299999	Cold:0.006753,0.005299,0.020143,0.031566,0.524672,0.013595,0.019959,0.021040,-1
[INFO ] 302999	Whole:0.007669,0.006028,0.021620,0.033784,0.528019,0.013640,0.020889,0.022447,-1
[INFO ] 302999	Cold:0.006864,0.005374,0.020388,0.032081,0.524924,0.013094,0.019694,0.020482,-1
[INFO ] 305999	Whole:0.007622,0.005924,0.021020,0.032529,0.527667,0.012964,0.020143,0.022090,-1
[INFO ] 305999	Cold:0.006914,0.005379,0.020181,0.031454,0.525251,0.012523,0.019259,0.020523,-1
[INFO ] 308999	Whole:0.007542,0.005901,0.020928,0.032676,0.527266,0.013507,0.020546,0.022548,-1
[INFO ] 308999	Cold:0.006874,0.005314,0.020302,0.031568,0.524672,0.013276,0.019794,0.021144,-1
[INFO ] 311999	Whole:0.007616,0.005911,0.021174,0.032664,0.527517,0.013390,0.020498,0.022489,-1
[INFO ] 311999	Cold:0.007025,0.005480,0.020761,0.031985,0.525502,0.013282,0.019951,0.020992,-1
[INFO ] 437999	Whole:0.007904,0.006132,0.022346,0.034187,0.528772,0.014073,0.021470,0.023637,-1
[INFO ] 437999	Cold:0.007176,0.005555,0.021571,0.032937,0.526181,0.013569,0.020448,0.021700,-1
[INFO ] 440999	Whole:0.007676,0.005988,0.021285,0.033312,0.527785,0.013398,0.020616,0.022390,-1
[INFO ] 440999	Cold:0.007145,0.005445,0.020957,0.032411,0.525276,0.013336,0.020036,0.021084,-1
[INFO ] 443999	Whole:0.007723,0.006102,0.021416,0.033652,0.528370,0.013263,0.020636,0.022341,-1
[INFO ] 443999	Cold:0.007115,0.005530,0.021007,0.032567,0.525703,0.013174,0.020010,0.021069,-1
[INFO ] 446999	Whole:0.007642,0.005948,0.021007,0.032875,0.527651,0.013122,0.020353,0.022509,-1
[INFO ] 446999	Cold:0.007075,0.005460,0.020840,0.032401,0.525452,0.012909,0.019735,0.020809,-1
[INFO ] 449999	Whole:0.007756,0.006115,0.021621,0.033930,0.528337,0.013381,0.020852,0.022833,-1
[INFO ] 449999	Cold:0.007296,0.005691,0.021866,0.033770,0.526458,0.013350,0.020469,0.021378,-1



[INFO ] Training: ...zon/clothes_shoes/train0.2_folder_1, Testing:: ...azon/clothes_shoes/test0.2_folder_1.
[DEBUG] User amount: 39380, item amount: 23032
[DEBUG] Rate amount: 222942, scales: {1.0}
[DEBUG] User amount: 39380, item amount: 23032
[DEBUG] Rate amount: 55695, scales: {1.0}
[INFO ] AsyUnifiedRanker: 30,0.0036,0.36,0.36,100,1600,1,200,0.42,10
[INFO ] 1/1
[INFO ] 1/1
[INFO ] 1/1
[INFO ] 1/1
[INFO ] 1/1
[INFO ] 251999	Whole:0.008011,0.006129,0.022044,0.033859,0.528421,0.013872,0.021201,0.023164,-1
[INFO ] 251999	Cold:0.007377,0.005666,0.021434,0.033235,0.526332,0.013556,0.020522,0.021604,-1
[INFO ] 254999	Whole:0.008238,0.006249,0.022875,0.034796,0.528974,0.014504,0.022038,0.024604,-1
[INFO ] 254999	Cold:0.007568,0.005787,0.022378,0.034415,0.526961,0.014084,0.021272,0.022612,-1
[INFO ] 257999	Whole:0.008158,0.006236,0.022994,0.034646,0.528890,0.014457,0.021907,0.024148,-1
[INFO ] 257999	Cold:0.007719,0.005872,0.022849,0.034666,0.527213,0.014177,0.021418,0.022605,-1
[INFO ] 260999	Whole:0.008084,0.006242,0.022717,0.034787,0.528890,0.014533,0.021985,0.024177,-1
[INFO ] 260999	Cold:0.007397,0.005726,0.021807,0.033733,0.526609,0.014154,0.021139,0.022493,-1
[INFO ] 263999	Whole:0.007977,0.006048,0.021782,0.033423,0.528220,0.014421,0.021613,0.024393,-1
[INFO ] 263999	Cold:0.007246,0.005596,0.021094,0.032854,0.526181,0.014343,0.021098,0.022923,-1
[INFO ] 266999	Whole:0.008178,0.006175,0.022693,0.034060,0.528739,0.014241,0.021654,0.024179,-1
[INFO ] 266999	Cold:0.007417,0.005656,0.021768,0.033078,0.526584,0.013595,0.020615,0.022164,-1
[INFO ] 269999	Whole:0.008372,0.006323,0.023535,0.034992,0.529459,0.014648,0.022239,0.024709,-1
[INFO ] 269999	Cold:0.007789,0.005862,0.023071,0.034531,0.527514,0.014438,0.021652,0.023119,-1
[INFO ] 272999	Whole:0.008118,0.006206,0.022473,0.034319,0.528890,0.014213,0.021654,0.024011,-1
[INFO ] 272999	Cold:0.007598,0.005686,0.022336,0.033450,0.526509,0.014234,0.021211,0.022968,-1
[INFO ] 275999	Whole:0.008399,0.006286,0.023602,0.035022,0.529242,0.014755,0.022298,0.024751,-1
[INFO ] 275999	Cold:0.007920,0.005817,0.023384,0.034020,0.527112,0.014622,0.021743,0.023682,-1
[INFO ] 278999	Whole:0.008171,0.006189,0.022946,0.034092,0.528906,0.014380,0.021763,0.024188,-1
[INFO ] 278999	Cold:0.007628,0.005666,0.022757,0.033271,0.526659,0.014064,0.021038,0.022685,-1
[INFO ] 281999	Whole:0.008017,0.006279,0.022324,0.035112,0.529291,0.014259,0.021863,0.024025,-1
[INFO ] 281999	Cold:0.007367,0.005797,0.021651,0.034324,0.527137,0.013822,0.021025,0.022211,-1
[INFO ] 284999	Whole:0.008118,0.006199,0.022721,0.034702,0.528873,0.014384,0.021825,0.023916,-1
[INFO ] 284999	Cold:0.007789,0.005782,0.023091,0.034585,0.527112,0.014649,0.021770,0.023304,-1
[INFO ] 287999	Whole:0.008058,0.006259,0.022936,0.034772,0.529191,0.014323,0.021792,0.023726,-1
[INFO ] 287999	Cold:0.007689,0.005777,0.023348,0.034180,0.526986,0.014389,0.021424,0.022606,-1
[INFO ] 290999	Whole:0.007977,0.006115,0.022520,0.034017,0.528488,0.014351,0.021660,0.023938,-1
[INFO ] 290999	Cold:0.007447,0.005726,0.022149,0.033780,0.526961,0.014258,0.021309,0.022930,-1
[INFO ] 293999	Whole:0.008145,0.006309,0.022954,0.035319,0.529509,0.014050,0.021713,0.023404,-1
[INFO ] 293999	Cold:0.007769,0.005877,0.023085,0.035064,0.527766,0.013872,0.021269,0.022223,-1
[INFO ] 296999	Whole:0.008326,0.006353,0.023116,0.035031,0.529526,0.014738,0.022297,0.024714,-1
[INFO ] 296999	Cold:0.007649,0.005827,0.022752,0.034723,0.527313,0.014745,0.021914,0.023567,-1
[INFO ] 299999	Whole:0.008111,0.006249,0.022804,0.034580,0.529124,0.014250,0.021743,0.023949,-1
[INFO ] 299999	Cold:0.007377,0.005671,0.022059,0.033689,0.526609,0.013933,0.020939,0.022162,-1
[INFO ] 302999	Whole:0.008111,0.006356,0.022813,0.035278,0.529593,0.014660,0.022294,0.024698,-1
[INFO ] 302999	Cold:0.007528,0.005762,0.022596,0.034274,0.527062,0.014366,0.021512,0.023092,-1
[INFO ] 305999	Whole:0.008205,0.006242,0.023284,0.034313,0.529124,0.014425,0.021846,0.024084,-1
[INFO ] 305999	Cold:0.007457,0.005701,0.022482,0.033567,0.526735,0.014007,0.020993,0.022217,-1
[INFO ] 308999	Whole:0.008138,0.006410,0.022837,0.035798,0.529961,0.014250,0.022080,0.024215,-1
[INFO ] 308999	Cold:0.007548,0.005958,0.022274,0.035272,0.527967,0.013887,0.021387,0.022678,-1
[INFO ] 311999	Whole:0.008118,0.006286,0.022605,0.035070,0.529208,0.014529,0.022066,0.024365,-1
[INFO ] 311999	Cold:0.007578,0.005736,0.022352,0.034191,0.526936,0.014120,0.021207,0.022481,-1
[INFO ] 1/1
[INFO ] 314999	Whole:0.008212,0.006323,0.023170,0.035081,0.529676,0.014656,0.022230,0.024509,-1
[INFO ] 314999	Cold:0.007608,0.005847,0.022866,0.034278,0.527489,0.014562,0.021708,0.023310,-1
[INFO ] 317999	Whole:0.008339,0.006273,0.023397,0.035044,0.529342,0.015014,0.022475,0.024991,-1
[INFO ] 317999	Cold:0.007628,0.005746,0.022463,0.034217,0.527112,0.014568,0.021644,0.023278,-1
[INFO ] 320999	Whole:0.008185,0.006336,0.022645,0.034840,0.529643,0.014178,0.021839,0.024272,-1
[INFO ] 320999	Cold:0.007508,0.005897,0.022027,0.034530,0.527841,0.013882,0.021267,0.022807,-1
[INFO ] 323999	Whole:0.008104,0.006169,0.022695,0.034435,0.529007,0.014346,0.021816,0.024382,-1
[INFO ] 323999	Cold:0.007568,0.005646,0.022661,0.033829,0.526735,0.014041,0.021105,0.022648,-1
[INFO ] 326999	Whole:0.008366,0.006309,0.023031,0.034578,0.529342,0.014733,0.022265,0.025101,-1
[INFO ] 326999	Cold:0.007739,0.005817,0.022556,0.033870,0.527188,0.014296,0.021450,0.023247,-1
[INFO ] 329999	Whole:0.008232,0.006350,0.023101,0.035343,0.529710,0.014806,0.022447,0.025002,-1
[INFO ] 329999	Cold:0.007588,0.005882,0.022507,0.034832,0.527640,0.014368,0.021679,0.023229,-1
[INFO ] 332999	Whole:0.008332,0.006283,0.023296,0.034878,0.529392,0.014637,0.022175,0.024606,-1
[INFO ] 332999	Cold:0.007729,0.005807,0.022987,0.034144,0.527238,0.014498,0.021585,0.023074,-1
[INFO ] 335999	Whole:0.007863,0.006229,0.021546,0.034451,0.528940,0.013767,0.021322,0.023470,-1
[INFO ] 335999	Cold:0.007397,0.005736,0.021609,0.033917,0.526860,0.013452,0.020664,0.021917,-1
[INFO ] 338999	Whole:0.008084,0.006353,0.022959,0.035824,0.529760,0.014743,0.022394,0.024425,-1
[INFO ] 338999	Cold:0.007498,0.005746,0.022415,0.034579,0.527087,0.014563,0.021675,0.023206,-1
[INFO ] 341999	Whole:0.008118,0.006152,0.022851,0.034004,0.528806,0.014092,0.021494,0.023855,-1
[INFO ] 341999	Cold:0.007578,0.005736,0.022308,0.033810,0.527112,0.013773,0.020944,0.022473,-1
[INFO ] 344999	Whole:0.008238,0.006246,0.022574,0.034144,0.529191,0.014040,0.021580,0.024129,-1
[INFO ] 344999	Cold:0.007618,0.005701,0.022028,0.033061,0.526684,0.013647,0.020672,0.022130,-1
[INFO ] 347999	Whole:0.007957,0.006088,0.022472,0.033916,0.528572,0.014327,0.021625,0.024096,-1
[INFO ] 347999	Cold:0.007357,0.005656,0.021981,0.033637,0.526584,0.014221,0.021181,0.022684,-1
[INFO ] 350999	Whole:0.008299,0.006309,0.023028,0.035112,0.529342,0.014467,0.022054,0.024258,-1
[INFO ] 350999	Cold:0.007548,0.005822,0.022316,0.034734,0.527263,0.014186,0.021441,0.022763,-1
[INFO ] 353999	Whole:0.008071,0.006162,0.022191,0.034072,0.528823,0.014412,0.021755,0.024224,-1
[INFO ] 353999	Cold:0.007498,0.005646,0.021887,0.033237,0.526483,0.014104,0.021001,0.022520,-1
[INFO ] 356999	Whole:0.008520,0.006319,0.023677,0.034790,0.529241,0.014898,0.022425,0.025244,-1
[INFO ] 356999	Cold:0.007991,0.005797,0.023608,0.034409,0.527062,0.014890,0.022009,0.023975,-1
[INFO ] 359999	Whole:0.008091,0.006219,0.022332,0.034057,0.528923,0.014180,0.021597,0.023982,-1
[INFO ] 359999	Cold:0.007679,0.005792,0.022666,0.033977,0.527137,0.014127,0.021209,0.022358,-1
[INFO ] 362999	Whole:0.008285,0.006186,0.023246,0.034631,0.528940,0.014639,0.022109,0.024793,-1
[INFO ] 362999	Cold:0.007890,0.005731,0.023273,0.033912,0.526911,0.014342,0.021438,0.023202,-1
[INFO ] 365999	Whole:0.008205,0.006269,0.022777,0.034508,0.529208,0.014622,0.022071,0.024519,-1
[INFO ] 365999	Cold:0.007719,0.005762,0.022453,0.033598,0.527062,0.014345,0.021385,0.023183,-1
[INFO ] 368999	Whole:0.008312,0.006390,0.022799,0.035328,0.529827,0.014632,0.022356,0.025002,-1
[INFO ] 368999	Cold:0.007679,0.005968,0.022212,0.035051,0.527992,0.014396,0.021846,0.023698,-1
[INFO ] 371999	Whole:0.008165,0.006289,0.022763,0.035138,0.529442,0.014848,0.022416,0.025048,-1
[INFO ] 371999	Cold:0.007558,0.005746,0.022040,0.034048,0.526986,0.014434,0.021550,0.023424,-1
[INFO ] 1/1
[INFO ] 374999	Whole:0.008366,0.006286,0.023622,0.035055,0.529392,0.014966,0.022503,0.025213,-1
[INFO ] 374999	Cold:0.007830,0.005797,0.023213,0.034260,0.527188,0.014976,0.022025,0.023866,-1
[INFO ] 377999	Whole:0.008171,0.006279,0.022897,0.034304,0.529358,0.014847,0.022204,0.024779,-1
[INFO ] 377999	Cold:0.007679,0.005696,0.022778,0.033219,0.526886,0.014799,0.021638,0.023666,-1
[INFO ] 380999	Whole:0.008292,0.006427,0.022866,0.035079,0.529927,0.014574,0.022237,0.024776,-1
[INFO ] 380999	Cold:0.007568,0.005837,0.022157,0.034127,0.527363,0.014221,0.021368,0.022805,-1
[INFO ] 383999	Whole:0.008225,0.006232,0.022924,0.034243,0.529174,0.014460,0.021921,0.024554,-1
[INFO ] 383999	Cold:0.007548,0.005671,0.022537,0.033338,0.526710,0.014196,0.021153,0.022799,-1
[INFO ] 386999	Whole:0.008185,0.006336,0.022677,0.035238,0.529392,0.014706,0.022249,0.024490,-1
[INFO ] 386999	Cold:0.007588,0.005892,0.022457,0.035117,0.527389,0.014587,0.021806,0.022966,-1
[INFO ] 389999	Whole:0.008178,0.006303,0.022907,0.034756,0.529291,0.014780,0.022226,0.024563,-1
[INFO ] 389999	Cold:0.007498,0.005772,0.022257,0.033945,0.526936,0.014122,0.021208,0.022574,-1
[INFO ] 392999	Whole:0.008185,0.006229,0.022765,0.034683,0.529007,0.014340,0.021816,0.024025,-1
[INFO ] 392999	Cold:0.007407,0.005646,0.021968,0.033437,0.526408,0.014105,0.021057,0.022664,-1
[INFO ] 395999	Whole:0.007897,0.006293,0.021703,0.034833,0.529258,0.014394,0.021933,0.024307,-1
[INFO ] 395999	Cold:0.007397,0.005852,0.021387,0.034493,0.527564,0.013895,0.021209,0.022678,-1
[INFO ] 398999	Whole:0.008198,0.006306,0.022610,0.034835,0.529358,0.014339,0.021978,0.024614,-1
[INFO ] 398999	Cold:0.007598,0.005762,0.021941,0.033702,0.526961,0.013853,0.021036,0.022811,-1
[INFO ] 401999	Whole:0.008004,0.006269,0.022267,0.034829,0.529308,0.014308,0.021899,0.024281,-1
[INFO ] 401999	Cold:0.007437,0.005731,0.021684,0.033887,0.527112,0.013999,0.021158,0.022842,-1
[INFO ] 404999	Whole:0.008245,0.006397,0.022597,0.035075,0.529877,0.014407,0.022131,0.024811,-1
[INFO ] 404999	Cold:0.007598,0.005852,0.021821,0.034177,0.527388,0.014120,0.021382,0.023187,-1
[INFO ] 407999	Whole:0.008198,0.006430,0.022451,0.034968,0.529844,0.014750,0.022367,0.025069,-1
[INFO ] 407999	Cold:0.007518,0.005872,0.021782,0.033951,0.527464,0.014776,0.021823,0.023785,-1
[INFO ] 410999	Whole:0.008017,0.006229,0.022375,0.034211,0.528923,0.014461,0.021808,0.024024,-1
[INFO ] 410999	Cold:0.007598,0.005797,0.022004,0.033699,0.527037,0.014432,0.021430,0.023029,-1
[INFO ] 413999	Whole:0.008446,0.006350,0.023561,0.035065,0.529559,0.015218,0.022758,0.025736,-1
[INFO ] 413999	Cold:0.007769,0.005862,0.022915,0.034369,0.527313,0.014964,0.022095,0.024113,-1
[INFO ] 416999	Whole:0.008225,0.006370,0.023154,0.035332,0.529877,0.015076,0.022670,0.025334,-1
[INFO ] 416999	Cold:0.007659,0.005862,0.022774,0.034605,0.527615,0.014872,0.022044,0.023867,-1
[INFO ] 419999	Whole:0.007997,0.006162,0.022337,0.034233,0.528739,0.014124,0.021561,0.023820,-1
[INFO ] 419999	Cold:0.007538,0.005721,0.022367,0.033969,0.526886,0.014096,0.021200,0.022654,-1
[INFO ] 422999	Whole:0.008091,0.006289,0.022318,0.034690,0.529308,0.014358,0.021905,0.024268,-1
[INFO ] 422999	Cold:0.007608,0.005842,0.022071,0.034333,0.527364,0.014233,0.021459,0.023046,-1


