[INFO ] Training: ...research/ssh/yelp/train0.5_folder_1, Testing:: .../research/ssh/yelp/test0.5_folder_1.
[DEBUG] User amount: 16477, item amount: 13179
[DEBUG] Rate amount: 122555, scales: {1.0}
[DEBUG] User amount: 16477, item amount: 13179
[DEBUG] Rate amount: 117731, scales: {1.0}
[INFO ] AsyUnifiedRanker: 30,5.0E-4,0.42,0.42,100,1600,1,100,0.42,10
[INFO ] 1/1
[INFO ] 1/1
[INFO ] 1/1
[INFO ] 1/1
[INFO ] 1/1
[INFO ] 1/1
[INFO ] 1/1
[INFO ] 1/1
[INFO ] 1/1
[INFO ] 251999	Whole:0.041948,0.036518,0.031771,0.053828,0.622876,0.026730,0.045414,0.103297,-1
[INFO ] 251999	Cold:0.019521,0.016760,0.030154,0.051694,0.574502,0.019315,0.036737,0.055540,-1
[INFO ] 254999	Whole:0.042495,0.036232,0.032513,0.053767,0.622256,0.027087,0.045711,0.104141,-1
[INFO ] 254999	Cold:0.019888,0.016751,0.031098,0.051828,0.573999,0.019636,0.037070,0.056476,-1
[INFO ] 257999	Whole:0.042035,0.036313,0.032266,0.054184,0.622910,0.026827,0.045577,0.103410,-1
[INFO ] 257999	Cold:0.019888,0.016980,0.031055,0.052388,0.574915,0.019534,0.037162,0.056197,-1
[INFO ] 260999	Whole:0.041762,0.036257,0.032060,0.054570,0.622877,0.026819,0.045677,0.103341,-1
[INFO ] 260999	Cold:0.019851,0.016953,0.031053,0.052774,0.574915,0.019798,0.037456,0.056800,-1
[INFO ] 263999	Whole:0.042421,0.036195,0.032580,0.053830,0.622070,0.027028,0.045659,0.103820,-1
[INFO ] 263999	Cold:0.020585,0.016705,0.032101,0.051953,0.573771,0.019882,0.037394,0.057462,-1
[INFO ] 1/1
[INFO ] 266999	Whole:0.041699,0.036313,0.031975,0.054257,0.622722,0.027055,0.045829,0.104064,-1
[INFO ] 266999	Cold:0.019870,0.016934,0.030861,0.052655,0.574549,0.019990,0.037596,0.056979,-1
[INFO ] 269999	Whole:0.042906,0.035996,0.032480,0.054260,0.622477,0.027051,0.045945,0.105123,-1
[INFO ] 269999	Cold:0.020383,0.016879,0.031065,0.052933,0.575145,0.019859,0.037616,0.057313,-1
[INFO ] 272999	Whole:0.042259,0.036070,0.031943,0.053948,0.622009,0.026703,0.045388,0.103833,-1
[INFO ] 272999	Cold:0.019723,0.016916,0.030438,0.052495,0.574548,0.019175,0.036839,0.055729,-1
[INFO ] 275999	Whole:0.042284,0.036176,0.032951,0.054524,0.623033,0.027141,0.046003,0.104153,-1
[INFO ] 275999	Cold:0.020567,0.016943,0.032478,0.052860,0.574871,0.020272,0.037980,0.057935,-1
[INFO ] 278999	Whole:0.041873,0.035871,0.032491,0.054180,0.621824,0.026802,0.045527,0.103078,-1
[INFO ] 278999	Cold:0.020328,0.016824,0.031621,0.052682,0.574641,0.019753,0.037347,0.056465,-1
[INFO ] 281999	Whole:0.042060,0.035716,0.032738,0.053832,0.620863,0.027114,0.045677,0.103798,-1
[INFO ] 281999	Cold:0.020347,0.016659,0.031901,0.052258,0.574000,0.020247,0.037706,0.057893,-1
[INFO ] 284999	Whole:0.041562,0.035498,0.032067,0.052634,0.619620,0.026688,0.044966,0.103126,-1
[INFO ] 284999	Cold:0.020127,0.016393,0.031373,0.050980,0.572580,0.019718,0.036891,0.056767,-1
[INFO ] 287999	Whole:0.041562,0.036020,0.032071,0.053829,0.620769,0.026998,0.045452,0.102924,-1
[INFO ] 287999	Cold:0.019705,0.016907,0.030944,0.052642,0.574595,0.019859,0.037483,0.056877,-1
[INFO ] 290999	Whole:0.041500,0.035454,0.032489,0.053095,0.620363,0.026893,0.045249,0.102246,-1
[INFO ] 290999	Cold:0.019925,0.016659,0.031539,0.051689,0.573358,0.020007,0.037288,0.056736,-1
[INFO ] 293999	Whole:0.041426,0.035597,0.031663,0.053073,0.621013,0.026594,0.044938,0.102069,-1
[INFO ] 293999	Cold:0.019741,0.016595,0.030684,0.051775,0.574045,0.019599,0.036982,0.056544,-1
[INFO ] 1/1
[INFO ] 296999	Whole:0.041749,0.035560,0.031894,0.053833,0.621233,0.026510,0.045110,0.102394,-1
[INFO ] 296999	Cold:0.019833,0.016842,0.030902,0.052708,0.574503,0.019590,0.037217,0.056186,-1


[INFO ] Training: ...research/ssh/yelp/train0.5_folder_1, Testing:: .../research/ssh/yelp/test0.5_folder_1.
[DEBUG] User amount: 16477, item amount: 13179
[DEBUG] Rate amount: 122555, scales: {1.0}
[DEBUG] User amount: 16477, item amount: 13179
[DEBUG] Rate amount: 117731, scales: {1.0}
[INFO ] AsyUnifiedRanker: 30,5.0E-4,0.4,0.4,100,1600,1,100,0.42,10
[INFO ] 1/1
[INFO ] 1/1
[INFO ] 1/1
[INFO ] 1/1
[INFO ] 1/1
[INFO ] 1/1
[INFO ] 1/1
[INFO ] 1/1
[INFO ] 1/1
[INFO ] 251999	Whole:0.042110,0.035977,0.032477,0.053884,0.622042,0.027100,0.045546,0.102229,-1
[INFO ] 251999	Cold:0.020383,0.017072,0.032056,0.052545,0.575786,0.020219,0.037856,0.057603,-1
[INFO ] 254999	Whole:0.042073,0.035716,0.032469,0.053615,0.622290,0.027173,0.045627,0.103728,-1
[INFO ] 254999	Cold:0.020365,0.016861,0.031578,0.052459,0.575694,0.020162,0.037827,0.058464,-1
[INFO ] 257999	Whole:0.042010,0.036145,0.032683,0.054711,0.623377,0.027305,0.046071,0.103302,-1
[INFO ] 257999	Cold:0.020640,0.017246,0.032225,0.053446,0.576611,0.020514,0.038451,0.058640,-1
[INFO ] 260999	Whole:0.041475,0.035784,0.031241,0.053794,0.622011,0.027037,0.045569,0.103367,-1
[INFO ] 260999	Cold:0.019815,0.017118,0.030636,0.052784,0.575694,0.020356,0.038101,0.058721,-1
[INFO ] 263999	Whole:0.042110,0.035709,0.032657,0.053911,0.622260,0.027074,0.045670,0.103875,-1
[INFO ] 263999	Cold:0.020732,0.016998,0.032264,0.052976,0.575558,0.020335,0.038054,0.058048,-1
[INFO ] 1/1
[INFO ] 266999	Whole:0.042097,0.036002,0.032642,0.054104,0.622664,0.027254,0.045900,0.104308,-1
[INFO ] 266999	Cold:0.020659,0.017136,0.032375,0.052874,0.576061,0.020331,0.038144,0.058448,-1
[INFO ] 269999	Whole:0.041774,0.035759,0.032233,0.054435,0.622260,0.027015,0.045630,0.102933,-1
[INFO ] 269999	Cold:0.020273,0.017246,0.031641,0.053782,0.576610,0.020219,0.038151,0.057516,-1
[INFO ] 272999	Whole:0.041674,0.035722,0.032637,0.054082,0.622323,0.027137,0.045689,0.103007,-1
[INFO ] 272999	Cold:0.020604,0.017191,0.032484,0.053322,0.576840,0.020410,0.038310,0.058266,-1
[INFO ] 275999	Whole:0.041799,0.035467,0.032440,0.053597,0.621299,0.027122,0.045536,0.102974,-1
[INFO ] 275999	Cold:0.020659,0.017053,0.032035,0.052677,0.575695,0.020579,0.038287,0.058936,-1
[INFO ] 278999	Whole:0.041749,0.035809,0.031847,0.054223,0.622321,0.027382,0.045973,0.104657,-1
[INFO ] 278999	Cold:0.020072,0.017145,0.031345,0.053385,0.576656,0.020523,0.038446,0.059268,-1
[INFO ] 281999	Whole:0.041799,0.035529,0.032562,0.053281,0.620676,0.027208,0.045391,0.102719,-1
[INFO ] 281999	Cold:0.020824,0.016888,0.032502,0.052224,0.574733,0.020504,0.038007,0.058209,-1
[INFO ] 284999	Whole:0.042060,0.035554,0.032530,0.053936,0.622290,0.027150,0.045500,0.102684,-1
[INFO ] 284999	Cold:0.020402,0.016971,0.031958,0.053022,0.576061,0.020415,0.038045,0.057701,-1
[INFO ] 287999	Whole:0.041973,0.035230,0.032466,0.052842,0.620178,0.026770,0.044939,0.102458,-1
[INFO ] 287999	Cold:0.020549,0.016595,0.032027,0.051643,0.573771,0.019939,0.037263,0.057172,-1
[INFO ] 290999	Whole:0.042023,0.035610,0.032458,0.053443,0.622013,0.027165,0.045682,0.103791,-1
[INFO ] 290999	Cold:0.020494,0.017081,0.031840,0.052153,0.576244,0.020548,0.038235,0.059252,-1
[INFO ] 293999	Whole:0.040829,0.035193,0.031418,0.053306,0.620583,0.026724,0.044951,0.101256,-1
[INFO ] 293999	Cold:0.019668,0.016833,0.030836,0.052368,0.574869,0.020117,0.037578,0.057051,-1
[INFO ] 1/1
[INFO ] 296999	Whole:0.041015,0.035622,0.031582,0.053698,0.621699,0.026744,0.045238,0.102367,-1
[INFO ] 296999	Cold:0.019980,0.016962,0.030929,0.052626,0.575740,0.019925,0.037664,0.057910,-1
[INFO ] 299999	Whole:0.041712,0.035224,0.032693,0.053571,0.620957,0.027066,0.045548,0.103403,-1
[INFO ] 299999	Cold:0.020420,0.017026,0.032350,0.052695,0.575649,0.020641,0.038409,0.059465,-1
[INFO ] 302999	Whole:0.041177,0.035100,0.031741,0.052024,0.619371,0.026344,0.044345,0.101485,-1
[INFO ] 302999	Cold:0.020328,0.016466,0.031480,0.050799,0.573221,0.019640,0.036821,0.056858,-1
[INFO ] 305999	Whole:0.040928,0.034814,0.031178,0.051989,0.619617,0.026230,0.044207,0.101013,-1
[INFO ] 305999	Cold:0.019613,0.016421,0.030485,0.050947,0.573267,0.019531,0.036731,0.056547,-1
[INFO ] 308999	Whole:0.041587,0.035056,0.032232,0.052105,0.619093,0.026724,0.044714,0.102128,-1
[INFO ] 308999	Cold:0.020420,0.016494,0.031950,0.051052,0.573359,0.020081,0.037371,0.058351,-1
[INFO ] 311999	Whole:0.041003,0.034863,0.031798,0.052275,0.618660,0.026501,0.044488,0.101211,-1
[INFO ] 311999	Cold:0.020292,0.016466,0.031772,0.051114,0.573542,0.019947,0.037188,0.057523,-1
[INFO ] 314999	Whole:0.041052,0.034982,0.031832,0.052440,0.619465,0.026416,0.044478,0.100973,-1
[INFO ] 314999	Cold:0.019943,0.016292,0.031471,0.051026,0.572763,0.019674,0.036881,0.057322,-1
[INFO ] 317999	Whole:0.041202,0.035000,0.031286,0.052001,0.619836,0.026605,0.044543,0.102327,-1
[INFO ] 317999	Cold:0.020145,0.016521,0.030743,0.050726,0.574136,0.019906,0.037110,0.057833,-1
[INFO ] 320999	Whole:0.040381,0.034708,0.031037,0.052118,0.618504,0.026290,0.044167,0.100425,-1
[INFO ] 320999	Cold:0.019741,0.016402,0.030707,0.051081,0.573129,0.019755,0.036940,0.057299,-1
[INFO ] 323999	Whole:0.040580,0.035031,0.031042,0.052530,0.619219,0.026610,0.044603,0.101296,-1
[INFO ] 323999	Cold:0.019925,0.016696,0.030380,0.051581,0.574274,0.019914,0.037281,0.057427,-1


[INFO ] Training: ...research/ssh/yelp/train0.5_folder_1, Testing:: .../research/ssh/yelp/test0.5_folder_1.
[DEBUG] User amount: 16477, item amount: 13179
[DEBUG] Rate amount: 122555, scales: {1.0}
[DEBUG] User amount: 16477, item amount: 13179
[DEBUG] Rate amount: 117731, scales: {1.0}
[INFO ] AsyUnifiedRanker: 30,5.0E-4,0.38,0.38,100,1600,1,100,0.42,10
[INFO ] 1/1
[INFO ] 1/1
[INFO ] 1/1
[INFO ] 1/1
[INFO ] 1/1
[INFO ] 1/1
[INFO ] 1/1
[INFO ] 1/1
[INFO ] 1/1
[INFO ] 251999	Whole:0.040940,0.034888,0.031669,0.052061,0.618843,0.025604,0.043370,0.097947,-1
[INFO ] 251999	Cold:0.020072,0.016622,0.031595,0.051263,0.573540,0.018627,0.035888,0.053853,-1
[INFO ] 254999	Whole:0.040580,0.034826,0.030878,0.052159,0.619587,0.025872,0.043681,0.099112,-1
[INFO ] 254999	Cold:0.019356,0.016641,0.030097,0.051499,0.573814,0.019097,0.036271,0.054275,-1
[INFO ] 257999	Whole:0.040829,0.034615,0.031723,0.051751,0.617663,0.025868,0.043494,0.098813,-1
[INFO ] 257999	Cold:0.020145,0.016338,0.031589,0.050616,0.572441,0.019026,0.035975,0.054270,-1
[INFO ] 260999	Whole:0.040829,0.034702,0.031080,0.051885,0.618937,0.025701,0.043452,0.098510,-1
[INFO ] 260999	Cold:0.019539,0.016696,0.030593,0.051577,0.574455,0.018876,0.036181,0.054321,-1
[INFO ] 263999	Whole:0.040455,0.034546,0.031403,0.051491,0.618191,0.025786,0.043459,0.098484,-1
[INFO ] 263999	Cold:0.019851,0.016430,0.031381,0.050811,0.573312,0.019068,0.036169,0.054676,-1
[INFO ] 1/1
[INFO ] 266999	Whole:0.040629,0.035131,0.031420,0.052887,0.620641,0.025982,0.044024,0.098743,-1
[INFO ] 266999	Cold:0.019778,0.017017,0.031312,0.052577,0.575418,0.019397,0.036931,0.054844,-1
[INFO ] 269999	Whole:0.040729,0.034646,0.031220,0.052128,0.618812,0.026059,0.043836,0.099396,-1
[INFO ] 269999	Cold:0.019870,0.016613,0.031085,0.051748,0.573953,0.019508,0.036791,0.055543,-1
[INFO ] 272999	Whole:0.040256,0.034515,0.031205,0.051491,0.618655,0.025548,0.043256,0.098318,-1
[INFO ] 272999	Cold:0.019539,0.016421,0.030903,0.050739,0.573081,0.018876,0.035889,0.053908,-1
[INFO ] 275999	Whole:0.039846,0.034826,0.031377,0.052202,0.618873,0.025717,0.043603,0.097672,-1
[INFO ] 275999	Cold:0.019851,0.016650,0.031453,0.051488,0.574044,0.019144,0.036364,0.054346,-1
[INFO ] 278999	Whole:0.040169,0.034702,0.031091,0.051711,0.618097,0.025529,0.043232,0.097625,-1
[INFO ] 278999	Cold:0.019356,0.016567,0.030728,0.051239,0.573265,0.018891,0.036043,0.053959,-1


[INFO ] Training: ...research/ssh/yelp/train0.5_folder_1, Testing:: .../research/ssh/yelp/test0.5_folder_1.
[DEBUG] User amount: 16477, item amount: 13179
[DEBUG] Rate amount: 122555, scales: {1.0}
[DEBUG] User amount: 16477, item amount: 13179
[DEBUG] Rate amount: 117731, scales: {1.0}
[INFO ] AsyUnifiedRanker: 30,4.2E-4,0.4,0.4,100,1600,1,100,0.42,10
[INFO ] 1/1
[INFO ] 1/1
[INFO ] 1/1
[INFO ] 1/1
[INFO ] 1/1
[INFO ] 1/1
[INFO ] 1/1
[INFO ] 1/1
[INFO ] 1/1
[INFO ] 251999	Whole:0.042458,0.035890,0.032154,0.053007,0.620708,0.026664,0.044923,0.103019,-1
[INFO ] 251999	Cold:0.020145,0.016613,0.031243,0.051035,0.572579,0.019227,0.036373,0.055193,-1
[INFO ] 254999	Whole:0.042222,0.035809,0.031737,0.053170,0.621049,0.026428,0.044670,0.101965,-1
[INFO ] 254999	Cold:0.019760,0.016632,0.030994,0.051473,0.573311,0.019155,0.036393,0.054862,-1
[INFO ] 257999	Whole:0.042309,0.035691,0.032032,0.052565,0.620367,0.026557,0.044765,0.103475,-1
[INFO ] 257999	Cold:0.020017,0.016402,0.031263,0.050497,0.572396,0.018922,0.036005,0.054864,-1
[INFO ] 260999	Whole:0.042545,0.035784,0.032285,0.052873,0.620150,0.026799,0.044931,0.102934,-1
[INFO ] 260999	Cold:0.019925,0.016613,0.031281,0.051267,0.573541,0.019372,0.036632,0.055853,-1
[INFO ] 263999	Whole:0.042433,0.035728,0.032126,0.052619,0.620149,0.026669,0.044858,0.103110,-1
[INFO ] 263999	Cold:0.020127,0.016411,0.031089,0.050751,0.572717,0.019226,0.036394,0.056000,-1
[INFO ] 1/1
[INFO ] 266999	Whole:0.042247,0.035716,0.032064,0.053133,0.620615,0.026667,0.045053,0.102903,-1
[INFO ] 266999	Cold:0.019796,0.016714,0.030989,0.051450,0.573770,0.019337,0.036700,0.055968,-1
[INFO ] 269999	Whole:0.042122,0.035728,0.031777,0.053132,0.620551,0.026807,0.045065,0.103028,-1
[INFO ] 269999	Cold:0.019778,0.016714,0.030604,0.051507,0.573449,0.019323,0.036613,0.055379,-1
[INFO ] 272999	Whole:0.042495,0.035915,0.031979,0.053794,0.621299,0.027127,0.045582,0.104377,-1
[INFO ] 272999	Cold:0.020072,0.016870,0.030986,0.052548,0.574366,0.019765,0.037399,0.057044,-1
[INFO ] 275999	Whole:0.042744,0.035958,0.032485,0.053613,0.621889,0.026781,0.045367,0.103661,-1
[INFO ] 275999	Cold:0.020457,0.016870,0.032128,0.052407,0.574916,0.019490,0.037185,0.056773,-1
[INFO ] 278999	Whole:0.042110,0.035958,0.031867,0.053432,0.622322,0.026971,0.045436,0.104380,-1
[INFO ] 278999	Cold:0.020090,0.016879,0.031219,0.051956,0.575098,0.019626,0.037172,0.056920,-1
[INFO ] 281999	Whole:0.042371,0.035940,0.032112,0.053906,0.621329,0.026893,0.045398,0.103002,-1
[INFO ] 281999	Cold:0.020237,0.016916,0.031498,0.052577,0.574457,0.019586,0.037198,0.056380,-1
[INFO ] 284999	Whole:0.042160,0.035672,0.032055,0.053302,0.621173,0.026853,0.045180,0.102970,-1
[INFO ] 284999	Cold:0.020200,0.016622,0.031456,0.051627,0.573541,0.019637,0.036909,0.056245,-1
[INFO ] 287999	Whole:0.042035,0.035641,0.032013,0.053738,0.621702,0.026742,0.045283,0.102919,-1
[INFO ] 287999	Cold:0.020218,0.016797,0.031561,0.052444,0.574549,0.019637,0.037227,0.056621,-1
[INFO ] 290999	Whole:0.041426,0.035952,0.031407,0.053865,0.620864,0.026718,0.045251,0.103166,-1
[INFO ] 290999	Cold:0.019668,0.016971,0.030551,0.052337,0.574365,0.019111,0.036690,0.055175,-1
[INFO ] 293999	Whole:0.041749,0.035759,0.031864,0.053521,0.620833,0.026622,0.045183,0.103024,-1
[INFO ] 293999	Cold:0.020145,0.016806,0.031383,0.052011,0.574320,0.019405,0.036963,0.056373,-1
[INFO ] 1/1
[INFO ] 296999	Whole:0.041625,0.035660,0.031511,0.053085,0.620180,0.026745,0.044981,0.103052,-1
[INFO ] 296999	Cold:0.019980,0.016723,0.030826,0.051686,0.573953,0.019372,0.036735,0.055754,-1
[INFO ] 299999	Whole:0.041973,0.035884,0.031512,0.053658,0.620522,0.026845,0.045286,0.102998,-1
[INFO ] 299999	Cold:0.019778,0.016696,0.030620,0.051686,0.573495,0.019439,0.036878,0.056532,-1
[INFO ] 302999	Whole:0.041936,0.035740,0.031761,0.053717,0.620708,0.026708,0.045055,0.101885,-1
[INFO ] 302999	Cold:0.019906,0.016962,0.030897,0.052477,0.574365,0.019477,0.037062,0.055809,-1
[INFO ] 305999	Whole:0.041712,0.035380,0.032008,0.053314,0.620182,0.026326,0.044697,0.101342,-1
[INFO ] 305999	Cold:0.020383,0.016824,0.031780,0.052389,0.574549,0.019229,0.036818,0.055583,-1
[INFO ] 308999	Whole:0.041687,0.035678,0.031830,0.053691,0.621423,0.026780,0.045253,0.102778,-1
[INFO ] 308999	Cold:0.020108,0.016898,0.031124,0.052517,0.574823,0.019607,0.037225,0.056595,-1
[INFO ] 311999	Whole:0.041774,0.035635,0.032035,0.053631,0.620461,0.026741,0.045144,0.101862,-1
[INFO ] 311999	Cold:0.020072,0.016797,0.031340,0.052475,0.574000,0.019582,0.037115,0.055754,-1
[INFO ] 314999	Whole:0.042073,0.035429,0.032148,0.053333,0.619996,0.026750,0.044962,0.102513,-1
[INFO ] 314999	Cold:0.020347,0.016962,0.031635,0.052567,0.574686,0.019362,0.036999,0.055565,-1
[INFO ] 317999	Whole:0.041488,0.035635,0.031107,0.053300,0.620956,0.026795,0.045107,0.102811,-1
[INFO ] 317999	Cold:0.019705,0.016815,0.030437,0.051601,0.574457,0.019370,0.036832,0.056196,-1
[INFO ] 320999	Whole:0.042097,0.035318,0.032011,0.052693,0.619188,0.026671,0.044777,0.102051,-1
[INFO ] 320999	Cold:0.020494,0.016687,0.031544,0.051380,0.573633,0.019468,0.036788,0.055983,-1
[INFO ] 323999	Whole:0.041077,0.035442,0.031029,0.053566,0.619996,0.026565,0.044933,0.101723,-1
[INFO ] 323999	Cold:0.019338,0.016907,0.030119,0.052524,0.575052,0.019357,0.036988,0.055720,-1



[INFO ] Training: ...research/ssh/yelp/train0.5_folder_1, Testing:: .../research/ssh/yelp/test0.5_folder_1.
[DEBUG] User amount: 16477, item amount: 13179
[DEBUG] Rate amount: 122555, scales: {1.0}
[DEBUG] User amount: 16477, item amount: 13179
[DEBUG] Rate amount: 117731, scales: {1.0}
[INFO ] AsyUnifiedRanker: 30,4.2E-4,0.4,0.4,100,1600,1,100,0.42,10
[INFO ] 1/1
[INFO ] 1/1
[INFO ] 1/1
[INFO ] 1/1
[INFO ] 1/1
[INFO ] 1/1
[INFO ] 1/1
[INFO ] 1/1
[INFO ] 1/1
[INFO ] 251999	Whole:0.042147,0.035964,0.032519,0.054080,0.890268,0.026640,0.045268,0.102054,-1
[INFO ] 251999	Cold:0.020769,0.017292,0.031985,0.053372,0.883876,0.019863,0.037902,0.057609,-1
[INFO ] 254999	Whole:0.042508,0.036089,0.032403,0.053837,0.890041,0.026634,0.045132,0.102204,-1
[INFO ] 254999	Cold:0.020714,0.017246,0.031696,0.052912,0.883904,0.019451,0.037379,0.056476,-1
[INFO ] 257999	Whole:0.042458,0.036076,0.032967,0.054591,0.890105,0.026971,0.045767,0.102858,-1
[INFO ] 257999	Cold:0.020989,0.017485,0.032321,0.053934,0.883907,0.020274,0.038385,0.058132,-1
[INFO ] 260999	Whole:0.041737,0.035921,0.032307,0.054191,0.890005,0.026543,0.045162,0.101529,-1
[INFO ] 260999	Cold:0.020255,0.017310,0.031552,0.053635,0.883839,0.019555,0.037599,0.056803,-1
[INFO ] 263999	Whole:0.041475,0.036145,0.031732,0.054320,0.889836,0.026545,0.045366,0.102182,-1
[INFO ] 263999	Cold:0.019925,0.017365,0.030856,0.053377,0.883690,0.019605,0.037645,0.057038,-1
[INFO ] 1/1
[INFO ] 266999	Whole:0.041936,0.035983,0.032419,0.054064,0.889543,0.026731,0.045436,0.103184,-1
[INFO ] 266999	Cold:0.020677,0.017384,0.031819,0.053366,0.883365,0.019842,0.037989,0.058302,-1
[INFO ] 269999	Whole:0.042520,0.036325,0.032532,0.054611,0.889423,0.027253,0.045965,0.103883,-1
[INFO ] 269999	Cold:0.020842,0.017485,0.032028,0.053666,0.883193,0.020304,0.038466,0.058861,-1
[INFO ] 272999	Whole:0.041575,0.035896,0.031753,0.054256,0.889341,0.026574,0.045227,0.102151,-1
[INFO ] 272999	Cold:0.019961,0.017274,0.030783,0.053383,0.883121,0.019676,0.037668,0.057043,-1
[INFO ] 275999	Whole:0.041674,0.036263,0.032042,0.054780,0.889256,0.026813,0.045536,0.101121,-1
[INFO ] 275999	Cold:0.020255,0.017375,0.031370,0.053632,0.883079,0.020012,0.037985,0.057197,-1
[INFO ] 278999	Whole:0.042346,0.036350,0.032559,0.055013,0.888996,0.027335,0.046199,0.103753,-1
[INFO ] 278999	Cold:0.020879,0.017448,0.031955,0.053951,0.882872,0.020624,0.038800,0.059466,-1
[INFO ] 281999	Whole:0.041401,0.036151,0.031457,0.054296,0.888802,0.026491,0.045174,0.101816,-1
[INFO ] 281999	Cold:0.020127,0.017228,0.030805,0.053234,0.882629,0.019477,0.037419,0.056494,-1
[INFO ] 284999	Whole:0.041363,0.035890,0.031801,0.054620,0.888614,0.026798,0.045437,0.102470,-1
[INFO ] 284999	Cold:0.020200,0.017329,0.031215,0.053839,0.882330,0.020004,0.038074,0.057591,-1
[INFO ] 287999	Whole:0.041015,0.035896,0.031357,0.053993,0.888380,0.026519,0.045169,0.102409,-1
[INFO ] 287999	Cold:0.020090,0.017283,0.030852,0.053067,0.882068,0.019816,0.037751,0.057587,-1
[INFO ] 290999	Whole:0.041985,0.036008,0.032129,0.054389,0.888054,0.026480,0.045203,0.101476,-1
[INFO ] 290999	Cold:0.020127,0.017393,0.031174,0.053614,0.881871,0.019532,0.037626,0.056702,-1
[INFO ] 293999	Whole:0.041849,0.035952,0.032176,0.054230,0.887639,0.026711,0.045387,0.102878,-1
[INFO ] 293999	Cold:0.020457,0.017347,0.031645,0.053403,0.881516,0.019742,0.037868,0.057956,-1
[INFO ] 1/1
[INFO ] 296999	Whole:0.041849,0.036139,0.032241,0.054802,0.887433,0.026684,0.045497,0.102283,-1
[INFO ] 296999	Cold:0.020383,0.017540,0.031475,0.054109,0.881193,0.019678,0.037976,0.057461,-1
[INFO ] 299999	Whole:0.041426,0.035772,0.031493,0.054169,0.887077,0.026452,0.045052,0.101487,-1
[INFO ] 299999	Cold:0.019925,0.017338,0.030400,0.053368,0.880889,0.019555,0.037531,0.056581,-1
[INFO ] 302999	Whole:0.041326,0.036070,0.032126,0.054463,0.886898,0.026765,0.045346,0.101246,-1
[INFO ] 302999	Cold:0.020108,0.017320,0.031472,0.053453,0.880401,0.019886,0.037806,0.056867,-1
[INFO ] 305999	Whole:0.041376,0.035796,0.032233,0.054270,0.886444,0.026507,0.045090,0.101228,-1
[INFO ] 305999	Cold:0.020475,0.017237,0.031727,0.053287,0.880244,0.019706,0.037684,0.057309,-1
[INFO ] 308999	Whole:0.040866,0.035560,0.031284,0.054249,0.886343,0.026286,0.044843,0.101307,-1
[INFO ] 308999	Cold:0.019961,0.017329,0.030697,0.053819,0.879854,0.019627,0.037765,0.057277,-1
[INFO ] 311999	Whole:0.040381,0.035467,0.031361,0.053590,0.886044,0.026081,0.044625,0.100903,-1
[INFO ] 311999	Cold:0.020127,0.017081,0.030920,0.052560,0.879650,0.019403,0.037211,0.056672,-1
[INFO ] 314999	Whole:0.041028,0.035591,0.031691,0.053523,0.885687,0.026015,0.044516,0.100192,-1
[INFO ] 314999	Cold:0.019998,0.017099,0.031015,0.052657,0.879425,0.019359,0.037138,0.056140,-1
[INFO ] 317999	Whole:0.040430,0.035554,0.030828,0.053873,0.885363,0.026505,0.044912,0.101921,-1
[INFO ] 317999	Cold:0.019374,0.017072,0.029986,0.053096,0.879070,0.019586,0.037416,0.056677,-1
[INFO ] 320999	Whole:0.040891,0.035442,0.031558,0.053362,0.884995,0.026054,0.044456,0.100313,-1
[INFO ] 320999	Cold:0.019906,0.016989,0.030924,0.052657,0.878772,0.019325,0.037046,0.055948,-1
[INFO ] 323999	Whole:0.040368,0.035653,0.031318,0.053823,0.884693,0.026326,0.044826,0.101025,-1
[INFO ] 323999	Cold:0.019411,0.017164,0.030397,0.053108,0.878178,0.019692,0.037581,0.057197,-1
[INFO ] 1/1
[INFO ] 326999	Whole:0.040791,0.034851,0.031202,0.052839,0.884354,0.026043,0.044219,0.100476,-1
[INFO ] 326999	Cold:0.019558,0.016907,0.030512,0.052411,0.877873,0.019545,0.037179,0.056403,-1
[INFO ] 329999	Whole:0.040928,0.035230,0.031197,0.052860,0.884166,0.026236,0.044503,0.101287,-1
[INFO ] 329999	Cold:0.019851,0.016751,0.030238,0.051702,0.877779,0.019463,0.036947,0.056683,-1
[INFO ] 332999	Whole:0.041164,0.035784,0.031423,0.054461,0.883987,0.026672,0.045328,0.101844,-1
[INFO ] 332999	Cold:0.019705,0.017219,0.030203,0.053828,0.877471,0.019923,0.037935,0.057438,-1
[INFO ] 335999	Whole:0.041500,0.035616,0.031420,0.053341,0.883587,0.026407,0.044775,0.100893,-1
[INFO ] 335999	Cold:0.019925,0.017127,0.030421,0.052592,0.877063,0.019684,0.037506,0.057138,-1
[INFO ] 338999	Whole:0.041077,0.035398,0.031553,0.053127,0.883204,0.026553,0.044861,0.101652,-1
[INFO ] 338999	Cold:0.019796,0.016989,0.030665,0.052349,0.876594,0.019755,0.037477,0.057475,-1
[INFO ] 341999	Whole:0.040841,0.035230,0.031282,0.053063,0.882836,0.026177,0.044357,0.101042,-1
[INFO ] 341999	Cold:0.019613,0.016879,0.030370,0.052138,0.876291,0.019413,0.037003,0.056537,-1
[INFO ] 344999	Whole:0.040455,0.035199,0.030690,0.052593,0.882593,0.025992,0.044082,0.099723,-1
[INFO ] 344999	Cold:0.019319,0.016714,0.029700,0.051193,0.875941,0.019149,0.036465,0.055503,-1
[INFO ] 347999	Whole:0.040269,0.035056,0.030819,0.052813,0.882218,0.025794,0.043830,0.098894,-1
[INFO ] 347999	Cold:0.019576,0.016659,0.030059,0.052064,0.875433,0.019183,0.036615,0.055367,-1
[INFO ] 350999	Whole:0.040729,0.034907,0.031378,0.052189,0.881902,0.025732,0.043756,0.099608,-1
[INFO ] 350999	Cold:0.019925,0.016641,0.031076,0.051238,0.875036,0.019074,0.036456,0.055661,-1
[INFO ] 353999	Whole:0.040853,0.035075,0.031463,0.052772,0.881574,0.025846,0.043908,0.098699,-1
[INFO ] 353999	Cold:0.019668,0.016723,0.030610,0.051758,0.874652,0.019157,0.036584,0.055275,-1



