[INFO ] Training: ...earch/ssh/epinion/train0.2_folder_1, Testing:: ...search/ssh/epinion/test0.2_folder_1.
[DEBUG] User amount: 38451, item amount: 123271
[DEBUG] Rate amount: 531860, scales: {1.0}
[DEBUG] User amount: 38451, item amount: 123271
[DEBUG] Rate amount: 113693, scales: {1.0}
[INFO ] AsyUnifiedRanker: 30,5.0E-4,0.28,0.28,100,3200,1,100,0.42,10
[INFO ] 1359999	Whole:0.029476,0.023928,0.036640,0.057544,0.592474,0.025900,0.043902,0.078867,-1
[INFO ] 1359999	Cold:0.011590,0.009008,0.037754,0.058914,0.542301,0.025136,0.036223,0.036530,-1
[INFO ] 1364999	Whole:0.029583,0.024010,0.036972,0.057455,0.592597,0.026085,0.044065,0.079101,-1
[INFO ] 1364999	Cold:0.012151,0.008994,0.039553,0.059039,0.542091,0.026179,0.037102,0.037791,-1
[INFO ] 1369999	Whole:0.029525,0.024014,0.037193,0.057763,0.592659,0.026036,0.044113,0.079101,-1
[INFO ] 1369999	Cold:0.012291,0.009092,0.039468,0.059536,0.542862,0.025696,0.036887,0.037472,-1
[INFO ] 1374999	Whole:0.029673,0.023989,0.037488,0.057462,0.592720,0.025957,0.043977,0.079109,-1
[INFO ] 1374999	Cold:0.012319,0.008994,0.040277,0.059167,0.542091,0.025339,0.036470,0.036730,-1
[INFO ] 1379999	Whole:0.029984,0.023907,0.037602,0.057289,0.592064,0.026171,0.044072,0.079476,-1
[INFO ] 1379999	Cold:0.012460,0.009218,0.040597,0.060511,0.543143,0.026107,0.037459,0.037994,-1
[INFO ] 1384999	Whole:0.029665,0.023907,0.037012,0.057893,0.592659,0.026162,0.044207,0.079563,-1
[INFO ] 1384999	Cold:0.012319,0.009106,0.039947,0.060565,0.542792,0.026123,0.037376,0.037627,-1
[INFO ] 1389999	Whole:0.029632,0.023960,0.037487,0.057731,0.592597,0.026054,0.044099,0.079629,-1
[INFO ] 1389999	Cold:0.012600,0.009190,0.041042,0.060203,0.543143,0.025073,0.036566,0.036646,-1
[INFO ] 1394999	Whole:0.029673,0.024030,0.037385,0.057779,0.593089,0.026395,0.044458,0.080331,-1
[INFO ] 1394999	Cold:0.012404,0.009064,0.040687,0.059001,0.542582,0.026009,0.037062,0.038015,-1
[INFO ] 1399999	Whole:0.029796,0.024034,0.037495,0.057795,0.592781,0.026243,0.044319,0.079836,-1
[INFO ] 1399999	Cold:0.012460,0.008980,0.040582,0.058297,0.541740,0.025669,0.036608,0.037375,-1
[INFO ] 1404999	Whole:0.029460,0.024083,0.036957,0.057471,0.592351,0.025964,0.043978,0.079170,-1
[INFO ] 1404999	Cold:0.012179,0.009120,0.039854,0.058659,0.542582,0.025343,0.036479,0.037211,-1
[INFO ] 1409999	Whole:0.029722,0.024010,0.037040,0.057992,0.592290,0.025798,0.043894,0.078550,-1
[INFO ] 1409999	Cold:0.012207,0.009218,0.039513,0.060319,0.543073,0.024859,0.036366,0.036224,-1
[INFO ] 1414999	Whole:0.029624,0.023833,0.037180,0.057194,0.591818,0.025977,0.043904,0.079161,-1
[INFO ] 1414999	Cold:0.012179,0.009162,0.039780,0.059482,0.543003,0.025481,0.036709,0.037159,-1
[INFO ] 1419999	Whole:0.029394,0.023936,0.036562,0.057816,0.592228,0.026132,0.044176,0.079546,-1
[INFO ] 1419999	Cold:0.011786,0.009204,0.038344,0.060016,0.543073,0.025478,0.036784,0.037029,-1
[INFO ] 1424999	Whole:0.029853,0.024092,0.037172,0.057824,0.592618,0.026326,0.044410,0.080203,-1
[INFO ] 1424999	Cold:0.012151,0.009008,0.039174,0.058865,0.542231,0.025646,0.036665,0.037347,-1
[INFO ] 1429999	Whole:0.029919,0.024042,0.037628,0.057640,0.592802,0.026327,0.044355,0.080129,-1
[INFO ] 1429999	Cold:0.012235,0.009092,0.039838,0.058760,0.542652,0.025797,0.036847,0.037728,-1
[INFO ] 1434999	Whole:0.029583,0.023903,0.037271,0.057392,0.591880,0.026232,0.044145,0.079601,-1
[INFO ] 1434999	Cold:0.012404,0.009064,0.040512,0.059090,0.542231,0.025510,0.036564,0.036649,-1
[INFO ] 1439999	Whole:0.029779,0.023903,0.037457,0.057245,0.592372,0.026066,0.044008,0.079415,-1
[INFO ] 1439999	Cold:0.012151,0.009008,0.039817,0.058222,0.542161,0.025453,0.036424,0.037114,-1
[INFO ] 1444999	Whole:0.029878,0.023899,0.037028,0.057379,0.592720,0.026144,0.044148,0.079953,-1
[INFO ] 1444999	Cold:0.012151,0.009331,0.039448,0.060100,0.543634,0.025622,0.036987,0.037048,-1
[INFO ] 1449999	Whole:0.029583,0.023723,0.037295,0.056661,0.592207,0.026029,0.043863,0.079845,-1
[INFO ] 1449999	Cold:0.012067,0.009120,0.039677,0.058743,0.542862,0.025325,0.036406,0.036555,-1
[INFO ] 1454999	Whole:0.029706,0.023944,0.037687,0.057346,0.592802,0.026018,0.044086,0.079975,-1
[INFO ] 1454999	Cold:0.012404,0.008966,0.040799,0.058302,0.541950,0.025171,0.036163,0.036500,-1
[INFO ] 1/1
[INFO ] 1459999	Whole:0.029697,0.024059,0.037323,0.058087,0.593232,0.026052,0.044184,0.079260,-1
[INFO ] 1459999	Cold:0.012263,0.009120,0.039894,0.060106,0.542652,0.025280,0.036655,0.036810,-1


java -jar walkranker.jar -c unifiedepinion.conf
[INFO ] Training: ...earch/ssh/epinion/train0.2_folder_1, Testing:: ...search/ssh/epinion/test0.2_folder_1.
[DEBUG] User amount: 38451, item amount: 123271
[DEBUG] Rate amount: 531860, scales: {1.0}
[DEBUG] User amount: 38451, item amount: 123271
[DEBUG] Rate amount: 113693, scales: {1.0}
[INFO ] AsyUnifiedRanker: 30,5.0E-4,0.28,0.28,100,3200,1,100,0.42,10
[INFO ] 1204999	Whole:0.029525,0.023936,0.036869,0.057911,0.904538,0.026587,0.044605,0.081022,-1
[INFO ] 1204999	Cold:0.011814,0.009148,0.039176,0.060574,0.893300,0.025633,0.036986,0.036880,-1
[INFO ] 1209999	Whole:0.029468,0.023928,0.036486,0.058037,0.904417,0.026208,0.044302,0.080253,-1
[INFO ] 1209999	Cold:0.011674,0.009092,0.038842,0.060470,0.893524,0.025017,0.036477,0.036459,-1
[INFO ] 1214999	Whole:0.029402,0.023960,0.036616,0.058472,0.904268,0.026493,0.044605,0.080538,-1
[INFO ] 1214999	Cold:0.011786,0.009218,0.039158,0.060724,0.893320,0.025618,0.036969,0.036582,-1
[INFO ] 1219999	Whole:0.029722,0.023776,0.036976,0.057744,0.904211,0.026320,0.044270,0.080344,-1
[INFO ] 1219999	Cold:0.011983,0.009148,0.039435,0.060638,0.893219,0.025563,0.036891,0.036723,-1
[INFO ] 1224999	Whole:0.029738,0.023960,0.036448,0.058746,0.904205,0.026318,0.044529,0.080369,-1
[INFO ] 1224999	Cold:0.011562,0.009289,0.037254,0.061686,0.892694,0.024487,0.036292,0.035553,-1
[INFO ] 1229999	Whole:0.029656,0.023944,0.036705,0.057904,0.904112,0.026466,0.044479,0.081060,-1
[INFO ] 1229999	Cold:0.011674,0.009162,0.038628,0.060245,0.892890,0.024551,0.036090,0.035745,-1
[INFO ] 1234999	Whole:0.029976,0.023809,0.037168,0.057408,0.903975,0.026431,0.044242,0.080408,-1
[INFO ] 1234999	Cold:0.011702,0.009050,0.038157,0.059461,0.892419,0.024638,0.035852,0.035316,-1
[INFO ] 1239999	Whole:0.030066,0.023989,0.037510,0.058011,0.903902,0.026503,0.044523,0.080825,-1
[INFO ] 1239999	Cold:0.011842,0.009317,0.038835,0.060974,0.892646,0.024272,0.035978,0.034909,-1
[INFO ] 1244999	Whole:0.029771,0.023915,0.037241,0.057822,0.903829,0.026542,0.044502,0.080749,-1
[INFO ] 1244999	Cold:0.011618,0.009289,0.038257,0.060491,0.892516,0.024775,0.036338,0.036068,-1
[INFO ] 1249999	Whole:0.029771,0.024170,0.037065,0.058353,0.903719,0.026466,0.044555,0.080473,-1
[INFO ] 1249999	Cold:0.011786,0.009204,0.038392,0.060759,0.892280,0.025066,0.036571,0.036301,-1
[INFO ] 1254999	Whole:0.030017,0.024010,0.037212,0.058517,0.903814,0.026440,0.044522,0.080472,-1
[INFO ] 1254999	Cold:0.011758,0.009275,0.038900,0.061631,0.892028,0.025234,0.036859,0.036326,-1
[INFO ] 1259999	Whole:0.029984,0.024223,0.037230,0.059049,0.903763,0.026350,0.044659,0.080381,-1
[INFO ] 1259999	Cold:0.011786,0.009415,0.038324,0.062342,0.892056,0.025174,0.036994,0.036204,-1
[INFO ] 1264999	Whole:0.029492,0.023952,0.036830,0.057580,0.903747,0.026365,0.044210,0.079990,-1
[INFO ] 1264999	Cold:0.011758,0.009134,0.038647,0.059915,0.891990,0.024777,0.036154,0.035784,-1
[INFO ] 1269999	Whole:0.029566,0.023981,0.036861,0.058327,0.903448,0.026243,0.044378,0.080277,-1
[INFO ] 1269999	Cold:0.011898,0.009134,0.039276,0.060271,0.891764,0.024726,0.036203,0.035737,-1
[INFO ] 1274999	Whole:0.029722,0.023903,0.037014,0.058529,0.903499,0.026161,0.044375,0.080260,-1
[INFO ] 1274999	Cold:0.012011,0.009092,0.039363,0.059997,0.891527,0.024599,0.036027,0.035597,-1
[INFO ] 1279999	Whole:0.029804,0.023788,0.037234,0.058135,0.903503,0.026317,0.044382,0.080675,-1
[INFO ] 1279999	Cold:0.011842,0.009106,0.038797,0.060263,0.891432,0.025016,0.036342,0.035883,-1
[INFO ] 1284999	Whole:0.029984,0.023989,0.037012,0.058437,0.903299,0.026357,0.044534,0.080868,-1
[INFO ] 1284999	Cold:0.011562,0.008966,0.037674,0.059010,0.891523,0.024416,0.035611,0.035385,-1
[INFO ] 1289999	Whole:0.029927,0.023907,0.037211,0.058285,0.903345,0.026544,0.044652,0.081434,-1
[INFO ] 1289999	Cold:0.011786,0.008980,0.038663,0.059137,0.891166,0.024449,0.035688,0.035470,-1
[INFO ] 1/1
[INFO ] 1294999	Whole:0.029460,0.024014,0.036690,0.058194,0.903082,0.026372,0.044544,0.081148,-1
[INFO ] 1294999	Cold:0.011730,0.008980,0.038398,0.059129,0.890885,0.024427,0.035653,0.035401,-1
[INFO ] 1299999	Whole:0.029755,0.024047,0.037506,0.058256,0.903251,0.026561,0.044628,0.080669,-1
[INFO ] 1299999	Cold:0.012039,0.008938,0.039653,0.059450,0.891046,0.024882,0.035983,0.035456,-1
[INFO ] 1304999	Whole:0.029845,0.023936,0.037551,0.058189,0.903176,0.026446,0.044518,0.080986,-1
[INFO ] 1304999	Cold:0.012011,0.009008,0.039317,0.059368,0.890698,0.024810,0.036002,0.035558,-1
[INFO ] 1309999	Whole:0.029861,0.023829,0.036856,0.057898,0.903097,0.026363,0.044352,0.080733,-1
[INFO ] 1309999	Cold:0.011758,0.009120,0.038656,0.060342,0.891054,0.025094,0.036393,0.035542,-1
[INFO ] 1314999	Whole:0.029911,0.023989,0.037583,0.058025,0.903182,0.026327,0.044444,0.080966,-1
[INFO ] 1314999	Cold:0.012039,0.009050,0.039861,0.059836,0.890761,0.024787,0.036130,0.035746,-1
[INFO ] 1319999	Whole:0.029927,0.023817,0.037464,0.057850,0.903161,0.026193,0.044208,0.079961,-1
[INFO ] 1319999	Cold:0.011955,0.009176,0.039209,0.060608,0.890671,0.025030,0.036520,0.036135,-1
[INFO ] 1324999	Whole:0.029451,0.023919,0.036562,0.058198,0.902979,0.026198,0.044308,0.079937,-1
[INFO ] 1324999	Cold:0.011506,0.009176,0.037717,0.061355,0.890708,0.025521,0.036999,0.036579,-1
[INFO ] 1329999	Whole:0.029935,0.024063,0.037269,0.058419,0.903062,0.026391,0.044581,0.080648,-1
[INFO ] 1329999	Cold:0.012039,0.009106,0.039536,0.060833,0.890683,0.025714,0.037065,0.036947,-1
[INFO ] 1334999	Whole:0.029517,0.024038,0.036738,0.058109,0.903012,0.026351,0.044478,0.080670,-1
[INFO ] 1334999	Cold:0.011870,0.009106,0.038902,0.060458,0.890399,0.025131,0.036507,0.036208,-1
[INFO ] 1339999	Whole:0.029886,0.024014,0.036854,0.057756,0.902917,0.026289,0.044353,0.080482,-1
[INFO ] 1339999	Cold:0.011674,0.009064,0.038144,0.059520,0.890055,0.024769,0.035999,0.035432,-1
[INFO ] 1344999	Whole:0.029673,0.024079,0.036904,0.058085,0.902824,0.026344,0.044444,0.080361,-1
[INFO ] 1344999	Cold:0.011618,0.009022,0.038016,0.059341,0.889930,0.024835,0.036002,0.035702,-1
[INFO ] 1349999	Whole:0.029763,0.024063,0.036708,0.057885,0.902823,0.026304,0.044350,0.080115,-1
[INFO ] 1349999	Cold:0.011646,0.009036,0.037900,0.058965,0.889913,0.024982,0.036056,0.035885,-1
[INFO ] 1354999	Whole:0.030017,0.023997,0.037394,0.058065,0.902780,0.026514,0.044603,0.080989,-1
[INFO ] 1354999	Cold:0.011842,0.008994,0.039009,0.059248,0.889589,0.025265,0.036333,0.036204,-1
[INFO ] 1359999	Whole:0.029558,0.023965,0.036814,0.057986,0.902678,0.026262,0.044348,0.080314,-1
[INFO ] 1359999	Cold:0.011674,0.008994,0.038191,0.059389,0.889932,0.025472,0.036468,0.036177,-1
[INFO ] 1364999	Whole:0.029812,0.024141,0.037143,0.058116,0.902695,0.026552,0.044688,0.081035,-1
[INFO ] 1364999	Cold:0.011786,0.009092,0.038505,0.060094,0.889766,0.025519,0.036730,0.036627,-1
[INFO ] 1369999	Whole:0.029722,0.024182,0.036917,0.058155,0.902424,0.026754,0.044815,0.081181,-1
[INFO ] 1369999	Cold:0.011786,0.009162,0.038636,0.060478,0.889350,0.025848,0.037074,0.036856,-1
[INFO ] 1374999	Whole:0.029509,0.023874,0.036361,0.057752,0.902469,0.026443,0.044414,0.080916,-1
[INFO ] 1374999	Cold:0.011674,0.009022,0.038402,0.059157,0.889436,0.025616,0.036612,0.036724,-1
[INFO ] 1379999	Whole:0.029870,0.023932,0.037071,0.057701,0.902392,0.026239,0.044271,0.080755,-1
[INFO ] 1379999	Cold:0.011590,0.008952,0.038249,0.058514,0.889273,0.024950,0.035945,0.035969,-1
[INFO ] 1384999	Whole:0.029771,0.023969,0.036779,0.058173,0.902463,0.026436,0.044480,0.080812,-1
[INFO ] 1384999	Cold:0.011421,0.009190,0.037424,0.060771,0.889416,0.025078,0.036526,0.036234,-1
[INFO ] 1389999	Whole:0.029845,0.023846,0.036879,0.057646,0.902255,0.026230,0.044244,0.080673,-1
[INFO ] 1389999	Cold:0.011814,0.008882,0.038675,0.058375,0.888922,0.025080,0.036015,0.036202,-1
[INFO ] 1394999	Whole:0.029829,0.023956,0.036926,0.057805,0.902227,0.026144,0.044214,0.080457,-1
[INFO ] 1394999	Cold:0.011730,0.008980,0.038511,0.058913,0.889086,0.024903,0.036011,0.036151,-1
[INFO ] 1399999	Whole:0.029894,0.023944,0.037201,0.057744,0.902107,0.026102,0.044144,0.080184,-1
[INFO ] 1399999	Cold:0.011955,0.008910,0.039101,0.058638,0.888629,0.024838,0.035872,0.035912,-1
[INFO ] 1404999	Whole:0.029599,0.023743,0.037244,0.057234,0.902172,0.025902,0.043813,0.079665,-1
[INFO ] 1404999	Cold:0.011983,0.008854,0.039610,0.057965,0.888565,0.024707,0.035743,0.036227,-1
[INFO ] 1409999	Whole:0.029632,0.023805,0.036941,0.057480,0.902082,0.025966,0.043876,0.079533,-1
[INFO ] 1409999	Cold:0.011702,0.009008,0.038857,0.059154,0.888551,0.024846,0.036064,0.036203,-1
[INFO ] 1414999	Whole:0.029935,0.024051,0.037101,0.058193,0.902010,0.026580,0.044613,0.080666,-1
[INFO ] 1414999	Cold:0.011674,0.009162,0.038493,0.060787,0.888746,0.025567,0.036960,0.036979,-1
[INFO ] 1419999	Whole:0.029804,0.023842,0.036813,0.057184,0.901939,0.026213,0.044080,0.080470,-1
[INFO ] 1419999	Cold:0.011562,0.008896,0.037476,0.058081,0.888406,0.024432,0.035440,0.035481,-1
[INFO ] 1424999	Whole:0.029911,0.024038,0.037106,0.058307,0.902060,0.026160,0.044356,0.080164,-1
[INFO ] 1424999	Cold:0.011618,0.009022,0.038330,0.059471,0.888424,0.024598,0.035883,0.035587,-1
[INFO ] 1429999	Whole:0.029542,0.023805,0.036739,0.057796,0.901883,0.025804,0.043924,0.079882,-1
[INFO ] 1429999	Cold:0.011562,0.008966,0.038227,0.058570,0.888107,0.023735,0.035051,0.034715,-1
[INFO ] 1434999	Whole:0.030198,0.023944,0.037344,0.058387,0.901916,0.026594,0.044680,0.080998,-1
[INFO ] 1434999	Cold:0.011702,0.009232,0.038406,0.060783,0.888238,0.025393,0.036859,0.036757,-1
[INFO ] 1439999	Whole:0.030091,0.024006,0.037782,0.058347,0.901921,0.026444,0.044667,0.080974,-1
[INFO ] 1439999	Cold:0.012011,0.009050,0.039277,0.059163,0.888266,0.025033,0.036242,0.036259,-1
[INFO ] 1444999	Whole:0.030058,0.024211,0.037738,0.058569,0.901813,0.026609,0.044885,0.081431,-1
[INFO ] 1444999	Cold:0.012263,0.009162,0.040472,0.060227,0.888042,0.025420,0.036722,0.036295,-1
[INFO ] 1449999	Whole:0.029722,0.023965,0.036973,0.058010,0.901825,0.026330,0.044372,0.080092,-1
[INFO ] 1449999	Cold:0.011758,0.009120,0.039027,0.060351,0.888029,0.025357,0.036695,0.036399,-1
[INFO ] 1454999	Whole:0.029796,0.024042,0.036798,0.058430,0.901759,0.026443,0.044559,0.080596,-1
[INFO ] 1454999	Cold:0.011898,0.009162,0.039077,0.060646,0.887629,0.025236,0.036644,0.036184,-1
[INFO ] 1/1
[INFO ] 1459999	Whole:0.030099,0.024313,0.037344,0.059477,0.901713,0.026696,0.045082,0.081259,-1
[INFO ] 1459999	Cold:0.012207,0.009331,0.040353,0.061964,0.887880,0.025835,0.037417,0.036740,-1
[INFO ] 1464999	Whole:0.030124,0.024047,0.037815,0.058404,0.901707,0.026525,0.044615,0.080720,-1
[INFO ] 1464999	Cold:0.012179,0.009218,0.040098,0.061153,0.887575,0.025711,0.037121,0.036643,-1
[INFO ] 1469999	Whole:0.029796,0.024108,0.037687,0.058156,0.901797,0.026473,0.044624,0.080853,-1
[INFO ] 1469999	Cold:0.012207,0.009176,0.040748,0.060366,0.887511,0.025248,0.036638,0.036146,-1
[INFO ] 1474999	Whole:0.029755,0.024256,0.037134,0.058840,0.901809,0.026146,0.044483,0.080061,-1
[INFO ] 1474999	Cold:0.012011,0.009331,0.039705,0.061203,0.887537,0.024770,0.036468,0.035673,-1
[INFO ] 1479999	Whole:0.029820,0.024092,0.037217,0.058309,0.901891,0.026323,0.044563,0.080694,-1
[INFO ] 1479999	Cold:0.011786,0.009120,0.039110,0.059805,0.887661,0.025308,0.036586,0.036498,-1
[INFO ] 1484999	Whole:0.029730,0.024010,0.037258,0.058049,0.901895,0.026507,0.044554,0.080574,-1
[INFO ] 1484999	Cold:0.012095,0.009078,0.040165,0.059711,0.887683,0.026127,0.037161,0.037086,-1
[INFO ] 1489999	Whole:0.029722,0.024014,0.037260,0.058237,0.901966,0.026564,0.044642,0.080978,-1
[INFO ] 1489999	Cold:0.012263,0.009050,0.040513,0.060144,0.887698,0.025798,0.036991,0.036931,-1
[INFO ] 1494999	Whole:0.029730,0.024100,0.036997,0.058132,0.901868,0.026465,0.044538,0.080569,-1
[INFO ] 1494999	Cold:0.011955,0.009050,0.039299,0.059605,0.887569,0.025691,0.036761,0.036662,-1
[INFO ] 1499999	Whole:0.029894,0.024161,0.037060,0.058061,0.901752,0.026812,0.044793,0.081048,-1
[INFO ] 1499999	Cold:0.012011,0.008980,0.039476,0.058826,0.887658,0.026012,0.036833,0.036984,-1
[INFO ] 1504999	Whole:0.029812,0.024079,0.036795,0.058520,0.901730,0.026661,0.044752,0.080419,-1
[INFO ] 1504999	Cold:0.011646,0.009120,0.038095,0.060249,0.887314,0.025799,0.037027,0.037047,-1
[INFO ] 1509999	Whole:0.030091,0.024207,0.037705,0.058751,0.901539,0.026681,0.044868,0.080660,-1
[INFO ] 1509999	Cold:0.012039,0.009064,0.040223,0.060186,0.887050,0.025360,0.036598,0.036233,-1
[INFO ] 1514999	Whole:0.029960,0.024063,0.037164,0.058524,0.901587,0.026578,0.044656,0.080154,-1
[INFO ] 1514999	Cold:0.011870,0.009120,0.039090,0.060238,0.887204,0.025779,0.036902,0.036495,-1
[INFO ] 1519999	Whole:0.030001,0.023903,0.037239,0.058177,0.901737,0.026678,0.044640,0.080421,-1
[INFO ] 1519999	Cold:0.012039,0.009162,0.039740,0.060595,0.887348,0.026312,0.037478,0.037534,-1
[INFO ] 1524999	Whole:0.029878,0.024001,0.037373,0.058122,0.901646,0.026646,0.044680,0.081092,-1
[INFO ] 1524999	Cold:0.012095,0.009176,0.040056,0.060448,0.887212,0.025670,0.036970,0.036794,-1
[INFO ] 1529999	Whole:0.029886,0.024055,0.037276,0.058307,0.901554,0.026498,0.044645,0.080888,-1
[INFO ] 1529999	Cold:0.012123,0.009064,0.039861,0.059769,0.887037,0.025657,0.036795,0.036842,-1
[INFO ] 1534999	Whole:0.029837,0.024055,0.036869,0.058453,0.901499,0.026327,0.044511,0.080775,-1
[INFO ] 1534999	Cold:0.011842,0.008938,0.038965,0.059565,0.887004,0.025105,0.036249,0.036010,-1
[INFO ] 1539999	Whole:0.029837,0.023948,0.036877,0.058118,0.901510,0.026428,0.044507,0.080783,-1
[INFO ] 1539999	Cold:0.011477,0.009036,0.038234,0.059984,0.886924,0.025492,0.036626,0.036268,-1
[INFO ] 1544999	Whole:0.030198,0.024006,0.037291,0.058609,0.901674,0.026565,0.044703,0.080806,-1
[INFO ] 1544999	Cold:0.011646,0.009176,0.038987,0.061165,0.887083,0.025608,0.036998,0.036491,-1
[INFO ] 1549999	Whole:0.029591,0.023952,0.036924,0.058128,0.901418,0.026628,0.044602,0.080460,-1
[INFO ] 1549999	Cold:0.011955,0.008938,0.039621,0.059184,0.887046,0.025815,0.036702,0.036658,-1
[INFO ] 1554999	Whole:0.029722,0.023846,0.036750,0.057564,0.901360,0.026178,0.044119,0.080470,-1
[INFO ] 1554999	Cold:0.011926,0.008966,0.039487,0.059718,0.886890,0.024898,0.036000,0.035092,-1
[INFO ] 1559999	Whole:0.030099,0.024104,0.037450,0.058080,0.901272,0.026696,0.044782,0.081679,-1
[INFO ] 1559999	Cold:0.012067,0.009106,0.039955,0.060276,0.886757,0.025668,0.036886,0.036643,-1
[INFO ] 1564999	Whole:0.030378,0.024350,0.037767,0.058726,0.901360,0.026989,0.045235,0.081954,-1
[INFO ] 1564999	Cold:0.012039,0.009134,0.039838,0.060187,0.886614,0.025661,0.036908,0.036808,-1
[INFO ] 1569999	Whole:0.030066,0.024412,0.037547,0.058887,0.901342,0.026784,0.045149,0.081915,-1
[INFO ] 1569999	Cold:0.012207,0.009134,0.040169,0.060627,0.886326,0.025488,0.036837,0.036608,-1
[INFO ] 1574999	Whole:0.030214,0.024260,0.037666,0.059039,0.901246,0.026871,0.045133,0.081301,-1
[INFO ] 1574999	Cold:0.012151,0.009289,0.040001,0.061621,0.886430,0.026228,0.037652,0.037478,-1


