[INFO ] Training: ...ssh/lastfm-hetrec/train0.2_folder_1, Testing:: .../ssh/lastfm-hetrec/test0.2_folder_1.
[DEBUG] User amount: 1752, item amount: 5992
[DEBUG] Rate amount: 48029, scales: {1.0}
[DEBUG] User amount: 1752, item amount: 5992
[DEBUG] Rate amount: 11796, scales: {1.0}
[INFO ] RankMBPR: 30,3.5E-4,0.5,0.5,600,10,1600,100,1.0
[INFO ] 154	Whole:0.082832,0.065256,0.068285,0.103265,0.685489,0.057690,0.084276,0.185038,-1
[INFO ] 154	Cold:0.025788,0.020917,0.091261,0.138013,0.594404,0.045849,0.072629,0.060458,-1
[INFO ] 159	Whole:0.085924,0.067779,0.069345,0.106399,0.689943,0.062384,0.089337,0.196818,-1
[INFO ] 159	Cold:0.025215,0.020917,0.089828,0.139924,0.594408,0.050966,0.077134,0.067882,-1
[INFO ] 164	Whole:0.088690,0.068836,0.071322,0.108860,0.691582,0.063427,0.090845,0.199569,-1
[INFO ] 164	Cold:0.025788,0.020057,0.091261,0.136008,0.592981,0.049978,0.075308,0.066029,-1
[INFO ] 169	Whole:0.090480,0.071440,0.074357,0.113477,0.695213,0.065962,0.094271,0.206995,-1
[INFO ] 169	Cold:0.027507,0.021203,0.098424,0.144126,0.597269,0.050804,0.078112,0.067763,-1
[INFO ] 174	Whole:0.093084,0.072498,0.076227,0.114015,0.695635,0.067688,0.095990,0.209799,-1
[INFO ] 174	Cold:0.028653,0.021490,0.102722,0.148424,0.600135,0.055417,0.082742,0.074086,-1
[INFO ] 179	Whole:0.094548,0.074125,0.076197,0.116413,0.699289,0.070040,0.098742,0.215082,-1
[INFO ] 179	Cold:0.028653,0.022063,0.104155,0.149857,0.601563,0.055884,0.083840,0.075586,-1
[INFO ] 184	Whole:0.094711,0.075997,0.076918,0.119723,0.701327,0.072082,0.101515,0.217303,-1
[INFO ] 184	Cold:0.029799,0.022063,0.106065,0.153438,0.601578,0.059335,0.087300,0.079091,-1
[INFO ] 189	Whole:0.095525,0.076973,0.076964,0.120145,0.702544,0.073726,0.102694,0.219029,-1
[INFO ] 189	Cold:0.030372,0.022063,0.105205,0.152006,0.600147,0.061849,0.088827,0.081107,-1
[INFO ] 194	Whole:0.096176,0.079007,0.077191,0.123892,0.706595,0.075825,0.105305,0.222790,-1
[INFO ] 194	Cold:0.028653,0.022636,0.098902,0.156304,0.603009,0.064784,0.092436,0.086016,-1
[INFO ] 199	Whole:0.098454,0.079251,0.082763,0.124369,0.705795,0.077773,0.107076,0.226917,-1
[INFO ] 199	Cold:0.032665,0.022350,0.114661,0.157259,0.601592,0.069507,0.096524,0.092924,-1
[INFO ] 204	Whole:0.098291,0.079984,0.083612,0.125728,0.707412,0.078309,0.107722,0.228128,-1
[INFO ] 204	Cold:0.032665,0.022350,0.114661,0.158691,0.603020,0.068541,0.095923,0.091464,-1
[INFO ] 209	Whole:0.101221,0.080716,0.085641,0.126829,0.708239,0.079077,0.108842,0.229870,-1
[INFO ] 209	Cold:0.033238,0.023496,0.116094,0.162989,0.607308,0.068476,0.097433,0.092942,-1
[INFO ] 214	Whole:0.101383,0.080553,0.083868,0.126858,0.707838,0.077634,0.107317,0.226640,-1
[INFO ] 214	Cold:0.031519,0.022923,0.109885,0.161079,0.604445,0.061575,0.090950,0.081408,-1
[INFO ] 219	Whole:0.102522,0.081448,0.087827,0.127920,0.709858,0.079732,0.109549,0.229636,-1
[INFO ] 219	Cold:0.033811,0.023209,0.119436,0.162034,0.605882,0.070037,0.098339,0.094821,-1
[INFO ] 224	Whole:0.103336,0.082262,0.090063,0.128971,0.711477,0.080201,0.110384,0.232229,-1
[INFO ] 224	Cold:0.034384,0.023496,0.120869,0.162989,0.607314,0.070774,0.099327,0.095688,-1
[INFO ] 229	Whole:0.103499,0.083238,0.088668,0.131716,0.713102,0.081003,0.111768,0.232388,-1
[INFO ] 229	Cold:0.033811,0.023782,0.118004,0.165855,0.608745,0.072031,0.100688,0.095238,-1
[INFO ] 234	Whole:0.105289,0.083564,0.090538,0.133208,0.713510,0.082188,0.112927,0.232283,-1
[INFO ] 234	Cold:0.033811,0.024928,0.118481,0.173018,0.611603,0.075854,0.105108,0.098589,-1
[INFO ] 239	Whole:0.104150,0.083808,0.089348,0.135344,0.713517,0.082445,0.113568,0.232510,-1
[INFO ] 239	Cold:0.033238,0.025215,0.117049,0.177794,0.613029,0.073051,0.104013,0.096053,-1
[INFO ] 244	Whole:0.105126,0.084052,0.089154,0.135523,0.714323,0.082933,0.114079,0.234930,-1
[INFO ] 244	Cold:0.033238,0.025501,0.117049,0.178749,0.614458,0.073860,0.104870,0.096775,-1
[INFO ] 249	Whole:0.105452,0.085028,0.089532,0.136411,0.715538,0.083433,0.114640,0.235098,-1
[INFO ] 249	Cold:0.034384,0.025501,0.119436,0.178749,0.614460,0.075625,0.106253,0.098850,-1
[INFO ] 254	Whole:0.104638,0.084703,0.088008,0.135277,0.713110,0.083064,0.114045,0.235785,-1
[INFO ] 254	Cold:0.033238,0.025215,0.115138,0.176934,0.610174,0.073664,0.104145,0.095989,-1
[INFO ] 259	Whole:0.107079,0.086168,0.091500,0.140152,0.717161,0.085516,0.117194,0.239597,-1
[INFO ] 259	Cold:0.036103,0.025788,0.122779,0.179799,0.611603,0.078770,0.108651,0.101244,-1
[INFO ] 264	Whole:0.107242,0.086737,0.090564,0.138006,0.717148,0.085182,0.116673,0.239429,-1
[INFO ] 264	Cold:0.034384,0.024928,0.118959,0.172636,0.608748,0.075732,0.105096,0.099538,-1
[INFO ] 269	Whole:0.107730,0.086737,0.088343,0.139521,0.717970,0.085682,0.117609,0.241146,-1
[INFO ] 269	Cold:0.032665,0.025788,0.111796,0.177889,0.611600,0.076046,0.106412,0.099184,-1
[INFO ] 274	Whole:0.107730,0.086900,0.088492,0.141295,0.717973,0.085789,0.117669,0.238528,-1
[INFO ] 274	Cold:0.032665,0.026074,0.111796,0.182569,0.613030,0.077781,0.108532,0.100307,-1
[INFO ] 279	Whole:0.107404,0.086412,0.089763,0.141737,0.721615,0.085672,0.118041,0.240820,-1
[INFO ] 279	Cold:0.034384,0.026648,0.117049,0.183524,0.615890,0.080234,0.110864,0.102887,-1
[INFO ] 284	Whole:0.106916,0.087469,0.088564,0.144369,0.721198,0.085114,0.118051,0.239016,-1
[INFO ] 284	Cold:0.033811,0.027221,0.114183,0.189255,0.618740,0.075360,0.108308,0.097860,-1
[INFO ] 289	Whole:0.108381,0.087795,0.089699,0.142725,0.721205,0.085390,0.117834,0.241722,-1
[INFO ] 289	Cold:0.033811,0.026361,0.113228,0.184002,0.615889,0.076445,0.108021,0.099157,-1
[INFO ] 294	Whole:0.108218,0.089178,0.091181,0.144544,0.723634,0.087411,0.120118,0.244017,-1
[INFO ] 294	Cold:0.036103,0.026648,0.121347,0.184479,0.614463,0.081863,0.112222,0.104787,-1
[INFO ] 299	Whole:0.108869,0.088690,0.090678,0.144157,0.723631,0.086707,0.119175,0.239949,-1
[INFO ] 299	Cold:0.034384,0.026648,0.115616,0.184957,0.614461,0.080167,0.111093,0.103328,-1
[INFO ] 304	Whole:0.108544,0.088934,0.089896,0.144290,0.720001,0.086722,0.119110,0.239775,-1
[INFO ] 304	Cold:0.033238,0.026934,0.113228,0.183620,0.614460,0.079361,0.110471,0.103594,-1
[INFO ] 309	Whole:0.109683,0.089422,0.089604,0.146338,0.723227,0.086306,0.119316,0.239909,-1
[INFO ] 309	Cold:0.033238,0.027221,0.112751,0.189828,0.615888,0.079135,0.111514,0.102758,-1
[INFO ] 314	Whole:0.109520,0.090317,0.090313,0.144968,0.722418,0.087144,0.120073,0.243472,-1
[INFO ] 314	Cold:0.034957,0.026934,0.116571,0.182187,0.613032,0.078437,0.109654,0.102691,-1
[INFO ] 319	Whole:0.112124,0.091212,0.092070,0.148789,0.725253,0.088618,0.122001,0.245117,-1
[INFO ] 319	Cold:0.035530,0.027221,0.119914,0.187440,0.615891,0.080739,0.112375,0.104686,-1
[INFO ] 324	Whole:0.113751,0.091212,0.094658,0.147981,0.724038,0.088772,0.121906,0.244468,-1
[INFO ] 324	Cold:0.036676,0.026934,0.122302,0.184097,0.613032,0.078856,0.110139,0.102274,-1
[INFO ] 329	Whole:0.113914,0.091701,0.096068,0.148696,0.726467,0.089244,0.122565,0.246270,-1
[INFO ] 329	Cold:0.037249,0.027794,0.126122,0.185291,0.615886,0.078220,0.110058,0.100232,-1
[INFO ] 334	Whole:0.111798,0.091456,0.093931,0.147852,0.726861,0.088461,0.121467,0.245000,-1
[INFO ] 334	Cold:0.036103,0.027507,0.122779,0.186246,0.614463,0.079490,0.111098,0.101349,-1
[INFO ] 339	Whole:0.112775,0.092840,0.095656,0.151936,0.727675,0.089857,0.123655,0.246983,-1
[INFO ] 339	Cold:0.036676,0.028367,0.122302,0.193410,0.620176,0.080209,0.113539,0.103822,-1
[INFO ] 344	Whole:0.113914,0.093247,0.095725,0.151054,0.727697,0.090331,0.123854,0.248948,-1
[INFO ] 344	Cold:0.036676,0.028653,0.121920,0.195798,0.621610,0.081218,0.114986,0.105532,-1
[INFO ] 349	Whole:0.114890,0.092677,0.096458,0.150567,0.728093,0.091097,0.124212,0.248584,-1
[INFO ] 349	Cold:0.037249,0.028080,0.123352,0.192359,0.621614,0.083692,0.116293,0.109553,-1
[INFO ] 354	Whole:0.115704,0.092270,0.096623,0.147865,0.728076,0.091076,0.123851,0.250736,-1
[INFO ] 354	Cold:0.036676,0.027794,0.124690,0.185291,0.617325,0.084298,0.115144,0.108863,-1
[INFO ] 359	Whole:0.114890,0.092758,0.095616,0.149663,0.726483,0.090432,0.123568,0.246546,-1
[INFO ] 359	Cold:0.037249,0.028653,0.123352,0.191595,0.620180,0.081033,0.113942,0.104298,-1
[INFO ] 364	Whole:0.114727,0.092596,0.097399,0.149828,0.727693,0.091857,0.125014,0.249952,-1
[INFO ] 364	Cold:0.037249,0.028367,0.125645,0.188730,0.618752,0.084060,0.115715,0.108297,-1
[INFO ] 369	Whole:0.114565,0.092840,0.098661,0.149687,0.727283,0.092407,0.125390,0.251169,-1
[INFO ] 369	Cold:0.038968,0.028367,0.130516,0.188730,0.618756,0.083848,0.115675,0.108198,-1
[INFO ] 374	Whole:0.115378,0.093653,0.097959,0.148400,0.729292,0.092109,0.124780,0.251477,-1
[INFO ] 374	Cold:0.038395,0.027794,0.126791,0.184909,0.615898,0.084894,0.115349,0.108995,-1
[INFO ] 379	Whole:0.117006,0.094304,0.100560,0.151412,0.730117,0.093155,0.126720,0.254543,-1
[INFO ] 379	Cold:0.040115,0.028367,0.132426,0.192550,0.620187,0.085796,0.117959,0.111287,-1
[INFO ] 384	Whole:0.118145,0.093247,0.102204,0.149303,0.727680,0.093457,0.126464,0.253364,-1
[INFO ] 384	Cold:0.040115,0.027221,0.130134,0.187202,0.615908,0.085929,0.116620,0.110601,-1
[INFO ] 389	Whole:0.116517,0.094060,0.098804,0.148624,0.729301,0.093933,0.126637,0.252881,-1
[INFO ] 389	Cold:0.038395,0.027794,0.124403,0.185291,0.617331,0.086958,0.117485,0.113236,-1
[INFO ] 394	Whole:0.117168,0.094548,0.100579,0.151259,0.730114,0.093588,0.127242,0.254492,-1
[INFO ] 394	Cold:0.040115,0.028367,0.129417,0.190640,0.620190,0.085653,0.117597,0.111083,-1
[INFO ] 399	Whole:0.117494,0.093979,0.099471,0.149025,0.728500,0.093984,0.127074,0.254811,-1
[INFO ] 399	Cold:0.040115,0.028080,0.129417,0.187775,0.618765,0.088151,0.118951,0.113963,-1
[INFO ] 404	Whole:0.119609,0.094223,0.100565,0.149728,0.729311,0.093603,0.126543,0.252652,-1
[INFO ] 404	Cold:0.040688,0.027794,0.129417,0.186342,0.617333,0.087334,0.117660,0.111474,-1
[INFO ] 409	Whole:0.118308,0.094711,0.101756,0.148705,0.728503,0.095944,0.128944,0.258728,-1
[INFO ] 409	Cold:0.040688,0.027221,0.130850,0.182904,0.615908,0.090611,0.119501,0.116439,-1
[INFO ] 414	Whole:0.117982,0.094711,0.102563,0.152905,0.730939,0.096028,0.129764,0.259236,-1
[INFO ] 414	Cold:0.041834,0.028367,0.136581,0.192073,0.620194,0.091273,0.121937,0.115880,-1
[INFO ] 419	Whole:0.118633,0.096176,0.100725,0.154792,0.734986,0.097184,0.131402,0.262407,-1
[INFO ] 419	Cold:0.040115,0.027794,0.127985,0.186342,0.617337,0.091314,0.120863,0.116912,-1
[INFO ] 424	Whole:0.119935,0.095688,0.105845,0.155103,0.735394,0.097137,0.131422,0.258796,-1
[INFO ] 424	Cold:0.042407,0.027794,0.138013,0.188252,0.618768,0.092091,0.121870,0.117722,-1
[INFO ] 429	Whole:0.119772,0.096989,0.104942,0.155906,0.736195,0.097029,0.131410,0.257856,-1
[INFO ] 429	Cold:0.042407,0.027794,0.137536,0.184432,0.615914,0.091807,0.121001,0.117136,-1
[INFO ] 434	Whole:0.119284,0.096827,0.105105,0.156595,0.736596,0.095935,0.130508,0.254809,-1
[INFO ] 434	Cold:0.041834,0.028080,0.136581,0.187297,0.617339,0.089935,0.119789,0.112871,-1
[INFO ] 439	Whole:0.119121,0.097396,0.104432,0.157660,0.735385,0.097230,0.131787,0.257524,-1
[INFO ] 439	Cold:0.041261,0.028653,0.133715,0.191595,0.620199,0.092780,0.123146,0.116710,-1
[INFO ] 444	Whole:0.118145,0.096745,0.101773,0.156542,0.734573,0.096591,0.131000,0.255611,-1
[INFO ] 444	Cold:0.039542,0.028367,0.127030,0.190162,0.618768,0.090470,0.121053,0.114808,-1
[INFO ] 449	Whole:0.120749,0.097640,0.104828,0.157671,0.735382,0.096295,0.131509,0.257872,-1
[INFO ] 449	Cold:0.040115,0.028367,0.131328,0.188252,0.617339,0.088871,0.119607,0.113744,-1
[INFO ] 454	Whole:0.119772,0.097640,0.102949,0.159164,0.734990,0.096574,0.131726,0.255341,-1
[INFO ] 454	Cold:0.039542,0.028367,0.127030,0.190162,0.618764,0.089062,0.119948,0.114250,-1
[INFO ] 459	Whole:0.119284,0.098373,0.103897,0.158319,0.736209,0.097544,0.132641,0.256478,-1
[INFO ] 459	Cold:0.040688,0.029226,0.132283,0.191356,0.621621,0.090463,0.121895,0.116996,-1
[INFO ] 464	Whole:0.119121,0.099024,0.104425,0.160794,0.738230,0.097666,0.133407,0.256999,-1
[INFO ] 464	Cold:0.040688,0.029513,0.133238,0.194222,0.623049,0.089791,0.121977,0.116157,-1
[INFO ] 469	Whole:0.119935,0.098291,0.104281,0.158780,0.737016,0.097310,0.132447,0.257319,-1
[INFO ] 469	Cold:0.040115,0.029226,0.129895,0.191356,0.621619,0.086638,0.118803,0.111284,-1
[INFO ] 474	Whole:0.120586,0.098779,0.106399,0.160934,0.739038,0.098138,0.133727,0.258293,-1
[INFO ] 474	Cold:0.042407,0.030086,0.138491,0.198042,0.624482,0.090632,0.123574,0.116337,-1
[INFO ] 479	Whole:0.120749,0.097722,0.105155,0.156758,0.737008,0.096859,0.131874,0.255806,-1
[INFO ] 479	Cold:0.040115,0.029226,0.131805,0.190974,0.621627,0.089602,0.121117,0.114814,-1
[INFO ] 484	Whole:0.122539,0.098047,0.108733,0.158478,0.736607,0.098062,0.133266,0.257354,-1
[INFO ] 484	Cold:0.042407,0.029513,0.141356,0.192407,0.623055,0.090454,0.122217,0.115849,-1
[INFO ] 489	Whole:0.122213,0.098779,0.106383,0.159635,0.737812,0.098875,0.134342,0.259748,-1
[INFO ] 489	Cold:0.040688,0.030086,0.136581,0.196227,0.624482,0.091574,0.123766,0.116182,-1
[INFO ] 494	Whole:0.121725,0.098861,0.106682,0.161381,0.739840,0.098834,0.134482,0.259879,-1
[INFO ] 494	Cold:0.041261,0.030946,0.136581,0.201480,0.627338,0.091927,0.125390,0.116930,-1
[INFO ] 499	Whole:0.120098,0.098454,0.104925,0.160680,0.739033,0.098739,0.134382,0.258704,-1
[INFO ] 499	Cold:0.040115,0.030659,0.135626,0.198615,0.625912,0.092851,0.125498,0.117749,-1
[INFO ] 504	Whole:0.121400,0.097640,0.105941,0.159041,0.737830,0.098960,0.133889,0.259557,-1
[INFO ] 504	Cold:0.040115,0.030659,0.133715,0.201958,0.627343,0.093288,0.126384,0.117776,-1
[INFO ] 509	Whole:0.124003,0.097884,0.108137,0.158683,0.737020,0.099796,0.134755,0.260092,-1
[INFO ] 509	Cold:0.040688,0.030086,0.134432,0.197182,0.625919,0.094805,0.126888,0.121341,-1
[INFO ] 514	Whole:0.123678,0.096908,0.108616,0.158612,0.736211,0.099199,0.134234,0.259316,-1
[INFO ] 514	Cold:0.040115,0.030086,0.135626,0.196705,0.624487,0.093520,0.125680,0.119845,-1
[INFO ] 519	Whole:0.122864,0.098698,0.108039,0.160625,0.738231,0.100132,0.135359,0.260630,-1
[INFO ] 519	Cold:0.040115,0.030372,0.135148,0.199570,0.625919,0.093591,0.126358,0.118877,-1
[INFO ] 524	Whole:0.122050,0.097640,0.107947,0.157315,0.739029,0.099562,0.134487,0.261552,-1
[INFO ] 524	Cold:0.040115,0.029226,0.134909,0.190401,0.621633,0.091535,0.122653,0.116686,-1
[INFO ] 529	Whole:0.121888,0.097884,0.106995,0.158325,0.740652,0.098963,0.134563,0.262882,-1
[INFO ] 529	Cold:0.040115,0.029799,0.134909,0.192407,0.623059,0.089324,0.121763,0.115673,-1
[INFO ] 534	Whole:0.123190,0.099593,0.109676,0.161488,0.742267,0.099613,0.135843,0.263942,-1
[INFO ] 534	Cold:0.041834,0.030372,0.140879,0.198138,0.625918,0.090680,0.124094,0.117043,-1
[INFO ] 539	Whole:0.121888,0.098779,0.106991,0.161706,0.742676,0.098030,0.134546,0.262044,-1
[INFO ] 539	Cold:0.040688,0.030372,0.136581,0.200048,0.627344,0.088712,0.122720,0.114332,-1


[INFO ] 544	Whole:0.123352,0.099512,0.108655,0.162222,0.742678,0.099638,0.135773,0.262709,-1
[INFO ] 544	Cold:0.041834,0.030659,0.138968,0.202913,0.628780,0.092420,0.126204,0.117286,-1
[INFO ] 549	Whole:0.122213,0.099105,0.109199,0.160953,0.741469,0.099151,0.135357,0.262178,-1
[INFO ] 549	Cold:0.042980,0.030946,0.142789,0.201576,0.627351,0.092995,0.126608,0.118257,-1
[INFO ] 554	Whole:0.120586,0.099105,0.106457,0.160312,0.742679,0.098827,0.134775,0.261494,-1
[INFO ] 554	Cold:0.040115,0.030946,0.135148,0.201576,0.627351,0.093575,0.127257,0.120239,-1
[INFO ] 559	Whole:0.120586,0.099268,0.108290,0.161236,0.742276,0.099286,0.135207,0.259591,-1
[INFO ] 559	Cold:0.041261,0.031232,0.141356,0.203009,0.628781,0.094578,0.128228,0.119981,-1
[INFO ] 564	Whole:0.122376,0.098861,0.110754,0.161803,0.741468,0.097706,0.134061,0.258582,-1
[INFO ] 564	Cold:0.041834,0.030946,0.142311,0.202436,0.628776,0.089068,0.123809,0.114529,-1
[INFO ] 569	Whole:0.120098,0.099186,0.109418,0.161596,0.741867,0.098660,0.134748,0.258256,-1
[INFO ] 569	Cold:0.042980,0.031232,0.144699,0.203009,0.628779,0.092111,0.126297,0.116921,-1
[INFO ] 574	Whole:0.120911,0.099268,0.109865,0.161563,0.742671,0.098437,0.134960,0.262843,-1
[INFO ] 574	Cold:0.041834,0.031232,0.140497,0.203009,0.628776,0.090373,0.125083,0.116488,-1
[INFO ] 579	Whole:0.121725,0.099675,0.110329,0.162420,0.743481,0.097906,0.134871,0.260338,-1
[INFO ] 579	Cold:0.041261,0.030946,0.138968,0.200143,0.627346,0.088581,0.122934,0.113453,-1
[INFO ] 584	Whole:0.123190,0.099837,0.111096,0.164230,0.745917,0.097973,0.135285,0.261810,-1
[INFO ] 584	Cold:0.042980,0.031519,0.144699,0.205874,0.630204,0.089170,0.124887,0.115589,-1
[INFO ] 589	Whole:0.121400,0.099430,0.109023,0.164755,0.746733,0.098254,0.135572,0.262156,-1
[INFO ] 589	Cold:0.041261,0.031519,0.137536,0.206351,0.631633,0.091146,0.126694,0.118570,-1
[INFO ] 594	Whole:0.123352,0.098779,0.112026,0.161963,0.741472,0.098459,0.134829,0.261616,-1
[INFO ] 594	Cold:0.043553,0.030946,0.145654,0.201576,0.627351,0.090457,0.124951,0.116951,-1
[INFO ] 599	Whole:0.122864,0.099105,0.112646,0.162894,0.742285,0.098877,0.135385,0.261633,-1
[INFO ] 599	Cold:0.044126,0.030946,0.146705,0.201576,0.627353,0.091709,0.125606,0.116469,-1



