Training: ...search/ranking/data/ml_100k/u1.base, Testing:: ...search/ranking/data/ml_100k/u1.test.
RankMBPR: 30,5.0E-4,0.5,0.5,2000,10,1600,100,1.0
19	Whole:0.249237,0.227669,0.021348,0.038408,0.000000,0.173312,0.068171,0.332703,-1
19	Cold:0.000000,0.000000,0.000000,0.000000,0.000000,0.000000,0.000000,0.000000,-1
29	Whole:0.301089,0.280174,0.031006,0.056835,0.000000,0.205204,0.094068,0.404594,-1
29	Cold:0.000000,0.000000,0.000000,0.000000,0.000000,0.000000,0.000000,0.000000,-1
39	Whole:0.377342,0.340305,0.051576,0.087257,0.000000,0.265805,0.136024,0.525767,-1
39	Cold:0.000000,0.000000,0.000000,0.000000,0.000000,0.000000,0.000000,0.000000,-1
49	Whole:0.430501,0.391068,0.070329,0.119447,0.000000,0.304869,0.172752,0.592871,-1
49	Cold:0.000000,0.000000,0.000000,0.000000,0.000000,0.000000,0.000000,0.000000,-1
59	Whole:0.464924,0.424183,0.082335,0.142486,0.000000,0.330592,0.200050,0.650827,-1
59	Cold:0.000000,0.000000,0.000000,0.000000,0.000000,0.000000,0.000000,0.000000,-1
69	Whole:0.494553,0.442919,0.089196,0.153178,0.000000,0.350646,0.214211,0.685694,-1
69	Cold:0.000000,0.000000,0.000000,0.000000,0.000000,0.000000,0.000000,0.000000,-1
79	Whole:0.513290,0.459913,0.093887,0.161129,0.000000,0.368018,0.225402,0.708676,-1
79	Cold:0.000000,0.000000,0.000000,0.000000,0.000000,0.000000,0.000000,0.000000,-1
89	Whole:0.528105,0.464924,0.098703,0.166053,0.000000,0.374505,0.231807,0.720133,-1
89	Cold:0.000000,0.000000,0.000000,0.000000,0.000000,0.000000,0.000000,0.000000,-1
99	Whole:0.535076,0.474728,0.098825,0.169519,0.000000,0.382854,0.235451,0.734007,-1
99	Cold:0.000000,0.000000,0.000000,0.000000,0.000000,0.000000,0.000000,0.000000,-1
109	Whole:0.535076,0.479085,0.100133,0.171224,0.000000,0.387797,0.240435,0.746605,-1
109	Cold:0.000000,0.000000,0.000000,0.000000,0.000000,0.000000,0.000000,0.000000,-1
119	Whole:0.544662,0.486710,0.102758,0.177749,0.000000,0.395842,0.246984,0.755853,-1
119	Cold:0.000000,0.000000,0.000000,0.000000,0.000000,0.000000,0.000000,0.000000,-1
129	Whole:0.547277,0.487800,0.107513,0.178018,0.000000,0.397955,0.249653,0.763975,-1
129	Cold:0.200000,0.200000,0.058824,0.117647,0.000000,0.053333,0.117095,0.200000,-1
139	Whole:0.556863,0.490414,0.110841,0.181472,0.000000,0.400360,0.253116,0.766764,-1
139	Cold:0.400000,0.200000,0.117647,0.117647,0.000000,0.073333,0.139754,0.333333,-1
149	Whole:0.554684,0.494118,0.109391,0.182059,0.000000,0.402413,0.253278,0.769684,-1
149	Cold:0.400000,0.200000,0.117647,0.117647,0.000000,0.100000,0.167292,0.500000,-1
159	Whole:0.558170,0.501307,0.109032,0.184251,0.000000,0.409738,0.256254,0.771169,-1
159	Cold:0.400000,0.200000,0.117647,0.117647,0.000000,0.100000,0.167292,0.500000,-1
169	Whole:0.562092,0.503486,0.109152,0.184889,0.000000,0.412932,0.257150,0.767778,-1
169	Cold:0.400000,0.300000,0.117647,0.176471,0.000000,0.204167,0.286089,1.000000,-1
179	Whole:0.563399,0.501089,0.110497,0.184171,0.000000,0.411363,0.257267,0.767760,-1
179	Cold:0.400000,0.200000,0.117647,0.117647,0.000000,0.100000,0.167292,0.500000,-1
189	Whole:0.567320,0.508279,0.110979,0.187017,0.000000,0.417984,0.260628,0.777582,-1
189	Cold:0.400000,0.200000,0.117647,0.117647,0.000000,0.150000,0.225452,1.000000,-1
199	Whole:0.568627,0.510675,0.112537,0.187723,0.000000,0.422896,0.262835,0.783579,-1
199	Cold:0.400000,0.200000,0.117647,0.117647,0.000000,0.090000,0.160387,0.500000,-1
209	Whole:0.575599,0.513725,0.114623,0.191393,0.000000,0.425146,0.265752,0.784621,-1
209	Cold:0.400000,0.200000,0.117647,0.117647,0.000000,0.140000,0.218546,1.000000,-1
219	Whole:0.569063,0.517647,0.113018,0.190979,0.000000,0.427595,0.267125,0.790481,-1
219	Cold:0.400000,0.300000,0.117647,0.176471,0.000000,0.173333,0.265984,1.000000,-1
229	Whole:0.574292,0.516122,0.113267,0.189554,0.000000,0.427940,0.265792,0.787239,-1
229	Cold:0.200000,0.300000,0.058824,0.176471,0.000000,0.166667,0.261155,1.000000,-1
239	Whole:0.574728,0.516122,0.114131,0.189578,0.000000,0.430967,0.267278,0.795626,-1
239	Cold:0.400000,0.400000,0.117647,0.235294,0.000000,0.232857,0.323532,1.000000,-1
249	Whole:0.569935,0.513508,0.114189,0.191451,0.000000,0.426600,0.267967,0.799170,-1
249	Cold:0.200000,0.400000,0.058824,0.235294,0.000000,0.220635,0.313683,1.000000,-1
259	Whole:0.573856,0.515251,0.114746,0.190117,0.000000,0.428419,0.267176,0.801387,-1
259	Cold:0.400000,0.300000,0.117647,0.176471,0.000000,0.200000,0.281585,1.000000,-1
269	Whole:0.572113,0.513508,0.112948,0.189582,0.000000,0.425956,0.265675,0.794681,-1
269	Cold:0.400000,0.300000,0.117647,0.176471,0.000000,0.182857,0.271074,1.000000,-1
279	Whole:0.579085,0.514597,0.115231,0.191050,0.000000,0.429706,0.268110,0.800354,-1
279	Cold:0.400000,0.300000,0.117647,0.176471,0.000000,0.173333,0.265984,1.000000,-1
289	Whole:0.578214,0.517429,0.115488,0.192623,0.000000,0.430279,0.267318,0.788742,-1
289	Cold:0.400000,0.300000,0.117647,0.176471,0.000000,0.177500,0.268258,1.000000,-1
299	Whole:0.583007,0.516993,0.116205,0.194187,0.000000,0.430676,0.269808,0.800374,-1
299	Cold:0.400000,0.300000,0.117647,0.176471,0.000000,0.190000,0.274679,1.000000,-1
309	Whole:0.577778,0.516993,0.115147,0.194032,0.000000,0.429901,0.269073,0.793908,-1
309	Cold:0.400000,0.400000,0.117647,0.235294,0.000000,0.230000,0.320231,1.000000,-1
319	Whole:0.583007,0.516993,0.117222,0.192572,0.000000,0.433249,0.269543,0.799426,-1
319	Cold:0.400000,0.300000,0.117647,0.176471,0.000000,0.190000,0.274679,1.000000,-1
329	Whole:0.578649,0.518083,0.115230,0.193969,0.000000,0.432228,0.270247,0.803287,-1
329	Cold:0.400000,0.300000,0.117647,0.176471,0.000000,0.190000,0.274679,1.000000,-1
339	Whole:0.587800,0.515468,0.117687,0.192691,0.000000,0.432053,0.269088,0.803622,-1
339	Cold:0.400000,0.300000,0.117647,0.176471,0.000000,0.182857,0.271074,1.000000,-1
349	Whole:0.586928,0.519390,0.117274,0.194017,0.000000,0.433014,0.269376,0.799303,-1
349	Cold:0.400000,0.300000,0.117647,0.176471,0.000000,0.190000,0.274679,1.000000,-1
359	Whole:0.583007,0.517647,0.116519,0.195371,0.000000,0.431863,0.270107,0.796606,-1
359	Cold:0.400000,0.300000,0.117647,0.176471,0.000000,0.190000,0.274679,1.000000,-1
369	Whole:0.579521,0.520697,0.116035,0.194169,0.000000,0.434811,0.269826,0.797012,-1
369	Cold:0.400000,0.300000,0.117647,0.176471,0.000000,0.190000,0.274679,1.000000,-1
379	Whole:0.580828,0.516558,0.116569,0.194399,0.000000,0.427953,0.267851,0.788709,-1
379	Cold:0.400000,0.300000,0.117647,0.176471,0.000000,0.182857,0.271074,1.000000,-1
389	Whole:0.583007,0.517429,0.117076,0.196200,0.000000,0.432090,0.271034,0.802105,-1
389	Cold:0.200000,0.300000,0.058824,0.176471,0.000000,0.176190,0.266245,1.000000,-1
399	Whole:0.578214,0.515468,0.115192,0.193342,0.000000,0.429620,0.268679,0.800924,-1
399	Cold:0.400000,0.300000,0.117647,0.176471,0.000000,0.182857,0.271074,1.000000,-1
409	Whole:0.575599,0.516340,0.115135,0.193605,0.000000,0.431232,0.269499,0.799849,-1
409	Cold:0.400000,0.300000,0.117647,0.176471,0.000000,0.182857,0.271074,1.000000,-1
419	Whole:0.582135,0.515251,0.116814,0.191810,0.000000,0.429211,0.266906,0.798385,-1
419	Cold:0.400000,0.300000,0.117647,0.176471,0.000000,0.182857,0.271074,1.000000,-1
429	Whole:0.579521,0.516558,0.115951,0.193064,0.000000,0.429445,0.267451,0.792408,-1
429	Cold:0.400000,0.300000,0.117647,0.176471,0.000000,0.182857,0.271074,1.000000,-1
439	Whole:0.581264,0.515904,0.116596,0.191828,0.000000,0.430577,0.267824,0.794031,-1
439	Cold:0.400000,0.300000,0.117647,0.176471,0.000000,0.182857,0.271074,1.000000,-1
449	Whole:0.582571,0.514815,0.116599,0.193641,0.000000,0.430460,0.269546,0.799926,-1
449	Cold:0.400000,0.400000,0.117647,0.235294,0.000000,0.230000,0.320231,1.000000,-1
459	Whole:0.581699,0.520697,0.117113,0.196402,0.000000,0.434770,0.270934,0.792761,-1
459	Cold:0.400000,0.300000,0.117647,0.176471,0.000000,0.190000,0.274679,1.000000,-1
469	Whole:0.579521,0.515033,0.115494,0.192457,0.000000,0.429118,0.267836,0.792619,-1
469	Cold:0.400000,0.300000,0.117647,0.176471,0.000000,0.182857,0.271074,1.000000,-1
479	Whole:0.574292,0.515468,0.115238,0.194143,0.000000,0.428598,0.268562,0.796025,-1
479	Cold:0.400000,0.300000,0.117647,0.176471,0.000000,0.182857,0.271074,1.000000,-1
489	Whole:0.576471,0.518736,0.115453,0.195314,0.000000,0.430275,0.268719,0.786254,-1
489	Cold:0.400000,0.300000,0.117647,0.176471,0.000000,0.182857,0.271074,1.000000,-1
499	Whole:0.578649,0.515251,0.116303,0.194551,0.000000,0.430275,0.268667,0.795849,-1
499	Cold:0.400000,0.300000,0.117647,0.176471,0.000000,0.182857,0.271074,1.000000,-1
509	Whole:0.576906,0.512854,0.115474,0.193424,0.000000,0.427401,0.267020,0.786208,-1
509	Cold:0.400000,0.300000,0.117647,0.176471,0.000000,0.182857,0.271074,1.000000,-1
519	Whole:0.581699,0.513508,0.117440,0.194577,0.000000,0.426956,0.266958,0.784024,-1
519	Cold:0.400000,0.300000,0.117647,0.176471,0.000000,0.190000,0.274679,1.000000,-1
529	Whole:0.579085,0.513508,0.115559,0.194537,0.000000,0.427785,0.268344,0.787136,-1
529	Cold:0.400000,0.300000,0.117647,0.176471,0.000000,0.182857,0.271074,1.000000,-1
539	Whole:0.579085,0.514815,0.116241,0.193588,0.000000,0.426244,0.266739,0.783186,-1
539	Cold:0.400000,0.300000,0.117647,0.176471,0.000000,0.177500,0.268258,1.000000,-1
549	Whole:0.579521,0.515904,0.116099,0.195133,0.000000,0.429132,0.268658,0.787658,-1
549	Cold:0.400000,0.300000,0.117647,0.176471,0.000000,0.182857,0.271074,1.000000,-1
559	Whole:0.578649,0.514161,0.115481,0.196165,0.000000,0.427855,0.267640,0.784642,-1
559	Cold:0.400000,0.300000,0.117647,0.176471,0.000000,0.182857,0.271074,1.000000,-1
569	Whole:0.579085,0.512200,0.115508,0.193543,0.000000,0.426873,0.266689,0.787834,-1
569	Cold:0.400000,0.300000,0.117647,0.176471,0.000000,0.177500,0.268258,1.000000,-1
579	Whole:0.579521,0.514161,0.116205,0.195970,0.000000,0.428985,0.269040,0.787447,-1
579	Cold:0.400000,0.300000,0.117647,0.176471,0.000000,0.182857,0.271074,1.000000,-1
589	Whole:0.573420,0.514161,0.114476,0.195574,0.000000,0.426377,0.266553,0.782043,-1
589	Cold:0.400000,0.300000,0.117647,0.176471,0.000000,0.182857,0.271074,1.000000,-1
599	Whole:0.575599,0.511983,0.115658,0.193632,0.000000,0.424314,0.265775,0.780996,-1
599	Cold:0.400000,0.300000,0.117647,0.176471,0.000000,0.190000,0.274679,1.000000,-1
609	Whole:0.576035,0.510458,0.116393,0.192131,0.000000,0.424118,0.263849,0.782375,-1
609	Cold:0.400000,0.300000,0.117647,0.176471,0.000000,0.190000,0.274679,1.000000,-1
619	Whole:0.583878,0.515686,0.116868,0.195998,0.000000,0.428392,0.268541,0.790494,-1
619	Cold:0.400000,0.300000,0.117647,0.176471,0.000000,0.190000,0.274679,1.000000,-1
629	Whole:0.578649,0.512200,0.115217,0.192586,0.000000,0.428129,0.266618,0.786954,-1
629	Cold:0.400000,0.400000,0.117647,0.235294,0.000000,0.230000,0.320231,1.000000,-1
639	Whole:0.581264,0.514815,0.115694,0.194372,0.000000,0.428312,0.267095,0.785722,-1
639	Cold:0.400000,0.300000,0.117647,0.176471,0.000000,0.190000,0.274679,1.000000,-1
649	Whole:0.582571,0.512854,0.117080,0.193562,0.000000,0.427124,0.266056,0.789693,-1
649	Cold:0.400000,0.300000,0.117647,0.176471,0.000000,0.190000,0.274679,1.000000,-1
659	Whole:0.580392,0.513290,0.117257,0.193999,0.000000,0.425448,0.265845,0.779737,-1
659	Cold:0.400000,0.300000,0.117647,0.176471,0.000000,0.190000,0.274679,1.000000,-1
669	Whole:0.581264,0.512200,0.116919,0.194597,0.000000,0.426175,0.266567,0.782745,-1
669	Cold:0.400000,0.400000,0.117647,0.235294,0.000000,0.232857,0.320787,1.000000,-1
679	Whole:0.580392,0.511983,0.115358,0.192227,0.000000,0.428314,0.265894,0.784285,-1
679	Cold:0.400000,0.400000,0.117647,0.235294,0.000000,0.234444,0.322116,1.000000,-1
689	Whole:0.575163,0.513072,0.115907,0.194663,0.000000,0.426829,0.266236,0.779753,-1
689	Cold:0.400000,0.400000,0.117647,0.235294,0.000000,0.234444,0.322116,1.000000,-1
699	Whole:0.578214,0.511111,0.116378,0.192885,0.000000,0.426155,0.265950,0.784094,-1
699	Cold:0.400000,0.400000,0.117647,0.235294,0.000000,0.227302,0.318512,1.000000,-1
709	Whole:0.583878,0.514161,0.117733,0.194338,0.000000,0.427032,0.266629,0.780907,-1
709	Cold:0.400000,0.300000,0.117647,0.176471,0.000000,0.190000,0.274679,1.000000,-1
719	Whole:0.574292,0.511983,0.114494,0.192336,0.000000,0.425632,0.265294,0.784273,-1
719	Cold:0.400000,0.300000,0.117647,0.176471,0.000000,0.182857,0.271074,1.000000,-1
729	Whole:0.577778,0.511547,0.117046,0.192222,0.000000,0.425532,0.265729,0.780663,-1
729	Cold:0.400000,0.300000,0.117647,0.176471,0.000000,0.177500,0.268258,1.000000,-1
739	Whole:0.574728,0.513072,0.114762,0.192983,0.000000,0.425633,0.265987,0.783469,-1
739	Cold:0.400000,0.300000,0.117647,0.176471,0.000000,0.190000,0.274679,1.000000,-1
749	Whole:0.572113,0.506100,0.114571,0.189717,0.000000,0.421987,0.264296,0.791526,-1
749	Cold:0.400000,0.300000,0.117647,0.176471,0.000000,0.182857,0.271074,1.000000,-1
759	Whole:0.577778,0.508061,0.116853,0.190967,0.000000,0.424626,0.265948,0.789721,-1
759	Cold:0.400000,0.300000,0.117647,0.176471,0.000000,0.182857,0.271074,1.000000,-1
769	Whole:0.577778,0.514597,0.116300,0.194537,0.000000,0.429596,0.269181,0.793735,-1
769	Cold:0.400000,0.300000,0.117647,0.176471,0.000000,0.182857,0.271074,1.000000,-1
779	Whole:0.579085,0.512636,0.117416,0.192675,0.000000,0.426104,0.266329,0.785732,-1
779	Cold:0.400000,0.300000,0.117647,0.176471,0.000000,0.182857,0.271074,1.000000,-1
789	Whole:0.575163,0.508932,0.115780,0.192065,0.000000,0.422172,0.265615,0.783241,-1
789	Cold:0.400000,0.400000,0.117647,0.235294,0.000000,0.221944,0.315696,1.000000,-1
799	Whole:0.575599,0.509586,0.115790,0.192026,0.000000,0.423201,0.263709,0.776560,-1
799	Cold:0.400000,0.300000,0.117647,0.176471,0.000000,0.177500,0.268258,1.000000,-1
809	Whole:0.582571,0.507407,0.117417,0.191545,0.000000,0.422389,0.263742,0.779577,-1
809	Cold:0.400000,0.400000,0.117647,0.235294,0.000000,0.221944,0.315696,1.000000,-1
819	Whole:0.582135,0.512418,0.118831,0.194167,0.000000,0.424693,0.266228,0.772735,-1
819	Cold:0.400000,0.400000,0.117647,0.235294,0.000000,0.221944,0.315696,1.000000,-1
829	Whole:0.577342,0.511111,0.115741,0.191860,0.000000,0.427306,0.265902,0.784932,-1
829	Cold:0.400000,0.300000,0.117647,0.176471,0.000000,0.177500,0.268258,1.000000,-1
839	Whole:0.582571,0.511765,0.117688,0.192974,0.000000,0.424805,0.265358,0.780539,-1
839	Cold:0.400000,0.400000,0.117647,0.235294,0.000000,0.217500,0.313811,1.000000,-1
849	Whole:0.579521,0.509368,0.116002,0.191126,0.000000,0.423914,0.264691,0.781853,-1
849	Cold:0.400000,0.300000,0.117647,0.176471,0.000000,0.173333,0.265984,1.000000,-1
859	Whole:0.579521,0.511765,0.116949,0.194490,0.000000,0.425150,0.266617,0.782394,-1
859	Cold:0.400000,0.300000,0.117647,0.176471,0.000000,0.177500,0.268258,1.000000,-1
869	Whole:0.577778,0.512418,0.116907,0.194700,0.000000,0.426189,0.267273,0.783828,-1
869	Cold:0.400000,0.300000,0.117647,0.176471,0.000000,0.190000,0.274679,1.000000,-1
879	Whole:0.581699,0.513508,0.117763,0.194709,0.000000,0.426919,0.267505,0.779719,-1
879	Cold:0.400000,0.300000,0.117647,0.176471,0.000000,0.190000,0.274679,1.000000,-1
889	Whole:0.576906,0.512636,0.115075,0.193195,0.000000,0.424583,0.265110,0.778222,-1
889	Cold:0.400000,0.300000,0.117647,0.176471,0.000000,0.190000,0.274679,1.000000,-1
899	Whole:0.582571,0.511329,0.117407,0.193348,0.000000,0.424905,0.265827,0.781339,-1
899	Cold:0.400000,0.300000,0.117647,0.176471,0.000000,0.182857,0.271074,1.000000,-1
909	Whole:0.581699,0.510893,0.116907,0.192439,0.000000,0.425498,0.266204,0.779701,-1
909	Cold:0.400000,0.300000,0.117647,0.176471,0.000000,0.200000,0.281585,1.000000,-1
919	Whole:0.581264,0.509586,0.116953,0.191442,0.000000,0.423104,0.263851,0.773764,-1
919	Cold:0.400000,0.400000,0.117647,0.235294,0.000000,0.240000,0.327137,1.000000,-1
929	Whole:0.578649,0.510022,0.116989,0.192354,0.000000,0.425151,0.265899,0.785342,-1
929	Cold:0.400000,0.300000,0.117647,0.176471,0.000000,0.190000,0.274679,1.000000,-1
939	Whole:0.575163,0.505664,0.115210,0.190459,0.000000,0.422026,0.263218,0.778644,-1
939	Cold:0.400000,0.300000,0.117647,0.176471,0.000000,0.190000,0.274679,1.000000,-1
949	Whole:0.578214,0.511765,0.117134,0.192896,0.000000,0.425018,0.265465,0.782231,-1
949	Cold:0.400000,0.400000,0.117647,0.235294,0.000000,0.217500,0.313811,1.000000,-1
959	Whole:0.579521,0.509150,0.115194,0.191210,0.000000,0.422835,0.263755,0.783498,-1
959	Cold:0.400000,0.300000,0.117647,0.176471,0.000000,0.182857,0.271074,1.000000,-1
969	Whole:0.581264,0.511765,0.116201,0.193628,0.000000,0.425653,0.266449,0.785646,-1
969	Cold:0.400000,0.300000,0.117647,0.176471,0.000000,0.177500,0.268258,1.000000,-1
979	Whole:0.579085,0.513943,0.116510,0.195706,0.000000,0.425430,0.267177,0.780639,-1
979	Cold:0.400000,0.300000,0.117647,0.176471,0.000000,0.182857,0.271074,1.000000,-1
989	Whole:0.578649,0.510240,0.117140,0.194267,0.000000,0.424967,0.266474,0.785270,-1
989	Cold:0.400000,0.300000,0.117647,0.176471,0.000000,0.182857,0.271074,1.000000,-1
999	Whole:0.576035,0.513072,0.116299,0.193960,0.000000,0.426560,0.267436,0.786874,-1
999	Cold:0.400000,0.300000,0.117647,0.176471,0.000000,0.182857,0.271074,1.000000,-1
1009	Whole:0.578214,0.511983,0.114977,0.193098,0.000000,0.426318,0.266406,0.786872,-1
1009	Cold:0.400000,0.400000,0.117647,0.235294,0.000000,0.221944,0.315696,1.000000,-1
1019	Whole:0.579085,0.512200,0.117371,0.193407,0.000000,0.424436,0.265736,0.781484,-1
1019	Cold:0.400000,0.400000,0.117647,0.235294,0.000000,0.227302,0.318512,1.000000,-1
1029	Whole:0.576035,0.510458,0.116014,0.192426,0.000000,0.424240,0.265026,0.787781,-1
1029	Cold:0.400000,0.400000,0.117647,0.235294,0.000000,0.240000,0.327137,1.000000,-1
1039	Whole:0.574728,0.511111,0.116178,0.192226,0.000000,0.422633,0.263492,0.777141,-1
1039	Cold:0.400000,0.300000,0.117647,0.176471,0.000000,0.182857,0.271074,1.000000,-1
1049	Whole:0.580392,0.509804,0.116665,0.193526,0.000000,0.424196,0.266387,0.787220,-1
1049	Cold:0.400000,0.400000,0.117647,0.235294,0.000000,0.227302,0.318512,1.000000,-1
1059	Whole:0.573856,0.510893,0.115957,0.194550,0.000000,0.423845,0.266160,0.783941,-1
1059	Cold:0.400000,0.400000,0.117647,0.235294,0.000000,0.227302,0.318512,1.000000,-1
1069	Whole:0.576906,0.507625,0.115952,0.191701,0.000000,0.421421,0.264932,0.787634,-1
1069	Cold:0.400000,0.400000,0.117647,0.235294,0.000000,0.237302,0.325418,1.000000,-1
1079	Whole:0.578214,0.509150,0.116115,0.193832,0.000000,0.423838,0.266062,0.786712,-1
1079	Cold:0.400000,0.300000,0.117647,0.176471,0.000000,0.200000,0.281585,1.000000,-1
1089	Whole:0.578214,0.511329,0.116580,0.193291,0.000000,0.424920,0.265901,0.783855,-1
1089	Cold:0.400000,0.400000,0.117647,0.235294,0.000000,0.230000,0.320231,1.000000,-1
1099	Whole:0.572549,0.511983,0.115756,0.193317,0.000000,0.424848,0.265982,0.784172,-1
1099	Cold:0.400000,0.400000,0.117647,0.235294,0.000000,0.227302,0.318512,1.000000,-1
1109	Whole:0.575599,0.509368,0.115878,0.191365,0.000000,0.423375,0.264550,0.779462,-1
1109	Cold:0.400000,0.400000,0.117647,0.235294,0.000000,0.227302,0.318512,1.000000,-1
1119	Whole:0.577778,0.509150,0.114605,0.191698,0.000000,0.422766,0.264604,0.776175,-1
1119	Cold:0.400000,0.400000,0.117647,0.235294,0.000000,0.230000,0.320231,1.000000,-1
1129	Whole:0.578214,0.511329,0.116990,0.193492,0.000000,0.426031,0.267105,0.795178,-1
1129	Cold:0.400000,0.300000,0.117647,0.176471,0.000000,0.182857,0.271074,1.000000,-1
1139	Whole:0.571678,0.512636,0.115620,0.193796,0.000000,0.425818,0.267834,0.795167,-1
1139	Cold:0.400000,0.300000,0.117647,0.176471,0.000000,0.182857,0.271074,1.000000,-1
1149	Whole:0.576035,0.511547,0.115661,0.195050,0.000000,0.423636,0.266892,0.786610,-1
1149	Cold:0.400000,0.400000,0.117647,0.235294,0.000000,0.227302,0.318512,1.000000,-1
1159	Whole:0.577778,0.512418,0.115861,0.194656,0.000000,0.425469,0.267285,0.786315,-1
1159	Cold:0.400000,0.300000,0.117647,0.176471,0.000000,0.182857,0.271074,1.000000,-1
1169	Whole:0.574728,0.513290,0.115926,0.195074,0.000000,0.424792,0.267725,0.781846,-1
1169	Cold:0.400000,0.300000,0.117647,0.176471,0.000000,0.182857,0.271074,1.000000,-1
1179	Whole:0.572549,0.511983,0.113163,0.192077,0.000000,0.424302,0.264728,0.785188,-1
1179	Cold:0.400000,0.300000,0.117647,0.176471,0.000000,0.190000,0.274679,1.000000,-1
1189	Whole:0.575599,0.509804,0.115234,0.194078,0.000000,0.422762,0.266161,0.782551,-1
1189	Cold:0.400000,0.300000,0.117647,0.176471,0.000000,0.190000,0.274679,1.000000,-1
1199	Whole:0.577342,0.508932,0.114431,0.192926,0.000000,0.421842,0.264856,0.785102,-1
1199	Cold:0.400000,0.300000,0.117647,0.176471,0.000000,0.200000,0.281585,1.000000,-1
1209	Whole:0.570370,0.515251,0.114388,0.195532,0.000000,0.426288,0.266612,0.780463,-1
1209	Cold:0.400000,0.300000,0.117647,0.176471,0.000000,0.182857,0.271074,1.000000,-1
1219	Whole:0.576906,0.512200,0.116207,0.194548,0.000000,0.424197,0.266802,0.786486,-1
1219	Cold:0.400000,0.300000,0.117647,0.176471,0.000000,0.173333,0.265984,1.000000,-1
1229	Whole:0.579085,0.511329,0.118175,0.191641,0.000000,0.425305,0.265133,0.780454,-1
1229	Cold:0.400000,0.300000,0.117647,0.176471,0.000000,0.190000,0.274679,1.000000,-1
1239	Whole:0.577342,0.511765,0.116086,0.193734,0.000000,0.424728,0.266625,0.782414,-1
1239	Cold:0.400000,0.300000,0.117647,0.176471,0.000000,0.182857,0.271074,1.000000,-1
1249	Whole:0.578214,0.509368,0.117525,0.193324,0.000000,0.422880,0.265728,0.783691,-1
1249	Cold:0.400000,0.300000,0.117647,0.176471,0.000000,0.182857,0.271074,1.000000,-1
1259	Whole:0.580392,0.511765,0.116439,0.194265,0.000000,0.424377,0.266854,0.782369,-1
1259	Cold:0.400000,0.300000,0.117647,0.176471,0.000000,0.182857,0.271074,1.000000,-1
1269	Whole:0.576471,0.511111,0.115783,0.193096,0.000000,0.424997,0.265916,0.780898,-1
1269	Cold:0.400000,0.300000,0.117647,0.176471,0.000000,0.177500,0.268258,1.000000,-1
1279	Whole:0.580828,0.513072,0.116781,0.192911,0.000000,0.426588,0.266190,0.785512,-1
1279	Cold:0.400000,0.300000,0.117647,0.176471,0.000000,0.200000,0.281585,1.000000,-1
1289	Whole:0.579085,0.508715,0.117218,0.191877,0.000000,0.423304,0.265455,0.780190,-1
1289	Cold:0.400000,0.300000,0.117647,0.176471,0.000000,0.200000,0.281585,1.000000,-1
1299	Whole:0.579956,0.508279,0.117103,0.194338,0.000000,0.422938,0.266993,0.781725,-1
1299	Cold:0.400000,0.300000,0.117647,0.176471,0.000000,0.190000,0.274679,1.000000,-1
1309	Whole:0.576471,0.510893,0.115724,0.194756,0.000000,0.423267,0.266706,0.780825,-1
1309	Cold:0.400000,0.400000,0.117647,0.235294,0.000000,0.244444,0.329022,1.000000,-1
1319	Whole:0.574728,0.511329,0.115824,0.192919,0.000000,0.425638,0.265837,0.781386,-1
1319	Cold:0.400000,0.300000,0.117647,0.176471,0.000000,0.192857,0.277980,1.000000,-1
1329	Whole:0.576035,0.511547,0.116603,0.192768,0.000000,0.426386,0.265647,0.781894,-1
1329	Cold:0.400000,0.300000,0.117647,0.176471,0.000000,0.177500,0.268258,1.000000,-1
1339	Whole:0.571678,0.512418,0.115656,0.194622,0.000000,0.424626,0.266979,0.780215,-1
1339	Cold:0.400000,0.300000,0.117647,0.176471,0.000000,0.177500,0.268258,1.000000,-1
1349	Whole:0.572113,0.510893,0.115389,0.193758,0.000000,0.421538,0.265481,0.776872,-1
1349	Cold:0.400000,0.300000,0.117647,0.176471,0.000000,0.182857,0.271074,1.000000,-1
1359	Whole:0.569063,0.511983,0.114689,0.193745,0.000000,0.423818,0.266038,0.780613,-1
1359	Cold:0.400000,0.300000,0.117647,0.176471,0.000000,0.192857,0.277980,1.000000,-1
1369	Whole:0.572985,0.511329,0.115839,0.195074,0.000000,0.425946,0.267879,0.789401,-1
1369	Cold:0.400000,0.400000,0.117647,0.235294,0.000000,0.250000,0.331297,1.000000,-1
1379	Whole:0.575163,0.511111,0.116302,0.194573,0.000000,0.424698,0.267164,0.781889,-1
1379	Cold:0.400000,0.300000,0.117647,0.176471,0.000000,0.200000,0.281585,1.000000,-1
1389	Whole:0.575163,0.510022,0.115707,0.192131,0.000000,0.424388,0.265154,0.783858,-1
1389	Cold:0.400000,0.300000,0.117647,0.176471,0.000000,0.200000,0.281585,1.000000,-1
1399	Whole:0.582571,0.512200,0.118975,0.194265,0.000000,0.427378,0.266861,0.778330,-1
1399	Cold:0.400000,0.400000,0.117647,0.235294,0.000000,0.244444,0.329022,1.000000,-1
1409	Whole:0.571678,0.509150,0.113624,0.191547,0.000000,0.424556,0.266550,0.787007,-1
1409	Cold:0.400000,0.300000,0.117647,0.176471,0.000000,0.192857,0.277980,1.000000,-1
1419	Whole:0.578649,0.509368,0.115781,0.191537,0.000000,0.425404,0.265879,0.789570,-1
1419	Cold:0.400000,0.300000,0.117647,0.176471,0.000000,0.200000,0.281585,1.000000,-1
1429	Whole:0.573420,0.510893,0.116070,0.193154,0.000000,0.424436,0.266319,0.783645,-1
1429	Cold:0.400000,0.300000,0.117647,0.176471,0.000000,0.200000,0.281585,1.000000,-1
1439	Whole:0.574292,0.513072,0.114595,0.193949,0.000000,0.426549,0.265859,0.781249,-1
1439	Cold:0.400000,0.400000,0.117647,0.235294,0.000000,0.250000,0.331297,1.000000,-1
1449	Whole:0.574728,0.510458,0.116297,0.193218,0.000000,0.424876,0.265576,0.779887,-1
1449	Cold:0.400000,0.300000,0.117647,0.176471,0.000000,0.192857,0.277980,1.000000,-1
1459	Whole:0.574728,0.513725,0.115245,0.198489,0.000000,0.427951,0.268528,0.786040,-1
1459	Cold:0.400000,0.300000,0.117647,0.176471,0.000000,0.200000,0.281585,1.000000,-1
1469	Whole:0.577778,0.516122,0.117480,0.196171,0.000000,0.429270,0.269845,0.795701,-1
1469	Cold:0.400000,0.300000,0.117647,0.176471,0.000000,0.200000,0.281585,1.000000,-1
1479	Whole:0.577342,0.511547,0.118277,0.193345,0.000000,0.427098,0.266955,0.784756,-1
1479	Cold:0.400000,0.300000,0.117647,0.176471,0.000000,0.200000,0.281585,1.000000,-1
1489	Whole:0.577342,0.513290,0.116762,0.195100,0.000000,0.428024,0.268737,0.794485,-1
1489	Cold:0.400000,0.400000,0.117647,0.235294,0.000000,0.240000,0.327137,1.000000,-1
1499	Whole:0.576906,0.516993,0.115613,0.195471,0.000000,0.428954,0.268062,0.784529,-1
1499	Cold:0.400000,0.300000,0.117647,0.176471,0.000000,0.200000,0.281585,1.000000,-1
1509	Whole:0.579956,0.512418,0.116949,0.192933,0.000000,0.427473,0.267727,0.792819,-1
1509	Cold:0.400000,0.300000,0.117647,0.176471,0.000000,0.200000,0.281585,1.000000,-1
1519	Whole:0.579521,0.510675,0.115754,0.192339,0.000000,0.426949,0.267418,0.792059,-1
1519	Cold:0.400000,0.300000,0.117647,0.176471,0.000000,0.177500,0.268258,1.000000,-1
1529	Whole:0.575163,0.508932,0.115874,0.192411,0.000000,0.423250,0.265870,0.785989,-1
1529	Cold:0.400000,0.300000,0.117647,0.176471,0.000000,0.200000,0.281585,1.000000,-1
1539	Whole:0.572985,0.513725,0.115064,0.195607,0.000000,0.426758,0.267271,0.780413,-1
1539	Cold:0.400000,0.300000,0.117647,0.176471,0.000000,0.200000,0.281585,1.000000,-1
1549	Whole:0.578214,0.508061,0.117212,0.190872,0.000000,0.424155,0.266493,0.792191,-1
1549	Cold:0.400000,0.300000,0.117647,0.176471,0.000000,0.200000,0.281585,1.000000,-1
1559	Whole:0.572113,0.510458,0.113496,0.194284,0.000000,0.424126,0.267404,0.789767,-1
1559	Cold:0.400000,0.300000,0.117647,0.176471,0.000000,0.192857,0.277980,1.000000,-1
1569	Whole:0.576035,0.509150,0.116043,0.192093,0.000000,0.425456,0.267611,0.799974,-1
1569	Cold:0.400000,0.300000,0.117647,0.176471,0.000000,0.192857,0.277980,1.000000,-1
1579	Whole:0.577778,0.510675,0.117104,0.193025,0.000000,0.424904,0.267367,0.793855,-1
1579	Cold:0.400000,0.300000,0.117647,0.176471,0.000000,0.200000,0.281585,1.000000,-1
1589	Whole:0.574728,0.511111,0.115303,0.192981,0.000000,0.425778,0.266928,0.792917,-1
1589	Cold:0.400000,0.300000,0.117647,0.176471,0.000000,0.177500,0.268258,1.000000,-1
1599	Whole:0.572113,0.510893,0.115574,0.191791,0.000000,0.424476,0.266215,0.790643,-1
1599	Cold:0.400000,0.300000,0.117647,0.176471,0.000000,0.200000,0.281585,1.000000,-1
1609	Whole:0.568627,0.512636,0.113647,0.192400,0.000000,0.427512,0.266842,0.788908,-1
1609	Cold:0.400000,0.300000,0.117647,0.176471,0.000000,0.190000,0.274679,1.000000,-1
1619	Whole:0.574292,0.511765,0.113334,0.194498,0.000000,0.425905,0.267366,0.789453,-1
1619	Cold:0.400000,0.300000,0.117647,0.176471,0.000000,0.200000,0.281585,1.000000,-1
1629	Whole:0.574728,0.513290,0.114690,0.195881,0.000000,0.426142,0.268377,0.789153,-1
1629	Cold:0.400000,0.300000,0.117647,0.176471,0.000000,0.200000,0.281585,1.000000,-1
1639	Whole:0.574292,0.510240,0.114106,0.193322,0.000000,0.425337,0.265957,0.785105,-1
1639	Cold:0.400000,0.300000,0.117647,0.176471,0.000000,0.190000,0.274679,1.000000,-1
1649	Whole:0.579956,0.511547,0.117217,0.194609,0.000000,0.425129,0.267422,0.787602,-1
1649	Cold:0.400000,0.300000,0.117647,0.176471,0.000000,0.177500,0.268258,1.000000,-1
1659	Whole:0.581264,0.511765,0.117380,0.192915,0.000000,0.425555,0.266211,0.785347,-1
1659	Cold:0.400000,0.300000,0.117647,0.176471,0.000000,0.190000,0.274679,1.000000,-1
1669	Whole:0.575163,0.511983,0.117557,0.192531,0.000000,0.423974,0.265362,0.778328,-1
1669	Cold:0.400000,0.300000,0.117647,0.176471,0.000000,0.182857,0.271074,1.000000,-1
1679	Whole:0.572113,0.513072,0.114177,0.193944,0.000000,0.426117,0.266632,0.784556,-1
1679	Cold:0.400000,0.300000,0.117647,0.176471,0.000000,0.192857,0.277980,1.000000,-1
1689	Whole:0.573856,0.509368,0.115100,0.192110,0.000000,0.422485,0.264739,0.784609,-1
1689	Cold:0.400000,0.300000,0.117647,0.176471,0.000000,0.190000,0.274679,1.000000,-1
1699	Whole:0.576035,0.516122,0.115601,0.195380,0.000000,0.428185,0.268213,0.784745,-1
1699	Cold:0.400000,0.300000,0.117647,0.176471,0.000000,0.190000,0.274679,1.000000,-1
1709	Whole:0.571678,0.509150,0.115259,0.192664,0.000000,0.422102,0.264627,0.777192,-1
1709	Cold:0.400000,0.300000,0.117647,0.176471,0.000000,0.182857,0.271074,1.000000,-1
1719	Whole:0.575163,0.511983,0.114802,0.192626,0.000000,0.426195,0.266656,0.785789,-1
1719	Cold:0.400000,0.300000,0.117647,0.176471,0.000000,0.182857,0.271074,1.000000,-1
1729	Whole:0.577778,0.514161,0.118137,0.194305,0.000000,0.427508,0.268164,0.791217,-1
1729	Cold:0.400000,0.300000,0.117647,0.176471,0.000000,0.182857,0.271074,1.000000,-1
1739	Whole:0.577778,0.513508,0.115857,0.193855,0.000000,0.428169,0.267596,0.787822,-1
1739	Cold:0.400000,0.300000,0.117647,0.176471,0.000000,0.170000,0.264098,1.000000,-1
1749	Whole:0.572113,0.513508,0.114935,0.194527,0.000000,0.425463,0.267950,0.782847,-1
1749	Cold:0.400000,0.300000,0.117647,0.176471,0.000000,0.200000,0.281585,1.000000,-1
1759	Whole:0.574292,0.515904,0.116725,0.196589,0.000000,0.427644,0.268541,0.781301,-1
1759	Cold:0.400000,0.300000,0.117647,0.176471,0.000000,0.190000,0.274679,1.000000,-1
1769	Whole:0.574292,0.511547,0.115945,0.192031,0.000000,0.424943,0.265300,0.782012,-1
1769	Cold:0.400000,0.300000,0.117647,0.176471,0.000000,0.192857,0.277980,1.000000,-1
1779	Whole:0.571242,0.511983,0.114381,0.193746,0.000000,0.426473,0.267296,0.787831,-1
1779	Cold:0.400000,0.300000,0.117647,0.176471,0.000000,0.180000,0.271004,1.000000,-1
1789	Whole:0.576906,0.512854,0.116042,0.192956,0.000000,0.425997,0.266041,0.784720,-1
1789	Cold:0.400000,0.200000,0.117647,0.117647,0.000000,0.140000,0.218546,1.000000,-1
1799	Whole:0.571242,0.513290,0.114070,0.194455,0.000000,0.426294,0.267609,0.788023,-1
1799	Cold:0.400000,0.300000,0.117647,0.176471,0.000000,0.200000,0.281585,1.000000,-1
1809	Whole:0.570370,0.513290,0.115217,0.195292,0.000000,0.424546,0.266414,0.780306,-1
1809	Cold:0.400000,0.300000,0.117647,0.176471,0.000000,0.182857,0.271074,1.000000,-1
1819	Whole:0.568627,0.514161,0.114819,0.194312,0.000000,0.425725,0.267148,0.788778,-1
1819	Cold:0.400000,0.300000,0.117647,0.176471,0.000000,0.182857,0.271074,1.000000,-1
1829	Whole:0.573420,0.512636,0.117412,0.192918,0.000000,0.427429,0.266777,0.787228,-1
1829	Cold:0.400000,0.300000,0.117647,0.176471,0.000000,0.200000,0.281585,1.000000,-1
1839	Whole:0.573856,0.511329,0.115804,0.192761,0.000000,0.423817,0.265866,0.786064,-1
1839	Cold:0.400000,0.300000,0.117647,0.176471,0.000000,0.190000,0.274679,1.000000,-1
1849	Whole:0.579521,0.510022,0.117585,0.192059,0.000000,0.425095,0.266142,0.788772,-1
1849	Cold:0.400000,0.300000,0.117647,0.176471,0.000000,0.190000,0.274679,1.000000,-1
1859	Whole:0.570370,0.512636,0.114642,0.194747,0.000000,0.424572,0.267019,0.784729,-1
1859	Cold:0.400000,0.300000,0.117647,0.176471,0.000000,0.182857,0.271074,1.000000,-1
1869	Whole:0.566885,0.507625,0.112233,0.191561,0.000000,0.419829,0.263144,0.775500,-1
1869	Cold:0.400000,0.300000,0.117647,0.176471,0.000000,0.182857,0.271074,1.000000,-1
1879	Whole:0.569499,0.509150,0.113707,0.192145,0.000000,0.424473,0.266336,0.785143,-1
1879	Cold:0.400000,0.300000,0.117647,0.176471,0.000000,0.182857,0.271074,1.000000,-1
1889	Whole:0.572985,0.510458,0.115013,0.192891,0.000000,0.423328,0.265725,0.783255,-1
1889	Cold:0.400000,0.300000,0.117647,0.176471,0.000000,0.200000,0.281585,1.000000,-1
1899	Whole:0.572549,0.513072,0.113112,0.193274,0.000000,0.424203,0.265120,0.781806,-1
1899	Cold:0.400000,0.300000,0.117647,0.176471,0.000000,0.192857,0.277980,1.000000,-1
1909	Whole:0.577778,0.512418,0.116789,0.192863,0.000000,0.426219,0.266977,0.790838,-1
1909	Cold:0.400000,0.300000,0.117647,0.176471,0.000000,0.190000,0.274679,1.000000,-1
1919	Whole:0.574728,0.509804,0.115384,0.192341,0.000000,0.423725,0.264849,0.776765,-1
1919	Cold:0.400000,0.300000,0.117647,0.176471,0.000000,0.182857,0.271074,1.000000,-1
1929	Whole:0.579085,0.518301,0.116602,0.195335,0.000000,0.430405,0.269435,0.784435,-1
1929	Cold:0.400000,0.300000,0.117647,0.176471,0.000000,0.200000,0.281585,1.000000,-1
1939	Whole:0.576035,0.512636,0.115088,0.192714,0.000000,0.426243,0.266128,0.779418,-1
1939	Cold:0.400000,0.300000,0.117647,0.176471,0.000000,0.200000,0.281585,1.000000,-1
1949	Whole:0.576471,0.512418,0.115724,0.194957,0.000000,0.423341,0.266567,0.779340,-1
1949	Cold:0.400000,0.300000,0.117647,0.176471,0.000000,0.182857,0.271074,1.000000,-1
1959	Whole:0.576906,0.511983,0.116640,0.192613,0.000000,0.425384,0.266474,0.779452,-1
1959	Cold:0.400000,0.300000,0.117647,0.176471,0.000000,0.177500,0.268258,1.000000,-1
1969	Whole:0.576471,0.513943,0.116134,0.194605,0.000000,0.426501,0.267041,0.780353,-1
1969	Cold:0.400000,0.300000,0.117647,0.176471,0.000000,0.182857,0.271074,1.000000,-1
1979	Whole:0.570370,0.512854,0.113949,0.192940,0.000000,0.425826,0.266288,0.784554,-1
1979	Cold:0.400000,0.300000,0.117647,0.176471,0.000000,0.177500,0.268258,1.000000,-1
1989	Whole:0.572985,0.516993,0.114760,0.196677,0.000000,0.427123,0.268132,0.780588,-1
1989	Cold:0.400000,0.300000,0.117647,0.176471,0.000000,0.192857,0.277980,1.000000,-1
1999	Whole:0.578214,0.512636,0.116003,0.194669,0.000000,0.424737,0.266076,0.777155,-1
1999	Cold:0.400000,0.400000,0.117647,0.235294,0.000000,0.222857,0.316626,1.000000,-1
0.576035,0.516122,0.116845,0.196036,0.000000,0.426147,0.267267,0.777199,-1
