Training: ...ranking/data/yelp/train0.2_folder_1, Testing:: .../ranking/data/yelp/test0.2_folder_1.
RankMBPR: 30,5.0E-4,0.5,0.5,600,10,1600,100,1.0
1	Whole:0.007747,0.006928,0.011500,0.020341,0.531739,0.007833,0.013695,0.022509,-1
1	Cold:0.003717,0.003075,0.010831,0.018670,0.515196,0.007326,0.011267,0.011776,-1
279	Cold:0.010914,0.009208,0.033381,0.056717,0.543981,0.020256,0.032137,0.031363,-1
284	Whole:0.026969,0.022527,0.039356,0.065671,0.587756,0.026927,0.045071,0.071254,-1
284	Cold:0.011151,0.009579,0.033795,0.059242,0.545753,0.020398,0.032864,0.031594,-1
289	Whole:0.026832,0.022512,0.038967,0.065584,0.588097,0.027103,0.045243,0.071721,-1
289	Cold:0.011151,0.009495,0.033640,0.058425,0.545585,0.021159,0.033305,0.032461,-1
294	Whole:0.027120,0.022853,0.039829,0.066921,0.588968,0.027587,0.045996,0.072336,-1
294	Cold:0.011387,0.009714,0.034936,0.060275,0.546598,0.021759,0.034290,0.033661,-1
299	Whole:0.027211,0.022792,0.039653,0.066498,0.588589,0.027666,0.045985,0.072789,-1
299	Cold:0.011387,0.009596,0.034691,0.059256,0.546092,0.021956,0.034204,0.033805,-1
304	Whole:0.027257,0.022838,0.040170,0.067045,0.588665,0.027761,0.046194,0.073170,-1
304	Cold:0.011184,0.009782,0.034409,0.060881,0.546766,0.021560,0.034255,0.033543,-1
309	Whole:0.027787,0.022974,0.040758,0.067328,0.589309,0.027947,0.046473,0.073257,-1
309	Cold:0.011455,0.009816,0.035206,0.060520,0.547189,0.021914,0.034593,0.034268,-1
314	Whole:0.027772,0.023315,0.041591,0.068476,0.590936,0.027844,0.046755,0.072935,-1
314	Cold:0.012029,0.010120,0.037259,0.062715,0.548793,0.022085,0.035341,0.034766,-1
319	Whole:0.027515,0.022899,0.040994,0.066962,0.589498,0.027766,0.046229,0.072773,-1
319	Cold:0.012029,0.009883,0.037028,0.060917,0.547780,0.022173,0.034963,0.034761,-1
324	Whole:0.027408,0.023080,0.041068,0.068287,0.589952,0.028095,0.046800,0.073146,-1
324	Cold:0.011928,0.010052,0.037152,0.063097,0.548371,0.021989,0.035218,0.034143,-1
329	Whole:0.028318,0.023209,0.042137,0.068921,0.590975,0.028143,0.047044,0.073169,-1
329	Cold:0.012536,0.010340,0.038830,0.064528,0.549553,0.022789,0.036299,0.035315,-1
334	Whole:0.028121,0.022959,0.041596,0.067564,0.589650,0.028078,0.046616,0.073066,-1
334	Cold:0.012198,0.010255,0.037639,0.063125,0.549131,0.022390,0.035668,0.034750,-1
339	Whole:0.027878,0.023217,0.041329,0.068088,0.590445,0.028188,0.046896,0.072997,-1
339	Cold:0.012029,0.010340,0.037140,0.063482,0.549890,0.023019,0.036319,0.035750,-1
344	Whole:0.027833,0.023043,0.041091,0.067750,0.589916,0.028261,0.046884,0.073449,-1
344	Cold:0.011691,0.010289,0.036296,0.062754,0.549215,0.022929,0.036035,0.035533,-1
349	Whole:0.027863,0.023240,0.041319,0.068282,0.590597,0.028271,0.047008,0.073080,-1
349	Cold:0.012232,0.010458,0.037639,0.063466,0.549806,0.022881,0.036248,0.035561,-1
354	Whole:0.027833,0.023391,0.041498,0.069105,0.591125,0.028363,0.047297,0.073546,-1
354	Cold:0.012266,0.010492,0.037909,0.064886,0.550143,0.023049,0.036595,0.035495,-1
359	Whole:0.028075,0.023262,0.042110,0.069069,0.591089,0.028489,0.047348,0.073449,-1
359	Cold:0.012401,0.010627,0.038678,0.065474,0.550987,0.023285,0.036978,0.035810,-1
364	Whole:0.027727,0.023315,0.041840,0.068735,0.591013,0.028554,0.047324,0.073247,-1
364	Cold:0.012130,0.010475,0.037912,0.064157,0.549975,0.023231,0.036589,0.035449,-1


369	Whole:0.028045,0.023361,0.042567,0.069561,0.590863,0.028827,0.047674,0.073181,-1
369	Cold:0.012198,0.010677,0.038362,0.065731,0.551072,0.023267,0.036998,0.035571,-1
374	Whole:0.027833,0.023452,0.041783,0.069816,0.591808,0.028904,0.047864,0.073840,-1
374	Cold:0.012468,0.010762,0.038520,0.065956,0.551493,0.023481,0.037271,0.036109,-1
379	Whole:0.028151,0.023209,0.042195,0.068547,0.590634,0.028479,0.047195,0.073164,-1
379	Cold:0.012367,0.010593,0.038064,0.064892,0.550818,0.022987,0.036661,0.035712,-1
384	Whole:0.028136,0.023353,0.041929,0.069186,0.590749,0.028339,0.047242,0.073230,-1
384	Cold:0.012232,0.010542,0.037889,0.065021,0.550397,0.022763,0.036461,0.035218,-1
389	Whole:0.027939,0.023209,0.041629,0.067912,0.590407,0.028284,0.046923,0.072836,-1
389	Cold:0.012367,0.010475,0.037912,0.064311,0.550144,0.023056,0.036547,0.035729,-1
394	Whole:0.028227,0.023262,0.042310,0.069236,0.590825,0.028679,0.047566,0.073921,-1
394	Cold:0.012536,0.010627,0.039032,0.065452,0.550903,0.023094,0.036875,0.035819,-1
399	Whole:0.027924,0.023194,0.041730,0.068554,0.590408,0.028444,0.047181,0.073100,-1
399	Cold:0.012232,0.010559,0.038148,0.064472,0.550819,0.022631,0.036315,0.035221,-1
404	Whole:0.027863,0.023126,0.042019,0.068093,0.589992,0.028329,0.046957,0.072963,-1
404	Cold:0.012739,0.010542,0.039452,0.064894,0.550566,0.022753,0.036456,0.035300,-1
409	Whole:0.027939,0.023224,0.042106,0.068032,0.590105,0.028342,0.046957,0.072794,-1
409	Cold:0.012874,0.010593,0.040072,0.065120,0.550819,0.023096,0.036808,0.035649,-1
414	Whole:0.027575,0.023240,0.041836,0.068372,0.589916,0.028479,0.047118,0.072816,-1
414	Cold:0.012603,0.010407,0.039486,0.063965,0.549975,0.022842,0.036287,0.035349,-1
419	Whole:0.028121,0.023300,0.042562,0.068777,0.590560,0.028383,0.047154,0.072664,-1
419	Cold:0.012874,0.010576,0.040072,0.064810,0.550903,0.022639,0.036362,0.035066,-1
424	Whole:0.027651,0.023126,0.042291,0.067757,0.589651,0.028227,0.046767,0.072625,-1
424	Cold:0.012435,0.010610,0.039311,0.064824,0.550819,0.022851,0.036510,0.035135,-1
429	Whole:0.027636,0.023012,0.042418,0.067460,0.589424,0.028289,0.046719,0.072546,-1
429	Cold:0.012941,0.010492,0.040649,0.064266,0.550482,0.023241,0.036685,0.035696,-1
434	Whole:0.027393,0.022899,0.041533,0.067352,0.589272,0.028070,0.046453,0.072064,-1
434	Cold:0.012671,0.010492,0.039838,0.064894,0.550650,0.023027,0.036655,0.035720,-1
439	Whole:0.027151,0.022997,0.041217,0.067849,0.589007,0.027988,0.046477,0.071830,-1
439	Cold:0.012401,0.010559,0.038740,0.065148,0.550650,0.022683,0.036446,0.035235,-1
444	Whole:0.027621,0.023096,0.041616,0.068278,0.589689,0.028502,0.046992,0.072664,-1
444	Cold:0.012468,0.010677,0.039176,0.066091,0.551325,0.023952,0.037677,0.036853,-1
449	Whole:0.027606,0.023171,0.041723,0.068108,0.589877,0.028254,0.046784,0.072271,-1
449	Cold:0.012401,0.010677,0.038911,0.065511,0.551240,0.023167,0.036910,0.035602,-1
454	Whole:0.027120,0.022906,0.041321,0.067361,0.589120,0.028112,0.046476,0.072033,-1
454	Cold:0.012502,0.010576,0.039049,0.064994,0.550819,0.023249,0.036912,0.036125,-1
459	Whole:0.026939,0.022838,0.040936,0.067519,0.589310,0.027925,0.046352,0.071849,-1
459	Cold:0.012130,0.010458,0.038134,0.064500,0.550566,0.022842,0.036485,0.035884,-1
464	Whole:0.027257,0.022861,0.041221,0.068065,0.589348,0.028243,0.046689,0.072318,-1
464	Cold:0.012299,0.010373,0.038185,0.064458,0.550312,0.023301,0.036764,0.036297,-1
469	Whole:0.027120,0.022861,0.041106,0.067907,0.589007,0.028282,0.046652,0.072360,-1
469	Cold:0.012401,0.010593,0.038742,0.065106,0.551156,0.023177,0.036920,0.036231,-1
474	Whole:0.027060,0.022914,0.040002,0.067797,0.589007,0.027817,0.046288,0.071781,-1
474	Cold:0.011860,0.010593,0.036847,0.065198,0.550902,0.022646,0.036436,0.035343,-1
479	Whole:0.026969,0.022800,0.040217,0.067273,0.588515,0.028249,0.046497,0.072165,-1
479	Cold:0.012097,0.010340,0.037706,0.063654,0.549806,0.023106,0.036431,0.035809,-1
484	Whole:0.027090,0.022800,0.040538,0.067404,0.588591,0.028020,0.046305,0.071753,-1
484	Cold:0.012130,0.010407,0.038016,0.064301,0.550481,0.023146,0.036642,0.036257,-1
489	Whole:0.027090,0.022974,0.040448,0.067979,0.589158,0.028063,0.046477,0.071457,-1
489	Cold:0.012097,0.010627,0.037960,0.066029,0.551325,0.023178,0.037010,0.035801,-1
494	Whole:0.026848,0.022724,0.040430,0.067335,0.588401,0.027774,0.046040,0.071050,-1
494	Cold:0.012164,0.010576,0.038340,0.065359,0.551240,0.023006,0.036779,0.035895,-1
499	Whole:0.026969,0.022368,0.040810,0.066609,0.587380,0.027667,0.045755,0.070945,-1
499	Cold:0.012130,0.010407,0.038340,0.064606,0.550228,0.022827,0.036451,0.035717,-1
504	Whole:0.026969,0.022603,0.040449,0.067023,0.588098,0.027835,0.046017,0.071484,-1
504	Cold:0.012063,0.010424,0.038143,0.064552,0.550397,0.023131,0.036687,0.036107,-1
509	Whole:0.026787,0.022633,0.040456,0.066999,0.587985,0.027690,0.045831,0.070938,-1
509	Cold:0.011995,0.010373,0.037847,0.065152,0.550312,0.023240,0.036790,0.035850,-1
514	Whole:0.027075,0.022656,0.040535,0.066594,0.588325,0.027691,0.045829,0.071074,-1
514	Cold:0.012299,0.010424,0.038171,0.064363,0.550566,0.022705,0.036344,0.035662,-1
519	Whole:0.027181,0.022717,0.040689,0.066931,0.588363,0.027820,0.046021,0.071223,-1
519	Cold:0.012029,0.010441,0.037974,0.064876,0.550397,0.022832,0.036511,0.035728,-1
524	Whole:0.027136,0.022580,0.040539,0.066141,0.587682,0.027932,0.045953,0.071993,-1
524	Cold:0.012097,0.010373,0.037487,0.063203,0.549975,0.022544,0.036003,0.035576,-1
529	Whole:0.027120,0.022504,0.040558,0.066715,0.587720,0.027697,0.045822,0.071125,-1
529	Cold:0.012232,0.010407,0.037881,0.065098,0.550312,0.022494,0.036232,0.035090,-1
534	Whole:0.026605,0.022406,0.040231,0.066157,0.587304,0.027759,0.045679,0.070952,-1
534	Cold:0.012097,0.010204,0.038002,0.063578,0.549553,0.023032,0.036331,0.035889,-1
539	Whole:0.026726,0.022648,0.040231,0.066261,0.587795,0.027771,0.045758,0.070909,-1
539	Cold:0.011961,0.010323,0.037298,0.064217,0.549891,0.022946,0.036419,0.035840,-1
544	Whole:0.026908,0.022542,0.040482,0.066407,0.587456,0.027433,0.045532,0.071003,-1
544	Cold:0.012029,0.010407,0.037636,0.064324,0.550397,0.022697,0.036281,0.035590,-1
549	Whole:0.027333,0.022398,0.041060,0.065334,0.587304,0.027416,0.045324,0.070782,-1
549	Cold:0.012367,0.010272,0.038430,0.063026,0.549891,0.022600,0.035923,0.035315,-1
554	Whole:0.026757,0.022391,0.040285,0.065553,0.587606,0.027414,0.045391,0.070969,-1
554	Cold:0.012097,0.010238,0.037901,0.063254,0.549722,0.022449,0.035838,0.035256,-1
559	Whole:0.026484,0.022466,0.039573,0.066048,0.587379,0.027562,0.045521,0.070535,-1
559	Cold:0.011826,0.010323,0.036870,0.063902,0.549806,0.022885,0.036256,0.035386,-1
564	Whole:0.026726,0.022338,0.040062,0.065284,0.586811,0.027422,0.045203,0.070394,-1
564	Cold:0.011961,0.010204,0.037411,0.062813,0.549384,0.022657,0.035891,0.035610,-1
569	Whole:0.026802,0.022504,0.040209,0.066131,0.587833,0.027403,0.045403,0.070245,-1
569	Cold:0.012130,0.010306,0.037523,0.064028,0.549975,0.022497,0.036008,0.035253,-1
574	Whole:0.026984,0.022398,0.040550,0.065754,0.587379,0.027380,0.045333,0.070528,-1
574	Cold:0.012266,0.010340,0.038058,0.064158,0.550059,0.022291,0.035896,0.035022,-1
579	Whole:0.026681,0.022391,0.039427,0.066127,0.587644,0.027450,0.045372,0.070480,-1
579	Cold:0.012063,0.010255,0.037050,0.063685,0.549806,0.022448,0.035857,0.035136,-1
584	Whole:0.026635,0.022216,0.040138,0.064998,0.586849,0.027369,0.045107,0.070430,-1
584	Cold:0.012198,0.010120,0.037886,0.062411,0.549131,0.022508,0.035663,0.035349,-1
589	Whole:0.026741,0.022254,0.040156,0.064596,0.586130,0.027122,0.044872,0.070300,-1
589	Cold:0.011928,0.010154,0.037115,0.062282,0.549046,0.021855,0.035140,0.034483,-1
594	Whole:0.026757,0.022186,0.040158,0.064761,0.586016,0.027049,0.044760,0.069950,-1
594	Cold:0.012063,0.010052,0.037326,0.062392,0.548794,0.022101,0.035328,0.034899,-1
599	Whole:0.026575,0.022277,0.039793,0.064791,0.587000,0.027033,0.044830,0.070115,-1
599	Cold:0.011995,0.010154,0.036749,0.061838,0.548962,0.021845,0.035042,0.034457,-1
0.026741,0.022368,0.039917,0.065180,0.587152,0.027278,0.045146,0.070620,-1


java -jar walkranker.jar -c rankmbpryelp.conf
[INFO ] Training: ...research/ssh/yelp/train0.2_folder_1, Testing:: .../research/ssh/yelp/test0.2_folder_1.
[DEBUG] User amount: 16821, item amount: 14476
[DEBUG] Rate amount: 196088, scales: {1.0}
[DEBUG] User amount: 16821, item amount: 14476
[DEBUG] Rate amount: 48428, scales: {1.0}
[INFO ] RankMBPR: 30,5.0E-4,0.5,0.5,400,10,1600,100,1.0
[INFO ] 204	Whole:0.023406,0.019586,0.033213,0.055682,0.892039,0.022543,0.038323,0.061721,-1
[INFO ] 204	Cold:0.008887,0.007941,0.026975,0.048920,0.878491,0.017055,0.027369,0.026679,-1
[INFO ] 209	Whole:0.023982,0.019776,0.033576,0.055917,0.893356,0.022775,0.038630,0.062528,-1
[INFO ] 209	Cold:0.009123,0.007941,0.027369,0.048425,0.880101,0.017217,0.027419,0.026913,-1
[INFO ] 214	Whole:0.024013,0.020102,0.033830,0.056447,0.894417,0.023027,0.039127,0.063414,-1
[INFO ] 214	Cold:0.009123,0.008093,0.027462,0.048760,0.881302,0.016850,0.027277,0.026604,-1
[INFO ] 219	Whole:0.024240,0.020397,0.034063,0.057761,0.895517,0.023495,0.039777,0.063592,-1
[INFO ] 219	Cold:0.009157,0.008228,0.027482,0.049996,0.882692,0.017295,0.027922,0.027191,-1
[INFO ] 224	Whole:0.024634,0.020670,0.034860,0.058832,0.896535,0.023960,0.040488,0.064818,-1
[INFO ] 224	Cold:0.009529,0.008498,0.028492,0.051700,0.883854,0.017762,0.028724,0.027791,-1
[INFO ] 229	Whole:0.024725,0.020852,0.034976,0.058859,0.897699,0.024434,0.041037,0.066644,-1
[INFO ] 229	Cold:0.009596,0.008566,0.028441,0.051243,0.884869,0.017715,0.028653,0.027888,-1
[INFO ] 234	Whole:0.024786,0.021208,0.034609,0.059924,0.898615,0.024668,0.041529,0.067003,-1
[INFO ] 234	Cold:0.009326,0.008650,0.027703,0.051942,0.885747,0.017979,0.029094,0.028626,-1
[INFO ] 239	Whole:0.025225,0.021276,0.035887,0.060649,0.899457,0.024831,0.041832,0.067322,-1
[INFO ] 239	Cold:0.009630,0.008701,0.029205,0.053026,0.887028,0.018179,0.029386,0.028217,-1
[INFO ] 244	Whole:0.025438,0.021731,0.036119,0.062330,0.900421,0.025306,0.042749,0.068420,-1
[INFO ] 244	Cold:0.009833,0.009022,0.029567,0.054783,0.887923,0.018544,0.030217,0.029161,-1
[INFO ] 249	Whole:0.026044,0.021883,0.037280,0.062392,0.901188,0.025884,0.043233,0.069031,-1
[INFO ] 249	Cold:0.010137,0.009123,0.030595,0.055408,0.888802,0.019082,0.030795,0.029613,-1
[INFO ] 254	Whole:0.026423,0.022012,0.038327,0.063453,0.901989,0.025785,0.043554,0.069804,-1
[INFO ] 254	Cold:0.010509,0.009174,0.032111,0.055930,0.889856,0.018929,0.030871,0.029851,-1
[INFO ] 259	Whole:0.025999,0.022042,0.037556,0.063559,0.902655,0.025874,0.043603,0.069705,-1
[INFO ] 259	Cold:0.010340,0.009275,0.030740,0.056451,0.890521,0.018986,0.030982,0.029713,-1
[INFO ] 264	Whole:0.026211,0.022353,0.037705,0.064259,0.903275,0.025905,0.043870,0.069751,-1
[INFO ] 264	Cold:0.010340,0.009343,0.030604,0.056161,0.891376,0.019143,0.031138,0.030171,-1
[INFO ] 269	Whole:0.026514,0.022376,0.038355,0.064740,0.903768,0.026601,0.044566,0.070909,-1
[INFO ] 269	Cold:0.010441,0.009529,0.031293,0.058048,0.891916,0.019892,0.032170,0.031102,-1
[INFO ] 274	Whole:0.026878,0.022535,0.039157,0.065358,0.904285,0.027082,0.045160,0.071539,-1
[INFO ] 274	Cold:0.010677,0.009613,0.032073,0.058241,0.892719,0.020084,0.032449,0.031390,-1
[INFO ] 279	Whole:0.027120,0.022823,0.039649,0.066976,0.904726,0.027456,0.045910,0.072300,-1
[INFO ] 279	Cold:0.011083,0.009748,0.032791,0.059616,0.893336,0.020765,0.033294,0.032249,-1
[INFO ] 284	Whole:0.027075,0.022808,0.039522,0.066360,0.905079,0.027453,0.045695,0.071389,-1
[INFO ] 284	Cold:0.010846,0.009782,0.032990,0.059599,0.893646,0.020888,0.033404,0.032379,-1
[INFO ] 289	Whole:0.027196,0.023012,0.040463,0.067082,0.905394,0.027700,0.046116,0.072053,-1
[INFO ] 289	Cold:0.011286,0.009900,0.034090,0.060500,0.894275,0.021297,0.033996,0.032930,-1
[INFO ] 294	Whole:0.027211,0.023118,0.040574,0.067545,0.905969,0.027896,0.046373,0.072273,-1
[INFO ] 294	Cold:0.011455,0.009917,0.034512,0.060233,0.894612,0.021566,0.034138,0.033246,-1
[INFO ] 299	Whole:0.027454,0.023126,0.040852,0.067040,0.906194,0.027950,0.046393,0.072906,-1
[INFO ] 299	Cold:0.011353,0.009748,0.034653,0.059049,0.895112,0.021478,0.033895,0.033601,-1
[INFO ] 304	Whole:0.027439,0.023103,0.040628,0.067012,0.906404,0.027961,0.046379,0.072779,-1
[INFO ] 304	Cold:0.011353,0.009900,0.034498,0.059898,0.895403,0.021482,0.034048,0.033205,-1
[INFO ] 309	Whole:0.027712,0.023338,0.041042,0.068277,0.906599,0.028329,0.046939,0.073164,-1
[INFO ] 309	Cold:0.011624,0.010019,0.035065,0.060856,0.895962,0.021998,0.034663,0.033700,-1
[INFO ] 314	Whole:0.027318,0.023444,0.039838,0.068911,0.906842,0.028099,0.046934,0.073036,-1
[INFO ] 314	Cold:0.011083,0.010204,0.033248,0.062329,0.896159,0.021609,0.034684,0.033321,-1
[INFO ] 319	Whole:0.027697,0.023361,0.040898,0.068807,0.907125,0.028511,0.047271,0.073775,-1
[INFO ] 319	Cold:0.011556,0.010272,0.035009,0.062326,0.896340,0.021889,0.034988,0.033758,-1
[INFO ] 324	Whole:0.027787,0.023490,0.041046,0.069113,0.907093,0.028725,0.047527,0.073840,-1
[INFO ] 324	Cold:0.011826,0.010424,0.035413,0.062829,0.896222,0.022350,0.035526,0.034472,-1
[INFO ] 329	Whole:0.027894,0.023785,0.041687,0.070074,0.907269,0.028832,0.047931,0.074021,-1
[INFO ] 329	Cold:0.011691,0.010458,0.035731,0.063330,0.896511,0.022548,0.035820,0.034783,-1
[INFO ] 334	Whole:0.027939,0.023619,0.041352,0.069055,0.907354,0.028830,0.047735,0.074441,-1
[INFO ] 334	Cold:0.011793,0.010238,0.035330,0.061486,0.896736,0.022420,0.035288,0.034584,-1
[INFO ] 339	Whole:0.027848,0.023626,0.041604,0.069051,0.907182,0.028885,0.047795,0.074427,-1
[INFO ] 339	Cold:0.011894,0.010323,0.035944,0.061863,0.896884,0.022414,0.035403,0.034547,-1
[INFO ] 344	Whole:0.027545,0.023649,0.041139,0.069035,0.907352,0.028935,0.047774,0.074344,-1
[INFO ] 344	Cold:0.011793,0.010356,0.035386,0.062089,0.896808,0.022607,0.035630,0.035003,-1
[INFO ] 349	Whole:0.027939,0.023566,0.041606,0.068694,0.907482,0.029078,0.047813,0.074247,-1
[INFO ] 349	Cold:0.011928,0.010289,0.036090,0.061890,0.896776,0.022968,0.035846,0.035402,-1
[INFO ] 354	Whole:0.028394,0.023717,0.042728,0.069692,0.907277,0.028875,0.047899,0.073786,-1
[INFO ] 354	Cold:0.012367,0.010559,0.037357,0.063768,0.896687,0.022881,0.036238,0.035382,-1
[INFO ] 359	Whole:0.028197,0.023694,0.042107,0.069170,0.907155,0.028677,0.047661,0.073899,-1
[INFO ] 359	Cold:0.012232,0.010509,0.036253,0.063030,0.896703,0.022601,0.035851,0.034896,-1
[INFO ] 364	Whole:0.028045,0.023687,0.042625,0.069393,0.907001,0.029218,0.048055,0.074133,-1
[INFO ] 364	Cold:0.012299,0.010458,0.036856,0.063453,0.896608,0.023162,0.036351,0.035444,-1
[INFO ] 369	Whole:0.028060,0.023725,0.042798,0.069392,0.906975,0.029076,0.048001,0.073965,-1
[INFO ] 369	Cold:0.012502,0.010441,0.038337,0.062929,0.896684,0.022811,0.036002,0.035125,-1
[INFO ] 374	Whole:0.028000,0.023710,0.042286,0.069745,0.906868,0.029203,0.048263,0.074693,-1
[INFO ] 374	Cold:0.012435,0.010694,0.037779,0.063975,0.896387,0.023305,0.036747,0.036096,-1
[INFO ] 379	Whole:0.027894,0.023656,0.041931,0.068987,0.906646,0.028910,0.047840,0.074139,-1
[INFO ] 379	Cold:0.012536,0.010458,0.037512,0.062509,0.896365,0.022767,0.036000,0.035596,-1
[INFO ] 384	Whole:0.027894,0.023550,0.042041,0.068612,0.906573,0.029200,0.047979,0.074391,-1
[INFO ] 384	Cold:0.012637,0.010221,0.037664,0.061172,0.896247,0.022954,0.035728,0.035306,-1
[INFO ] 389	Whole:0.028182,0.023603,0.042610,0.068928,0.906298,0.028876,0.047828,0.074497,-1
[INFO ] 389	Cold:0.012772,0.010407,0.038509,0.062608,0.896114,0.022644,0.035822,0.035020,-1
[INFO ] 394	Whole:0.028333,0.023603,0.043280,0.068865,0.906190,0.029668,0.048395,0.075057,-1
[INFO ] 394	Cold:0.012637,0.010356,0.038520,0.062298,0.895868,0.023850,0.036751,0.036578,-1
[INFO ] 399	Whole:0.028015,0.023361,0.043031,0.068475,0.905801,0.029215,0.047883,0.074356,-1
[INFO ] 399	Cold:0.012603,0.010424,0.038497,0.062636,0.895618,0.023859,0.036876,0.036963,-1
[INFO ] 0.027742,0.023353,0.042142,0.068548,0.905716,0.029147,0.047862,0.074550,-1


