[INFO ] Training: ...ssh/lastfm-hetrec/train0.5_folder_1, Testing:: .../ssh/lastfm-hetrec/test0.5_folder_1.
[DEBUG] User amount: 1612, item amount: 5534
[DEBUG] Rate amount: 30018, scales: {1.0}
[DEBUG] User amount: 1612, item amount: 5534
[DEBUG] Rate amount: 28523, scales: {1.0}
[INFO ] RankMBPR: 30,5.0E-4,0.35,0.35,600,10,1600,100,1.0
[INFO ] 154	Whole:0.140652,0.115581,0.057006,0.095927,0.728102,0.089410,0.093614,0.263338,-1
[INFO ] 154	Cold:0.036533,0.030031,0.061151,0.111911,0.612751,0.044840,0.074300,0.093975,-1
[INFO ] 159	Whole:0.143626,0.117918,0.060499,0.098187,0.733428,0.092753,0.097009,0.272221,-1
[INFO ] 159	Cold:0.039009,0.030960,0.067764,0.114037,0.618933,0.047182,0.078031,0.102805,-1
[INFO ] 164	Whole:0.146459,0.121105,0.064753,0.100645,0.737255,0.095614,0.099576,0.278823,-1
[INFO ] 164	Cold:0.040867,0.031889,0.075839,0.116971,0.620481,0.048954,0.080388,0.104964,-1
[INFO ] 169	Whole:0.148867,0.124646,0.066497,0.103550,0.742187,0.098343,0.102585,0.284587,-1
[INFO ] 169	Cold:0.042415,0.032663,0.078279,0.119285,0.625115,0.050768,0.082840,0.109073,-1
[INFO ] 174	Whole:0.152266,0.127054,0.065867,0.106698,0.743974,0.100494,0.104685,0.288053,-1
[INFO ] 174	Cold:0.041486,0.034675,0.075054,0.126335,0.630513,0.052285,0.086006,0.110808,-1
[INFO ] 179	Whole:0.155666,0.128754,0.069752,0.108692,0.748544,0.102820,0.106451,0.292042,-1
[INFO ] 179	Cold:0.043963,0.035449,0.082683,0.129993,0.634368,0.053689,0.087863,0.110717,-1
[INFO ] 184	Whole:0.157365,0.131020,0.069720,0.111156,0.752425,0.105449,0.109232,0.296413,-1
[INFO ] 184	Cold:0.043344,0.037307,0.081452,0.134163,0.640547,0.057077,0.092760,0.119892,-1
[INFO ] 189	Whole:0.157932,0.131020,0.071213,0.110508,0.754186,0.104310,0.108404,0.297556,-1
[INFO ] 189	Cold:0.045511,0.036533,0.085024,0.131435,0.641317,0.054070,0.089684,0.116109,-1
[INFO ] 194	Whole:0.161756,0.133144,0.074313,0.112595,0.756318,0.106135,0.110048,0.298988,-1
[INFO ] 194	Cold:0.047678,0.037771,0.090915,0.134403,0.641325,0.055215,0.091589,0.117708,-1
[INFO ] 199	Whole:0.161473,0.134632,0.073250,0.117072,0.761580,0.107445,0.112659,0.303132,-1
[INFO ] 199	Cold:0.047988,0.038545,0.089160,0.141300,0.646732,0.057186,0.095055,0.122116,-1
[INFO ] 204	Whole:0.163031,0.136615,0.072709,0.119702,0.762666,0.108130,0.113182,0.300220,-1
[INFO ] 204	Cold:0.047678,0.039009,0.087984,0.145189,0.649822,0.056700,0.095414,0.120158,-1
[INFO ] 209	Whole:0.163598,0.136048,0.075225,0.119531,0.763719,0.108652,0.113602,0.298892,-1
[INFO ] 209	Cold:0.049536,0.039164,0.092527,0.145397,0.649827,0.058619,0.097105,0.122884,-1
[INFO ] 214	Whole:0.164306,0.137181,0.075719,0.120857,0.763044,0.108756,0.114373,0.297612,-1
[INFO ] 214	Cold:0.050155,0.039938,0.094409,0.148351,0.651374,0.058724,0.098522,0.126076,-1
[INFO ] 219	Whole:0.163314,0.137606,0.074592,0.122495,0.767239,0.108930,0.115651,0.299841,-1
[INFO ] 219	Cold:0.050464,0.040557,0.091985,0.150654,0.654462,0.059669,0.100061,0.128143,-1
[INFO ] 224	Whole:0.163031,0.138456,0.076296,0.124133,0.770058,0.109647,0.117104,0.302086,-1
[INFO ] 224	Cold:0.051393,0.040867,0.095402,0.151917,0.656783,0.060716,0.101732,0.132376,-1
[INFO ] 229	Whole:0.163456,0.138385,0.077482,0.124074,0.769381,0.108518,0.116650,0.299596,-1
[INFO ] 229	Cold:0.052322,0.042105,0.098116,0.152904,0.660634,0.060040,0.101917,0.132229,-1
[INFO ] 234	Whole:0.162606,0.139023,0.078152,0.126453,0.771188,0.109564,0.118026,0.301409,-1
[INFO ] 234	Cold:0.052941,0.042415,0.100040,0.157677,0.663726,0.061092,0.103848,0.133481,-1
[INFO ] 239	Whole:0.162748,0.137890,0.077352,0.124180,0.772571,0.108971,0.117480,0.302721,-1
[INFO ] 239	Cold:0.053560,0.042570,0.098841,0.155087,0.664498,0.062144,0.104361,0.134816,-1
[INFO ] 244	Whole:0.162606,0.137323,0.077415,0.123471,0.770461,0.107720,0.116289,0.298504,-1
[INFO ] 244	Cold:0.052941,0.041796,0.098198,0.152406,0.659877,0.060588,0.101951,0.129347,-1
[INFO ] 249	Whole:0.162323,0.138810,0.079227,0.125139,0.774679,0.108587,0.117814,0.302314,-1
[INFO ] 249	Cold:0.054180,0.042260,0.101151,0.155708,0.664506,0.062038,0.104501,0.134873,-1
[INFO ] 254	Whole:0.162323,0.136190,0.079372,0.125882,0.772573,0.106373,0.116500,0.299258,-1
[INFO ] 254	Cold:0.055108,0.042260,0.101316,0.159874,0.667587,0.060667,0.104334,0.134384,-1
[INFO ] 259	Whole:0.160623,0.135198,0.079178,0.124949,0.774678,0.104325,0.114853,0.294869,-1
[INFO ] 259	Cold:0.052941,0.042415,0.099691,0.157923,0.668351,0.058904,0.102260,0.129841,-1
[INFO ] 264	Whole:0.156657,0.135765,0.076341,0.124777,0.772563,0.103697,0.114108,0.291374,-1
[INFO ] 264	Cold:0.052012,0.041796,0.096881,0.157394,0.666040,0.059516,0.102482,0.131408,-1
[INFO ] 269	Whole:0.155666,0.133853,0.075084,0.122637,0.771525,0.101983,0.112436,0.287666,-1
[INFO ] 269	Cold:0.050774,0.041641,0.094338,0.154509,0.666034,0.058343,0.101132,0.130638,-1
[INFO ] 274	Whole:0.155524,0.131445,0.075902,0.120227,0.769433,0.100777,0.111385,0.286590,-1
[INFO ] 274	Cold:0.051703,0.041022,0.096776,0.151102,0.663723,0.059563,0.101454,0.133132,-1
[INFO ] 279	Whole:0.152266,0.130807,0.073877,0.119993,0.769775,0.100805,0.111322,0.286311,-1
[INFO ] 279	Cold:0.051393,0.040867,0.094352,0.151249,0.664501,0.060325,0.101937,0.132338,-1
[INFO ] 284	Whole:0.152833,0.130666,0.075130,0.121180,0.768713,0.099418,0.110734,0.283990,-1
[INFO ] 284	Cold:0.050464,0.041331,0.097216,0.152994,0.665268,0.058877,0.101097,0.129280,-1
[INFO ] 289	Whole:0.147592,0.128258,0.074579,0.119665,0.767298,0.097997,0.109938,0.283222,-1
[INFO ] 289	Cold:0.050464,0.040867,0.098827,0.152188,0.663726,0.059859,0.101863,0.132656,-1
[INFO ] 294	Whole:0.146884,0.128470,0.073916,0.117794,0.764813,0.097674,0.109294,0.284112,-1
[INFO ] 294	Cold:0.050774,0.040248,0.097574,0.147622,0.659866,0.059063,0.099894,0.129398,-1
[INFO ] 299	Whole:0.146176,0.127054,0.073361,0.117093,0.765521,0.096076,0.108086,0.281560,-1
[INFO ] 299	Cold:0.049226,0.039938,0.096693,0.147148,0.659868,0.057620,0.098628,0.127366,-1
[INFO ] 304	Whole:0.141643,0.125921,0.073347,0.116102,0.764460,0.094890,0.107251,0.279658,-1
[INFO ] 304	Cold:0.047988,0.039319,0.097997,0.144400,0.656782,0.057972,0.097947,0.127028,-1
[INFO ] 309	Whole:0.141926,0.125283,0.071361,0.115701,0.762315,0.094747,0.107131,0.280409,-1
[INFO ] 309	Cold:0.047059,0.039628,0.094876,0.144636,0.656780,0.058282,0.098435,0.128044,-1
[INFO ] 314	Whole:0.141076,0.124221,0.070375,0.114758,0.761638,0.094413,0.107041,0.280241,-1
[INFO ] 314	Cold:0.046440,0.039783,0.091973,0.144249,0.658322,0.058987,0.099296,0.132341,-1
[INFO ] 319	Whole:0.143059,0.122663,0.072767,0.114044,0.761989,0.093831,0.106636,0.281106,-1
[INFO ] 319	Cold:0.049226,0.039628,0.097156,0.143940,0.656780,0.059357,0.099585,0.133500,-1
[INFO ] 324	Whole:0.140935,0.122521,0.072759,0.114917,0.764043,0.092850,0.106268,0.279571,-1
[INFO ] 324	Cold:0.049536,0.039783,0.096795,0.145914,0.658317,0.059099,0.099610,0.132388,-1
[INFO ] 329	Whole:0.139377,0.119830,0.072122,0.111263,0.759814,0.091434,0.104485,0.277576,-1
[INFO ] 329	Cold:0.049845,0.038080,0.096384,0.140768,0.654469,0.059031,0.098174,0.132333,-1
[INFO ] 334	Whole:0.137677,0.118555,0.069632,0.109992,0.758083,0.090313,0.103208,0.273908,-1
[INFO ] 334	Cold:0.048297,0.038390,0.092720,0.140188,0.652148,0.058004,0.096782,0.127821,-1
[INFO ] 339	Whole:0.135836,0.117422,0.067941,0.108540,0.755607,0.089039,0.101582,0.268557,-1
[INFO ] 339	Cold:0.046749,0.037307,0.089571,0.138765,0.650603,0.057400,0.095276,0.124233,-1
[INFO ] 344	Whole:0.135836,0.117139,0.067102,0.109842,0.756328,0.088750,0.101691,0.268021,-1
[INFO ] 344	Cold:0.046749,0.038080,0.087238,0.142637,0.652150,0.057436,0.096494,0.125446,-1
[INFO ] 349	Whole:0.134278,0.116076,0.067112,0.107350,0.753865,0.087511,0.099827,0.264891,-1
[INFO ] 349	Cold:0.046440,0.037307,0.088371,0.138012,0.651370,0.055003,0.093155,0.120839,-1
[INFO ] 354	Whole:0.135127,0.116289,0.066493,0.108175,0.752477,0.088690,0.100822,0.266342,-1
[INFO ] 354	Cold:0.046130,0.037926,0.086901,0.140529,0.651373,0.057860,0.096316,0.126231,-1
[INFO ] 359	Whole:0.134561,0.116289,0.066388,0.108338,0.750005,0.088243,0.100627,0.265719,-1
[INFO ] 359	Cold:0.046440,0.037616,0.087159,0.139821,0.648286,0.057671,0.095909,0.126340,-1
[INFO ] 364	Whole:0.134136,0.115014,0.065535,0.105955,0.749640,0.087376,0.099641,0.265447,-1
[INFO ] 364	Cold:0.045201,0.037307,0.085675,0.135876,0.646739,0.057257,0.094805,0.126738,-1
[INFO ] 369	Whole:0.133286,0.114448,0.064725,0.105252,0.748586,0.087380,0.099447,0.266354,-1
[INFO ] 369	Cold:0.044892,0.036687,0.083547,0.134339,0.645198,0.057274,0.094172,0.125694,-1
[INFO ] 374	Whole:0.130595,0.112960,0.062082,0.103911,0.747170,0.084792,0.096877,0.259756,-1
[INFO ] 374	Cold:0.043034,0.036687,0.079625,0.134541,0.646731,0.054918,0.092135,0.122450,-1
[INFO ] 379	Whole:0.131020,0.112960,0.062742,0.102039,0.745072,0.084383,0.095823,0.257243,-1
[INFO ] 379	Cold:0.043653,0.035913,0.081114,0.130295,0.643645,0.054018,0.090135,0.119380,-1
[INFO ] 384	Whole:0.130595,0.112677,0.062125,0.101919,0.745769,0.084293,0.095809,0.256686,-1
[INFO ] 384	Cold:0.042415,0.035604,0.079625,0.129506,0.642876,0.054741,0.090465,0.120505,-1
[INFO ] 389	Whole:0.128329,0.111756,0.063646,0.101630,0.742969,0.084032,0.095340,0.255008,-1
[INFO ] 389	Cold:0.043344,0.035604,0.085500,0.130782,0.640567,0.055377,0.091043,0.119717,-1
[INFO ] 394	Whole:0.127195,0.112465,0.062387,0.100880,0.743647,0.084168,0.095500,0.256198,-1
[INFO ] 394	Cold:0.043963,0.035604,0.083206,0.128464,0.640557,0.054983,0.090435,0.120496,-1
[INFO ] 399	Whole:0.128045,0.111402,0.063436,0.100824,0.743312,0.083708,0.095267,0.253358,-1
[INFO ] 399	Cold:0.044582,0.034830,0.084496,0.128168,0.639792,0.055904,0.090784,0.121425,-1
[INFO ] 404	Whole:0.125779,0.111402,0.061329,0.100454,0.746441,0.083230,0.095098,0.255590,-1
[INFO ] 404	Cold:0.042415,0.035759,0.081535,0.128195,0.642865,0.055450,0.090881,0.121865,-1
[INFO ] 409	Whole:0.127479,0.110411,0.062731,0.100234,0.742234,0.083683,0.095103,0.254958,-1
[INFO ] 409	Cold:0.044582,0.035604,0.084212,0.129444,0.642100,0.056292,0.091760,0.122695,-1
[INFO ] 414	Whole:0.126487,0.110340,0.063370,0.098911,0.741214,0.083577,0.094626,0.255794,-1
[INFO ] 414	Cold:0.045511,0.034830,0.085218,0.125719,0.638242,0.055757,0.090301,0.121878,-1
[INFO ] 419	Whole:0.124929,0.109348,0.063207,0.095634,0.738048,0.082998,0.093068,0.253191,-1
[INFO ] 419	Cold:0.044582,0.034056,0.085328,0.120983,0.636699,0.055129,0.088730,0.121983,-1
[INFO ] 424	Whole:0.126204,0.109207,0.062871,0.097261,0.739085,0.083530,0.093898,0.256064,-1
[INFO ] 424	Cold:0.044582,0.034520,0.084373,0.125894,0.639015,0.056176,0.090575,0.122696,-1
[INFO ] 429	Whole:0.125212,0.108994,0.061393,0.095523,0.738060,0.081882,0.092306,0.253584,-1
[INFO ] 429	Cold:0.042105,0.034520,0.081198,0.122530,0.640541,0.053621,0.088038,0.120999,-1
[INFO ] 434	Whole:0.125921,0.108640,0.063195,0.093361,0.735592,0.083353,0.092755,0.256102,-1
[INFO ] 434	Cold:0.045511,0.033127,0.086037,0.116594,0.632844,0.055826,0.088049,0.122151,-1
[INFO ] 439	Whole:0.125496,0.108569,0.062334,0.093114,0.736274,0.082313,0.092056,0.253975,-1
[INFO ] 439	Cold:0.043963,0.033437,0.083752,0.116205,0.634379,0.054410,0.086900,0.119764,-1
[INFO ] 444	Whole:0.124646,0.108357,0.061263,0.093881,0.736647,0.082131,0.091849,0.254187,-1
[INFO ] 444	Cold:0.043653,0.032972,0.083365,0.118115,0.634380,0.053498,0.086283,0.118474,-1
[INFO ] 449	Whole:0.124079,0.108286,0.060336,0.091872,0.734523,0.081836,0.090928,0.252195,-1
[INFO ] 449	Cold:0.042724,0.032508,0.080682,0.114245,0.630518,0.053113,0.084967,0.117586,-1
[INFO ] 454	Whole:0.123371,0.107153,0.060134,0.092253,0.734869,0.080979,0.090401,0.248272,-1
[INFO ] 454	Cold:0.042105,0.032198,0.080754,0.115364,0.631293,0.053930,0.085645,0.117878,-1
[INFO ] 459	Whole:0.122946,0.106657,0.059923,0.091548,0.733082,0.080398,0.089787,0.248506,-1
[INFO ] 459	Cold:0.041796,0.032198,0.080998,0.114619,0.629753,0.053265,0.085098,0.117740,-1
[INFO ] 464	Whole:0.120538,0.106303,0.058472,0.090834,0.732712,0.079814,0.089335,0.249998,-1
[INFO ] 464	Cold:0.040867,0.032043,0.078334,0.113416,0.629748,0.052464,0.084135,0.116872,-1
[INFO ] 469	Whole:0.122663,0.105170,0.058645,0.089341,0.730291,0.079353,0.088138,0.247274,-1
[INFO ] 469	Cold:0.040248,0.031579,0.078321,0.112245,0.628206,0.051568,0.083008,0.115935,-1
[INFO ] 474	Whole:0.121955,0.105170,0.058456,0.089218,0.729547,0.078724,0.087490,0.245483,-1
[INFO ] 474	Cold:0.039938,0.030805,0.077754,0.110933,0.625125,0.050374,0.081326,0.112393,-1
[INFO ] 479	Whole:0.120963,0.104745,0.056830,0.089418,0.730612,0.078047,0.087305,0.245663,-1
[INFO ] 479	Cold:0.038700,0.031269,0.075083,0.111223,0.627428,0.050147,0.081311,0.112410,-1
[INFO ] 484	Whole:0.120963,0.105595,0.057822,0.089624,0.730609,0.078272,0.087757,0.245741,-1
[INFO ] 484	Cold:0.040248,0.030960,0.076935,0.110352,0.625891,0.049971,0.080660,0.110058,-1
[INFO ] 489	Whole:0.122096,0.104108,0.058572,0.088530,0.727113,0.077897,0.087342,0.246130,-1
[INFO ] 489	Cold:0.041176,0.030805,0.078824,0.109788,0.624349,0.050013,0.080595,0.110452,-1
[INFO ] 494	Whole:0.119972,0.103116,0.056623,0.088028,0.726751,0.076874,0.086306,0.244797,-1
[INFO ] 494	Cold:0.039009,0.030495,0.075883,0.109460,0.624348,0.049841,0.080147,0.108935,-1
[INFO ] 499	Whole:0.118697,0.103399,0.056692,0.087936,0.728120,0.077014,0.086073,0.244531,-1
[INFO ] 499	Cold:0.038080,0.030650,0.074916,0.110157,0.625886,0.049142,0.079781,0.108521,-1
[INFO ] 504	Whole:0.117280,0.103258,0.056748,0.087445,0.727062,0.076234,0.085735,0.243776,-1
[INFO ] 504	Cold:0.039319,0.030650,0.076257,0.109037,0.624344,0.049447,0.080100,0.110945,-1
[INFO ] 509	Whole:0.119547,0.103045,0.057882,0.086390,0.726036,0.077133,0.085904,0.245154,-1
[INFO ] 509	Cold:0.039319,0.029721,0.077289,0.106901,0.620493,0.050241,0.079944,0.111499,-1
[INFO ] 514	Whole:0.118697,0.103116,0.056334,0.087844,0.727776,0.076682,0.085785,0.243640,-1
[INFO ] 514	Cold:0.036842,0.030495,0.074413,0.110028,0.624340,0.049418,0.079998,0.110034,-1
[INFO ] 519	Whole:0.117280,0.103612,0.056805,0.087495,0.728119,0.076029,0.085042,0.240814,-1
[INFO ] 519	Cold:0.038080,0.030186,0.076115,0.108790,0.623567,0.048185,0.078549,0.107746,-1
[INFO ] 524	Whole:0.118272,0.103824,0.057095,0.087763,0.724944,0.076522,0.085077,0.241237,-1
[INFO ] 524	Cold:0.039628,0.030186,0.077896,0.109506,0.622028,0.048216,0.078580,0.106941,-1
[INFO ] 529	Whole:0.118980,0.101912,0.056066,0.086079,0.722511,0.075564,0.083921,0.240467,-1
[INFO ] 529	Cold:0.038080,0.029412,0.074658,0.108087,0.619711,0.047581,0.077431,0.105546,-1
[INFO ] 534	Whole:0.116431,0.102479,0.054871,0.086638,0.724951,0.075958,0.084335,0.242584,-1
[INFO ] 534	Cold:0.036842,0.029876,0.072852,0.109027,0.622022,0.047627,0.077666,0.104335,-1
[INFO ] 539	Whole:0.116289,0.102550,0.054524,0.085648,0.722170,0.076844,0.084501,0.241539,-1
[INFO ] 539	Cold:0.037152,0.029257,0.072903,0.106125,0.619711,0.049013,0.077943,0.106135,-1
[INFO ] 544	Whole:0.117139,0.102762,0.054258,0.084317,0.723906,0.075616,0.083457,0.239763,-1
[INFO ] 544	Cold:0.036533,0.028173,0.072295,0.102358,0.618164,0.046816,0.075474,0.105285,-1
[INFO ] 549	Whole:0.116997,0.102054,0.054605,0.085219,0.724588,0.074855,0.083389,0.238239,-1
[INFO ] 549	Cold:0.036223,0.029412,0.072140,0.105141,0.622019,0.046494,0.075999,0.103761,-1
[INFO ] 554	Whole:0.116147,0.101771,0.053629,0.085355,0.723206,0.074659,0.082977,0.238463,-1
[INFO ] 554	Cold:0.035294,0.029102,0.070154,0.106146,0.619704,0.046532,0.075851,0.102801,-1
[INFO ] 559	Whole:0.117705,0.101204,0.055821,0.085141,0.722895,0.074437,0.082797,0.238352,-1
[INFO ] 559	Cold:0.037152,0.029102,0.074050,0.105869,0.621248,0.046359,0.075759,0.102330,-1
[INFO ] 564	Whole:0.116006,0.100921,0.052601,0.082979,0.721769,0.073915,0.081589,0.235797,-1
[INFO ] 564	Cold:0.034365,0.028483,0.068477,0.101803,0.616614,0.045640,0.074106,0.101608,-1
[INFO ] 569	Whole:0.116572,0.100425,0.053658,0.082167,0.721102,0.073910,0.081466,0.236942,-1
[INFO ] 569	Cold:0.034675,0.028328,0.070089,0.100349,0.616613,0.045009,0.073306,0.100479,-1
[INFO ] 574	Whole:0.116006,0.100708,0.054159,0.082379,0.720718,0.074009,0.081571,0.236011,-1
[INFO ] 574	Cold:0.035913,0.028328,0.071895,0.100891,0.617391,0.045836,0.074150,0.101781,-1
[INFO ] 579	Whole:0.116006,0.100212,0.053879,0.081260,0.719022,0.074573,0.081395,0.238131,-1
[INFO ] 579	Cold:0.035913,0.027709,0.071212,0.099613,0.615082,0.046853,0.074704,0.104258,-1
[INFO ] 584	Whole:0.115864,0.099363,0.053416,0.081112,0.719005,0.073393,0.080517,0.234953,-1
[INFO ] 584	Cold:0.034985,0.027709,0.069934,0.099226,0.615075,0.045488,0.073184,0.100843,-1
[INFO ] 589	Whole:0.114731,0.100071,0.051926,0.082469,0.721410,0.073247,0.080861,0.236668,-1
[INFO ] 589	Cold:0.034365,0.027864,0.068464,0.101316,0.615845,0.044753,0.073036,0.099850,-1





[INFO ] Training: ...ssh/lastfm-hetrec/train0.5_folder_1, Testing:: .../ssh/lastfm-hetrec/test0.5_folder_1.
[DEBUG] User amount: 1612, item amount: 5534
[DEBUG] Rate amount: 30018, scales: {1.0}
[DEBUG] User amount: 1612, item amount: 5534
[DEBUG] Rate amount: 28523, scales: {1.0}
[INFO ] RankMBPR: 30,5.0E-4,0.42,0.42,600,10,1600,100,1.0
[INFO ] 154	Whole:0.138244,0.112960,0.059302,0.092851,0.727381,0.087829,0.092091,0.267530,-1
[INFO ] 154	Cold:0.038080,0.029257,0.067322,0.107635,0.610438,0.042867,0.071586,0.091111,-1
[INFO ] 159	Whole:0.141785,0.114660,0.060587,0.094502,0.730932,0.089718,0.094241,0.274786,-1
[INFO ] 159	Cold:0.039009,0.030186,0.068015,0.109933,0.615841,0.043657,0.073570,0.095642,-1
[INFO ] 164	Whole:0.145326,0.117918,0.062791,0.097355,0.734085,0.094052,0.098191,0.282668,-1
[INFO ] 164	Cold:0.040248,0.030960,0.071060,0.113417,0.616619,0.048005,0.078097,0.102457,-1
[INFO ] 169	Whole:0.147025,0.121317,0.063261,0.100038,0.738331,0.095160,0.099286,0.282593,-1
[INFO ] 169	Cold:0.040557,0.031889,0.071376,0.115946,0.619707,0.047448,0.078597,0.102246,-1
[INFO ] 174	Whole:0.149858,0.122450,0.065622,0.100658,0.739402,0.096908,0.100974,0.286797,-1
[INFO ] 174	Cold:0.041176,0.032353,0.075627,0.116181,0.620482,0.048421,0.079964,0.104493,-1
[INFO ] 179	Whole:0.153116,0.126062,0.067627,0.102868,0.743630,0.099468,0.103612,0.291004,-1
[INFO ] 179	Cold:0.042105,0.033746,0.077278,0.118558,0.625112,0.049938,0.082488,0.109337,-1
[INFO ] 184	Whole:0.155524,0.127266,0.068025,0.107747,0.750658,0.101615,0.106518,0.296483,-1
[INFO ] 184	Cold:0.042105,0.035449,0.077072,0.127279,0.632831,0.052365,0.087021,0.114552,-1
[INFO ] 189	Whole:0.158074,0.129249,0.069602,0.108140,0.751712,0.104173,0.108261,0.301807,-1
[INFO ] 189	Cold:0.044272,0.035449,0.079324,0.127035,0.632069,0.054103,0.088393,0.117250,-1
[INFO ] 194	Whole:0.161615,0.130524,0.072244,0.109779,0.752434,0.104767,0.108693,0.300746,-1
[INFO ] 194	Cold:0.047368,0.036533,0.084566,0.130083,0.635159,0.053693,0.089149,0.117289,-1
[INFO ] 199	Whole:0.161473,0.132011,0.073177,0.113326,0.757017,0.106390,0.110853,0.301169,-1
[INFO ] 199	Cold:0.048297,0.038080,0.087203,0.137081,0.642108,0.056341,0.093459,0.121682,-1
[INFO ] 204	Whole:0.166006,0.134632,0.076364,0.117249,0.764412,0.108632,0.113845,0.307763,-1
[INFO ] 204	Cold:0.050155,0.038854,0.091097,0.141043,0.647514,0.057902,0.095957,0.124658,-1
[INFO ] 209	Whole:0.166856,0.136331,0.078377,0.118440,0.763722,0.110131,0.115206,0.308814,-1
[INFO ] 209	Cold:0.051703,0.039783,0.095942,0.143004,0.647516,0.059290,0.097933,0.127277,-1
[INFO ] 214	Whole:0.168272,0.136331,0.079670,0.120373,0.765139,0.110313,0.115680,0.306764,-1
[INFO ] 214	Cold:0.053560,0.040402,0.098857,0.147876,0.653695,0.059864,0.099700,0.128237,-1
[INFO ] 219	Whole:0.169547,0.137677,0.080342,0.122510,0.764808,0.111378,0.117051,0.309573,-1
[INFO ] 219	Cold:0.054180,0.041950,0.099414,0.152013,0.658325,0.059919,0.101521,0.131348,-1
[INFO ] 224	Whole:0.168697,0.138244,0.079324,0.122550,0.764105,0.112140,0.117584,0.310799,-1
[INFO ] 224	Cold:0.053251,0.041641,0.098382,0.151372,0.656782,0.059971,0.101060,0.129314,-1
[INFO ] 229	Whole:0.168839,0.138244,0.081934,0.121697,0.764137,0.113632,0.118800,0.312139,-1
[INFO ] 229	Cold:0.054489,0.041486,0.102795,0.148931,0.656789,0.063672,0.104240,0.138971,-1
[INFO ] 234	Whole:0.168414,0.139093,0.079828,0.123678,0.767294,0.113495,0.119546,0.314424,-1
[INFO ] 234	Cold:0.053870,0.042415,0.099852,0.151087,0.659095,0.062960,0.104101,0.137224,-1
[INFO ] 239	Whole:0.170113,0.139802,0.079409,0.125174,0.766940,0.113592,0.119571,0.314016,-1
[INFO ] 239	Cold:0.053870,0.042105,0.097395,0.154305,0.660640,0.061551,0.103511,0.135868,-1
[INFO ] 244	Whole:0.169830,0.139873,0.077003,0.126716,0.769388,0.113462,0.120269,0.314340,-1
[INFO ] 244	Cold:0.053560,0.042570,0.093086,0.156047,0.662952,0.062584,0.104881,0.138122,-1
[INFO ] 249	Whole:0.168697,0.139943,0.079113,0.126281,0.769390,0.115073,0.121542,0.317473,-1
[INFO ] 249	Cold:0.054489,0.042415,0.097188,0.154991,0.663727,0.065292,0.107451,0.145654,-1
[INFO ] 254	Whole:0.167989,0.140085,0.078696,0.126943,0.769408,0.115367,0.122565,0.318263,-1
[INFO ] 254	Cold:0.054489,0.042415,0.097943,0.155001,0.661428,0.066051,0.108466,0.147850,-1
[INFO ] 259	Whole:0.167280,0.141997,0.080108,0.129176,0.773253,0.115360,0.123044,0.319704,-1
[INFO ] 259	Cold:0.055418,0.042724,0.101237,0.158844,0.664512,0.064831,0.108231,0.145915,-1
[INFO ] 264	Whole:0.166289,0.139589,0.078077,0.126205,0.770097,0.114109,0.121245,0.318926,-1
[INFO ] 264	Cold:0.055418,0.042105,0.099289,0.155888,0.662199,0.065528,0.108120,0.147781,-1
[INFO ] 269	Whole:0.165864,0.141218,0.078232,0.127427,0.774309,0.113497,0.121207,0.315736,-1
[INFO ] 269	Cold:0.055108,0.043034,0.099470,0.156895,0.666053,0.064446,0.107787,0.146108,-1
[INFO ] 274	Whole:0.164306,0.140652,0.078559,0.127765,0.772901,0.113369,0.121333,0.313819,-1
[INFO ] 274	Cold:0.054180,0.043498,0.100463,0.159370,0.670687,0.066270,0.110314,0.150175,-1
[INFO ] 279	Whole:0.165864,0.139731,0.080106,0.129171,0.773601,0.113578,0.122650,0.315647,-1
[INFO ] 279	Cold:0.055418,0.044582,0.103546,0.163805,0.671462,0.067795,0.112526,0.150422,-1
[INFO ] 284	Whole:0.164589,0.138031,0.078873,0.127010,0.771839,0.112857,0.121847,0.314382,-1
[INFO ] 284	Cold:0.056037,0.043344,0.102522,0.159592,0.666067,0.068932,0.112384,0.153595,-1
[INFO ] 289	Whole:0.163598,0.138739,0.078966,0.128981,0.774279,0.112353,0.122232,0.312363,-1
[INFO ] 289	Cold:0.055728,0.044118,0.102164,0.162792,0.667608,0.069734,0.113545,0.151844,-1
[INFO ] 294	Whole:0.162748,0.138314,0.079100,0.126427,0.771111,0.110362,0.120183,0.307908,-1
[INFO ] 294	Cold:0.055728,0.044272,0.102579,0.159775,0.666835,0.066002,0.110326,0.147857,-1
[INFO ] 299	Whole:0.162748,0.136827,0.078484,0.126066,0.767963,0.109578,0.119563,0.305816,-1
[INFO ] 299	Cold:0.055108,0.043653,0.101061,0.159543,0.665294,0.066024,0.110180,0.148899,-1
[INFO ] 304	Whole:0.161898,0.137323,0.078769,0.126042,0.768304,0.109328,0.119103,0.303562,-1
[INFO ] 304	Cold:0.056656,0.044118,0.102126,0.161040,0.666840,0.066270,0.111168,0.151226,-1
[INFO ] 309	Whole:0.159632,0.136048,0.077862,0.125938,0.768659,0.109045,0.119054,0.303367,-1
[INFO ] 309	Cold:0.056037,0.043344,0.102004,0.160160,0.664531,0.066765,0.111015,0.150870,-1
[INFO ] 314	Whole:0.155949,0.135552,0.076232,0.125856,0.769008,0.108399,0.119056,0.305513,-1
[INFO ] 314	Cold:0.056656,0.043344,0.102056,0.160240,0.664530,0.067655,0.111841,0.152929,-1
[INFO ] 319	Whole:0.156941,0.135198,0.077375,0.124056,0.766903,0.108449,0.118948,0.305523,-1
[INFO ] 319	Cold:0.056347,0.042724,0.103888,0.156944,0.658363,0.069609,0.112375,0.154201,-1
[INFO ] 324	Whole:0.155666,0.135127,0.077638,0.125095,0.769704,0.106657,0.118120,0.301908,-1
[INFO ] 324	Cold:0.057276,0.043189,0.104565,0.158433,0.661441,0.068736,0.112208,0.153965,-1
[INFO ] 329	Whole:0.154674,0.134065,0.075998,0.122832,0.765842,0.106046,0.116692,0.299857,-1
[INFO ] 329	Cold:0.055728,0.042105,0.100373,0.155340,0.657584,0.067208,0.109912,0.151202,-1
[INFO ] 334	Whole:0.154958,0.133003,0.078079,0.121577,0.766190,0.105340,0.115893,0.299794,-1
[INFO ] 334	Cold:0.056656,0.041796,0.104460,0.154276,0.658353,0.067101,0.109696,0.151911,-1
[INFO ] 339	Whole:0.153258,0.131161,0.078174,0.120106,0.765475,0.103580,0.115041,0.297700,-1
[INFO ] 339	Cold:0.056966,0.041331,0.105473,0.151558,0.656813,0.066969,0.109073,0.152851,-1




[INFO ] Training: ...ssh/lastfm-hetrec/train0.5_folder_1, Testing:: .../ssh/lastfm-hetrec/test0.5_folder_1.
[DEBUG] User amount: 1612, item amount: 5534
[DEBUG] Rate amount: 30018, scales: {1.0}
[DEBUG] User amount: 1612, item amount: 5534
[DEBUG] Rate amount: 28523, scales: {1.0}
[INFO ] RankMBPR: 30,5.0E-4,0.5,0.5,600,10,1600,100,1.0
[INFO ] 154	Whole:0.139093,0.110907,0.060086,0.092375,0.726726,0.085872,0.090711,0.261225,-1
[INFO ] 154	Cold:0.039009,0.029567,0.069191,0.107524,0.612755,0.042970,0.071964,0.091262,-1
[INFO ] 159	Whole:0.142493,0.113739,0.061325,0.094051,0.731274,0.089147,0.093656,0.268872,-1
[INFO ] 159	Cold:0.040248,0.029567,0.070126,0.108467,0.611984,0.045067,0.073652,0.093287,-1
[INFO ] 164	Whole:0.144901,0.116997,0.063295,0.100669,0.738295,0.091504,0.097126,0.274937,-1
[INFO ] 164	Cold:0.040557,0.031579,0.071624,0.120050,0.621244,0.046656,0.078044,0.096842,-1
[INFO ] 169	Whole:0.147450,0.119688,0.063209,0.102965,0.741841,0.095207,0.100580,0.283899,-1
[INFO ] 169	Cold:0.039938,0.032663,0.070629,0.122576,0.625105,0.049613,0.081813,0.104578,-1
[INFO ] 174	Whole:0.150425,0.122592,0.064687,0.105805,0.745728,0.097083,0.102648,0.285614,-1
[INFO ] 174	Cold:0.041486,0.034211,0.074206,0.125911,0.630511,0.050255,0.083923,0.106204,-1
[INFO ] 179	Whole:0.151275,0.124575,0.066212,0.108070,0.747831,0.098632,0.104387,0.289858,-1
[INFO ] 179	Cold:0.043653,0.034830,0.077225,0.129042,0.632058,0.050843,0.085426,0.109190,-1
[INFO ] 184	Whole:0.152550,0.125496,0.067304,0.108477,0.748170,0.101228,0.106420,0.295097,-1
[INFO ] 184	Cold:0.044272,0.034985,0.077936,0.130666,0.632841,0.053408,0.088342,0.115195,-1
[INFO ] 189	Whole:0.155524,0.127904,0.068080,0.109533,0.747121,0.102241,0.106924,0.293550,-1
[INFO ] 189	Cold:0.044892,0.035604,0.079142,0.130487,0.632842,0.053576,0.088683,0.115845,-1
[INFO ] 194	Whole:0.157224,0.128541,0.069201,0.110285,0.748542,0.103626,0.108315,0.297510,-1
[INFO ] 194	Cold:0.045511,0.036068,0.080561,0.132136,0.634384,0.054133,0.089689,0.117165,-1
[INFO ] 199	Whole:0.159490,0.129958,0.069604,0.113036,0.751014,0.105277,0.109962,0.299643,-1
[INFO ] 199	Cold:0.045201,0.037307,0.080326,0.137842,0.638248,0.055970,0.092774,0.120319,-1
[INFO ] 204	Whole:0.159490,0.131657,0.069400,0.113699,0.753134,0.106139,0.110197,0.298948,-1
[INFO ] 204	Cold:0.045201,0.037771,0.081628,0.138074,0.642104,0.055881,0.092988,0.119782,-1
[INFO ] 209	Whole:0.161473,0.133286,0.070000,0.114307,0.755954,0.107843,0.111444,0.305495,-1
[INFO ] 209	Cold:0.045820,0.038235,0.081593,0.138902,0.643642,0.056124,0.093815,0.123022,-1
[INFO ] 214	Whole:0.161190,0.136544,0.071382,0.118784,0.761233,0.110404,0.114727,0.308136,-1
[INFO ] 214	Cold:0.047059,0.038700,0.084028,0.143649,0.646738,0.058204,0.096925,0.127919,-1
[INFO ] 219	Whole:0.164589,0.136827,0.074848,0.117623,0.759838,0.111369,0.115446,0.312883,-1
[INFO ] 219	Cold:0.049845,0.038390,0.089860,0.139263,0.644430,0.059018,0.096955,0.130533,-1
[INFO ] 224	Whole:0.167705,0.139093,0.075831,0.122956,0.765841,0.113217,0.118418,0.316660,-1
[INFO ] 224	Cold:0.049845,0.041176,0.089921,0.150050,0.654462,0.060659,0.101593,0.135724,-1
[INFO ] 229	Whole:0.168414,0.140510,0.077646,0.123976,0.767607,0.114616,0.119809,0.318524,-1
[INFO ] 229	Cold:0.051393,0.041176,0.093561,0.149742,0.653700,0.062152,0.103027,0.138233,-1
[INFO ] 234	Whole:0.169263,0.140864,0.082170,0.126084,0.768317,0.115941,0.121395,0.322657,-1
[INFO ] 234	Cold:0.054489,0.041641,0.104203,0.154388,0.655249,0.063985,0.105547,0.140828,-1
[INFO ] 239	Whole:0.169972,0.141218,0.079134,0.126132,0.769360,0.116367,0.122006,0.324576,-1
[INFO ] 239	Cold:0.052322,0.042260,0.096824,0.155275,0.656792,0.064858,0.106858,0.143006,-1
[INFO ] 244	Whole:0.169405,0.142422,0.081905,0.127174,0.770418,0.117397,0.122915,0.325536,-1
[INFO ] 244	Cold:0.053560,0.043189,0.103661,0.157431,0.660649,0.065821,0.108708,0.146745,-1
[INFO ] 249	Whole:0.170255,0.142280,0.080669,0.128329,0.769731,0.117301,0.123092,0.325302,-1
[INFO ] 249	Cold:0.054489,0.043189,0.101730,0.159786,0.660652,0.065497,0.108436,0.143450,-1
[INFO ] 254	Whole:0.172096,0.141785,0.083149,0.126283,0.770430,0.116398,0.121864,0.323711,-1
[INFO ] 254	Cold:0.056037,0.043344,0.104813,0.156391,0.662193,0.064678,0.107234,0.140941,-1
[INFO ] 259	Whole:0.171671,0.141856,0.084036,0.127691,0.773264,0.116219,0.122376,0.324449,-1
[INFO ] 259	Cold:0.056966,0.044118,0.107636,0.159642,0.666828,0.064828,0.108621,0.143347,-1
[INFO ] 264	Whole:0.173371,0.143626,0.085545,0.128485,0.773619,0.118628,0.123926,0.327355,-1
[INFO ] 264	Cold:0.059133,0.044118,0.110666,0.160040,0.666063,0.066925,0.110421,0.145682,-1
[INFO ] 269	Whole:0.173654,0.144547,0.083664,0.128756,0.775370,0.119105,0.124374,0.327121,-1
[INFO ] 269	Cold:0.057585,0.044737,0.106435,0.160154,0.665287,0.066488,0.109921,0.142697,-1
[INFO ] 274	Whole:0.172380,0.145397,0.083346,0.131417,0.777482,0.119892,0.126008,0.328530,-1
[INFO ] 274	Cold:0.058204,0.045666,0.106352,0.165044,0.667609,0.068687,0.113488,0.149296,-1
[INFO ] 279	Whole:0.172096,0.143909,0.086363,0.128267,0.775720,0.119592,0.125344,0.331528,-1
[INFO ] 279	Cold:0.059443,0.044118,0.113298,0.158915,0.662988,0.069466,0.112870,0.153555,-1
[INFO ] 284	Whole:0.174221,0.143839,0.086560,0.128380,0.775373,0.120746,0.126365,0.333136,-1
[INFO ] 284	Cold:0.059443,0.044427,0.112806,0.159593,0.663766,0.071855,0.115158,0.156202,-1
[INFO ] 289	Whole:0.173938,0.144759,0.086307,0.129446,0.776070,0.120474,0.126457,0.332708,-1
[INFO ] 289	Cold:0.060062,0.044737,0.111704,0.160271,0.664533,0.071595,0.115205,0.156610,-1
[INFO ] 294	Whole:0.176204,0.145397,0.089150,0.130340,0.778550,0.121432,0.127761,0.336297,-1
[INFO ] 294	Cold:0.061610,0.044892,0.116781,0.161768,0.666854,0.072480,0.116572,0.158831,-1
[INFO ] 299	Whole:0.174079,0.144972,0.088518,0.129505,0.779243,0.119507,0.125944,0.331883,-1
[INFO ] 299	Cold:0.060681,0.044737,0.116099,0.161897,0.669167,0.070411,0.114931,0.156153,-1
[INFO ] 304	Whole:0.174929,0.145751,0.087603,0.132316,0.779605,0.121104,0.128194,0.336655,-1
[INFO ] 304	Cold:0.059443,0.046440,0.113445,0.166759,0.671467,0.072315,0.117360,0.156105,-1
[INFO ] 309	Whole:0.171388,0.144263,0.087347,0.132238,0.781713,0.119239,0.127120,0.329571,-1
[INFO ] 309	Cold:0.060062,0.045666,0.114676,0.166487,0.672241,0.072199,0.116906,0.155059,-1
[INFO ] 314	Whole:0.172663,0.144830,0.086738,0.133438,0.781733,0.121505,0.129021,0.332442,-1
[INFO ] 314	Cold:0.060372,0.046440,0.113709,0.167805,0.673785,0.075551,0.119892,0.158758,-1
[INFO ] 319	Whole:0.171246,0.144547,0.087305,0.132873,0.781730,0.119170,0.128112,0.333555,-1
[INFO ] 319	Cold:0.060062,0.046904,0.114547,0.166915,0.673008,0.073085,0.118272,0.157426,-1
[INFO ] 324	Whole:0.170113,0.144193,0.085481,0.131305,0.779272,0.118333,0.126873,0.329624,-1
[INFO ] 324	Cold:0.058204,0.045820,0.111404,0.163653,0.669923,0.071401,0.115653,0.152680,-1


[INFO ] 329	Whole:0.172380,0.142068,0.087109,0.129092,0.776799,0.117282,0.125413,0.329906,-1
[INFO ] 329	Cold:0.059443,0.044582,0.113623,0.160170,0.665295,0.070315,0.113549,0.151143,-1
[INFO ] 334	Whole:0.169547,0.142422,0.085287,0.129064,0.776810,0.117330,0.125794,0.328736,-1
[INFO ] 334	Cold:0.057585,0.044582,0.110182,0.159357,0.665293,0.071908,0.114801,0.153912,-1
[INFO ] 339	Whole:0.166572,0.141926,0.083543,0.131533,0.778923,0.115668,0.125545,0.327446,-1
[INFO ] 339	Cold:0.056966,0.045201,0.109255,0.165265,0.669923,0.069208,0.114322,0.152312,-1
[INFO ] 344	Whole:0.167280,0.142493,0.084418,0.132388,0.778912,0.116055,0.126031,0.327422,-1
[INFO ] 344	Cold:0.058514,0.045511,0.111137,0.167099,0.670697,0.070177,0.115629,0.154661,-1
[INFO ] 349	Whole:0.167139,0.141997,0.082434,0.131845,0.779619,0.115389,0.125387,0.326030,-1
[INFO ] 349	Cold:0.056037,0.045666,0.106391,0.165938,0.669918,0.070006,0.115051,0.152653,-1
[INFO ] 354	Whole:0.164306,0.140368,0.081756,0.130491,0.776793,0.114652,0.124640,0.326732,-1
[INFO ] 354	Cold:0.054489,0.045046,0.105800,0.165639,0.668375,0.070485,0.115117,0.152613,-1




