2017-01-09 15:02:14,575 [INFO] Training: ...zon/clothes_shoes/train0.2_folder_1, Testing:: ...azon/clothes_shoes/test0.2_folder_1.
2017-01-09 15:02:15,239 [DEBUG] User amount: 39380, item amount: 23032
2017-01-09 15:02:15,239 [DEBUG] Rate amount: 222942, scales: {1.0}
2017-01-09 15:02:15,603 [DEBUG] User amount: 39380, item amount: 23032
2017-01-09 15:02:15,603 [DEBUG] Rate amount: 55695, scales: {1.0}
2017-01-09 15:02:15,949 [INFO] RankMBPR: 30,5.0E-4,0.5,0.5,1800,10,1600,12000,1.0
2017-01-09 15:11:44,973 [INFO] 104	Whole:0.002090,0.001808,0.005546,0.009543,0.508921,0.003520,0.005747,0.006454,-1
2017-01-09 15:12:50,857 [INFO] 104	Cold:0.001822,0.001590,0.005388,0.009274,0.507871,0.003469,0.005483,0.005736,-1
2017-01-09 15:14:43,418 [INFO] 109	Whole:0.002157,0.001752,0.005767,0.009201,0.508586,0.003462,0.005615,0.006356,-1
2017-01-09 15:15:53,448 [INFO] 109	Cold:0.001832,0.001525,0.005489,0.008908,0.507494,0.003430,0.005357,0.005652,-1
2017-01-09 15:17:39,650 [INFO] 114	Whole:0.002297,0.001778,0.006112,0.009346,0.508687,0.003633,0.005794,0.006568,-1


[INFO ] Training: ...zon/clothes_shoes/train0.2_folder_1, Testing:: ...azon/clothes_shoes/test0.2_folder_1.
[DEBUG] User amount: 39380, item amount: 23032
[DEBUG] Rate amount: 222942, scales: {1.0}
[DEBUG] User amount: 39380, item amount: 23032
[DEBUG] Rate amount: 55695, scales: {1.0}
[INFO ] RankMBPR: 30,5.0E-4,0.5,0.5,800,10,1600,100,1.0
[INFO ] 204     Whole:0.004059,0.003141,0.010915,0.016603,0.514763,0.006891,0.010637,0.012136,-1
[INFO ] 204     Cold:0.003422,0.002657,0.009967,0.015118,0.512550,0.006150,0.009390,0.009974,-1
[INFO ] 209     Whole:0.004180,0.003202,0.011460,0.017076,0.515064,0.007037,0.010866,0.012291,-1
[INFO ] 209     Cold:0.003502,0.002687,0.010420,0.015466,0.512726,0.006280,0.009561,0.010051,-1
[INFO ] 214     Whole:0.004360,0.003369,0.011793,0.018035,0.515834,0.007443,0.011468,0.012929,-1
[INFO ] 214     Cold:0.003704,0.002848,0.010978,0.016672,0.513505,0.006734,0.010235,0.010671,-1
[INFO ] 219     Whole:0.004555,0.003476,0.012324,0.018653,0.516353,0.007625,0.011792,0.013250,-1
[INFO ] 219     Cold:0.003925,0.002969,0.011494,0.017235,0.514034,0.006974,0.010616,0.011139,-1
[INFO ] 224     Whole:0.004528,0.003600,0.012297,0.019410,0.516905,0.007803,0.012145,0.013575,-1
[INFO ] 224     Cold:0.003794,0.003105,0.011296,0.018152,0.514687,0.007161,0.010992,0.011372,-1
[INFO ] 229     Whole:0.004648,0.003711,0.012830,0.020031,0.517507,0.008284,0.012726,0.014344,-1
[INFO ] 229     Cold:0.003965,0.003205,0.011860,0.018799,0.515216,0.007630,0.011573,0.012180,-1
[INFO ] 234     Whole:0.004769,0.003835,0.013273,0.020698,0.518076,0.008513,0.013085,0.014566,-1
[INFO ] 234     Cold:0.004106,0.003261,0.012281,0.019016,0.515467,0.007758,0.011747,0.012319,-1
[INFO ] 239     Whole:0.004997,0.003925,0.013830,0.021296,0.518461,0.008476,0.013207,0.014475,-1
[INFO ] 239     Cold:0.004408,0.003392,0.013042,0.019862,0.516071,0.007811,0.012015,0.012393,-1
[INFO ] 244     Whole:0.005010,0.004015,0.013952,0.021794,0.518847,0.008748,0.013575,0.014888,-1
[INFO ] 244     Cold:0.004378,0.003477,0.013122,0.020365,0.516398,0.008045,0.012350,0.012748,-1
[INFO ] 249     Whole:0.005238,0.004076,0.014382,0.022022,0.519131,0.009105,0.013960,0.015543,-1
[INFO ] 249     Cold:0.004589,0.003497,0.013472,0.020382,0.516524,0.008416,0.012699,0.013435,-1
[INFO ] 254     Whole:0.005265,0.004173,0.014533,0.022580,0.519583,0.009147,0.014140,0.015560,-1
[INFO ] 254     Cold:0.004589,0.003638,0.013701,0.021107,0.517202,0.008449,0.012914,0.013397,-1
[INFO ] 259     Whole:0.005352,0.004233,0.014713,0.022808,0.519851,0.009351,0.014387,0.015927,-1
[INFO ] 259     Cold:0.004710,0.003668,0.013935,0.021335,0.517353,0.008568,0.013081,0.013641,-1
[INFO ] 264     Whole:0.005532,0.004327,0.015114,0.023246,0.520252,0.009368,0.014523,0.015937,-1
[INFO ] 264     Cold:0.004821,0.003769,0.014243,0.021829,0.517756,0.008696,0.013323,0.013820,-1
[INFO ] 269     Whole:0.005452,0.004340,0.014768,0.023562,0.520319,0.009588,0.014785,0.016357,-1
[INFO ] 269     Cold:0.004710,0.003784,0.013738,0.021947,0.517806,0.008816,0.013459,0.014073,-1
[INFO ] 274     Whole:0.005606,0.004347,0.015198,0.023635,0.520353,0.009819,0.015010,0.016733,-1
[INFO ] 274     Cold:0.004841,0.003784,0.014018,0.022107,0.517806,0.009098,0.013738,0.014514,-1
[INFO ] 279     Whole:0.005633,0.004380,0.015332,0.023779,0.520554,0.009791,0.015051,0.016855,-1
[INFO ] 279     Cold:0.004901,0.003849,0.014190,0.022550,0.518209,0.009130,0.013919,0.014846,-1
[INFO ] 284     Whole:0.005599,0.004444,0.015422,0.024110,0.520755,0.009717,0.015064,0.016679,-1
[INFO ] 284     Cold:0.004941,0.003925,0.014431,0.022885,0.518460,0.008996,0.013888,0.014559,-1
[INFO ] 289     Whole:0.005646,0.004407,0.015368,0.023849,0.520437,0.009814,0.015073,0.016780,-1
[INFO ] 289     Cold:0.004941,0.003895,0.014401,0.022470,0.518183,0.009094,0.013868,0.014644,-1
[INFO ] 294     Whole:0.005646,0.004417,0.015265,0.023784,0.520521,0.009797,0.015067,0.016781,-1
[INFO ] 294     Cold:0.004881,0.003925,0.014115,0.022752,0.518410,0.009168,0.014016,0.014816,-1
[INFO ] 299     Whole:0.005579,0.004441,0.015335,0.023939,0.520621,0.009865,0.015156,0.016874,-1
[INFO ] 299     Cold:0.004871,0.003955,0.014328,0.022794,0.518561,0.009199,0.014060,0.014875,-1




[INFO ] Training: ...zon/clothes_shoes/train0.2_folder_1, Testing:: ...azon/clothes_shoes/test0.2_folder_1.
[DEBUG] User amount: 39380, item amount: 23032
[DEBUG] Rate amount: 222942, scales: {1.0}
[DEBUG] User amount: 39380, item amount: 23032
[DEBUG] Rate amount: 55695, scales: {1.0}
[INFO ] RankMBPR: 30,0.001,0.42,0.42,800,10,1600,100,0.1
[INFO ] 154	Whole:0.004970,0.003727,0.013288,0.019944,0.517022,0.008385,0.012753,0.014226,-1
[INFO ] 154	Cold:0.004378,0.003326,0.012753,0.019402,0.515291,0.007994,0.012037,0.012632,-1
[INFO ] 159	Whole:0.005023,0.003747,0.013372,0.019994,0.517056,0.008447,0.012841,0.014418,-1
[INFO ] 159	Cold:0.004438,0.003346,0.012860,0.019151,0.515241,0.007934,0.011961,0.012627,-1
[INFO ] 164	Whole:0.005003,0.003784,0.013483,0.020385,0.517357,0.008709,0.013159,0.014873,-1
[INFO ] 164	Cold:0.004348,0.003402,0.012745,0.019810,0.515719,0.008198,0.012332,0.013069,-1
[INFO ] 169	Whole:0.004903,0.003737,0.013326,0.019988,0.517123,0.008790,0.013130,0.014938,-1
[INFO ] 169	Cold:0.004338,0.003286,0.012743,0.018966,0.515191,0.008347,0.012259,0.013216,-1
[INFO ] 174	Whole:0.005177,0.003915,0.013724,0.020980,0.517876,0.008859,0.013458,0.015119,-1
[INFO ] 174	Cold:0.004609,0.003522,0.013124,0.020254,0.516172,0.008458,0.012700,0.013490,-1
[INFO ] 179	Whole:0.005211,0.003935,0.014107,0.021080,0.517943,0.009084,0.013657,0.015325,-1
[INFO ] 179	Cold:0.004609,0.003517,0.013328,0.020443,0.516146,0.008686,0.012914,0.013747,-1
[INFO ] 184	Whole:0.005164,0.003952,0.013898,0.021252,0.518043,0.008923,0.013564,0.015160,-1
[INFO ] 184	Cold:0.004569,0.003507,0.013235,0.020467,0.516146,0.008523,0.012789,0.013624,-1
[INFO ] 189	Whole:0.005198,0.003942,0.014107,0.021115,0.517977,0.009135,0.013714,0.015416,-1
[INFO ] 189	Cold:0.004609,0.003573,0.013479,0.020573,0.516373,0.008700,0.012971,0.013750,-1
[INFO ] 194	Whole:0.005399,0.004049,0.014693,0.021855,0.518646,0.009363,0.014116,0.015876,-1
[INFO ] 194	Cold:0.004821,0.003593,0.014090,0.020915,0.516624,0.009027,0.013355,0.014376,-1
[INFO ] 199	Whole:0.005452,0.004069,0.014814,0.021775,0.518596,0.009313,0.014071,0.015875,-1
[INFO ] 199	Cold:0.004851,0.003683,0.014218,0.021254,0.516851,0.008996,0.013419,0.014317,-1
[INFO ] 204	Whole:0.005432,0.004123,0.014637,0.022150,0.518864,0.009560,0.014363,0.016137,-1
[INFO ] 204	Cold:0.004871,0.003683,0.014082,0.021420,0.516951,0.009197,0.013632,0.014631,-1
[INFO ] 209	Whole:0.005539,0.004109,0.015029,0.021959,0.518730,0.009555,0.014331,0.016183,-1
[INFO ] 209	Cold:0.004962,0.003709,0.014514,0.021340,0.516977,0.009167,0.013608,0.014588,-1
[INFO ] 214	Whole:0.005579,0.004156,0.015050,0.022511,0.519015,0.009826,0.014688,0.016656,-1
[INFO ] 214	Cold:0.004982,0.003678,0.014475,0.021525,0.516952,0.009284,0.013732,0.014797,-1
[INFO ] 219	Whole:0.005553,0.004173,0.015051,0.022533,0.519065,0.009931,0.014791,0.016854,-1
[INFO ] 219	Cold:0.004911,0.003683,0.014397,0.021433,0.517002,0.009422,0.013833,0.014981,-1
[INFO ] 224	Whole:0.005666,0.004166,0.015233,0.022487,0.519148,0.009777,0.014651,0.016591,-1


[INFO ] Training: ...zon/clothes_shoes/train0.2_folder_1, Testing:: ...azon/clothes_shoes/test0.2_folder_1.
[DEBUG] User amount: 39380, item amount: 23032
[DEBUG] Rate amount: 222942, scales: {1.0}
[DEBUG] User amount: 39380, item amount: 23032
[DEBUG] Rate amount: 55695, scales: {1.0}
[INFO ] RankMBPR: 30,0.001,0.42,0.42,800,10,3200,100,1.0
[INFO ] 154	Whole:0.005908,0.004464,0.016245,0.024555,0.520722,0.009874,0.015268,0.016789,-1
[INFO ] 154	Cold:0.005465,0.004041,0.016096,0.023694,0.518863,0.009498,0.014531,0.015252,-1
[INFO ] 159	Whole:0.005934,0.004468,0.016242,0.024469,0.520671,0.009956,0.015311,0.016823,-1
[INFO ] 159	Cold:0.005515,0.004076,0.016085,0.023894,0.518988,0.009549,0.014630,0.015374,-1
[INFO ] 164	Whole:0.005881,0.004421,0.016291,0.024288,0.520571,0.010007,0.015322,0.017017,-1
[INFO ] 164	Cold:0.005545,0.004026,0.016336,0.023579,0.518888,0.009723,0.014721,0.015677,-1
[INFO ] 169	Whole:0.005747,0.004451,0.015779,0.024575,0.520688,0.009893,0.015262,0.016696,-1
[INFO ] 169	Cold:0.005314,0.004071,0.015625,0.023950,0.519064,0.009602,0.014668,0.015338,-1
[INFO ] 174	Whole:0.005807,0.004451,0.015947,0.024509,0.520688,0.010003,0.015355,0.016931,-1
[INFO ] 174	Cold:0.005394,0.004096,0.015842,0.024046,0.519190,0.009801,0.014867,0.015675,-1
[INFO ] 179	Whole:0.005834,0.004454,0.015913,0.024552,0.520638,0.010012,0.015371,0.016965,-1
[INFO ] 179	Cold:0.005435,0.004096,0.015889,0.024180,0.519114,0.009810,0.014903,0.015690,-1
[INFO ] 184	Whole:0.005713,0.004447,0.015684,0.024518,0.520638,0.009912,0.015276,0.016812,-1
[INFO ] 184	Cold:0.005304,0.004101,0.015485,0.024028,0.519190,0.009673,0.014776,0.015626,-1
[INFO ] 189	Whole:0.005774,0.004407,0.015895,0.024362,0.520404,0.010001,0.015293,0.016876,-1
[INFO ] 189	Cold:0.005394,0.004076,0.015759,0.023894,0.519014,0.009897,0.014900,0.015821,-1
[INFO ] 194	Whole:0.005754,0.004344,0.015748,0.023793,0.520102,0.009797,0.015014,0.016687,-1
[INFO ] 194	Cold:0.005354,0.004010,0.015696,0.023292,0.518636,0.009641,0.014578,0.015560,-1
[INFO ] 199	Whole:0.005780,0.004337,0.015916,0.023965,0.520119,0.009745,0.014991,0.016545,-1
[INFO ] 199	Cold:0.005455,0.004031,0.015984,0.023602,0.518787,0.009622,0.014625,0.015512,-1
[INFO ] 204	Whole:0.005720,0.004267,0.015658,0.023317,0.519801,0.009702,0.014814,0.016502,-1
[INFO ] 204	Cold:0.005435,0.003970,0.015790,0.023089,0.518561,0.009648,0.014549,0.015619,-1
[INFO ] 209	Whole:0.005727,0.004230,0.015753,0.023071,0.519667,0.009756,0.014781,0.016486,-1
[INFO ] 209	Cold:0.005394,0.003900,0.015674,0.022690,0.518209,0.009588,0.014367,0.015386,-1
[INFO ] 214	Whole:0.005700,0.004240,0.015696,0.023379,0.519701,0.009627,0.014729,0.016287,-1
[INFO ] 214	Cold:0.005334,0.003935,0.015615,0.023112,0.518435,0.009447,0.014334,0.015169,-1
[INFO ] 219	Whole:0.005767,0.004200,0.015934,0.023056,0.519416,0.009644,0.014661,0.016219,-1
[INFO ] 219	Cold:0.005414,0.003920,0.015879,0.022852,0.518234,0.009446,0.014280,0.015143,-1
[INFO ] 224	Whole:0.005606,0.004253,0.015525,0.023442,0.519768,0.009589,0.014708,0.016183,-1
[INFO ] 224	Cold:0.005334,0.003965,0.015743,0.023244,0.518586,0.009530,0.014444,0.015336,-1
[INFO ] 229	Whole:0.005606,0.004193,0.015453,0.023127,0.519450,0.009581,0.014615,0.016169,-1
[INFO ] 229	Cold:0.005294,0.003930,0.015481,0.023079,0.518385,0.009524,0.014379,0.015256,-1
[INFO ] 234	Whole:0.005559,0.004149,0.015402,0.022932,0.519249,0.009558,0.014549,0.016192,-1
[INFO ] 234	Cold:0.005324,0.003870,0.015651,0.022672,0.518083,0.009403,0.014191,0.015120,-1
[INFO ] 239	Whole:0.005579,0.004146,0.015536,0.022876,0.519266,0.009580,0.014553,0.016156,-1
[INFO ] 239	Cold:0.005213,0.003885,0.015368,0.022548,0.518108,0.009431,0.014199,0.015190,-1
[INFO ] 244	Whole:0.005599,0.004156,0.015415,0.022951,0.519316,0.009413,0.014435,0.015947,-1
[INFO ] 244	Cold:0.005263,0.003890,0.015382,0.022838,0.518234,0.009278,0.014143,0.015047,-1
[INFO ] 249	Whole:0.005573,0.004169,0.015580,0.023008,0.519316,0.009457,0.014476,0.015946,-1
[INFO ] 249	Cold:0.005233,0.003920,0.015500,0.022863,0.518309,0.009486,0.014294,0.015145,-1
[INFO ] 254	Whole:0.005579,0.004240,0.015514,0.023378,0.519684,0.009610,0.014710,0.016268,-1
[INFO ] 254	Cold:0.005233,0.003930,0.015425,0.023057,0.518385,0.009495,0.014356,0.015261,-1
[INFO ] 259	Whole:0.005593,0.004203,0.015605,0.023145,0.519500,0.009687,0.014716,0.016351,-1
[INFO ] 259	Cold:0.005284,0.003930,0.015656,0.023045,0.518385,0.009637,0.014491,0.015558,-1
[INFO ] 264	Whole:0.005566,0.004143,0.015437,0.022880,0.519282,0.009691,0.014649,0.016382,-1
[INFO ] 264	Cold:0.005253,0.003860,0.015431,0.022584,0.518033,0.009621,0.014371,0.015589,-1



[INFO ] Training: ...zon/clothes_shoes/train0.2_folder_1, Testing:: ...azon/clothes_shoes/test0.2_folder_1.
[DEBUG] User amount: 39380, item amount: 23032
[DEBUG] Rate amount: 222942, scales: {1.0}
[DEBUG] User amount: 39380, item amount: 23032
[DEBUG] Rate amount: 55695, scales: {1.0}
[INFO ] RankMBPR: 30,0.05,0.42,0.42,800,10,1600,100,1.0
[INFO ] 154	Whole:0.003369,0.002816,0.008891,0.014810,0.513038,0.005342,0.008777,0.009604,-1
[INFO ] 154	Cold:0.002999,0.002566,0.008299,0.014196,0.511996,0.005024,0.008260,0.008684,-1
[INFO ] 159	Whole:0.003570,0.002981,0.009791,0.016394,0.513858,0.006222,0.009847,0.010645,-1
[INFO ] 159	Cold:0.003402,0.002727,0.009878,0.016055,0.512801,0.006166,0.009614,0.010129,-1
[INFO ] 164	Whole:0.003356,0.002756,0.009289,0.015229,0.512787,0.005837,0.009149,0.009693,-1
[INFO ] 164	Cold:0.002908,0.002405,0.008556,0.014115,0.511166,0.005319,0.008292,0.008316,-1
[INFO ] 169	Whole:0.003376,0.002716,0.009024,0.014824,0.512620,0.005613,0.008959,0.009847,-1
[INFO ] 169	Cold:0.002959,0.002430,0.008425,0.014209,0.511468,0.005034,0.008199,0.008595,-1


[INFO ] Training: ...zon/clothes_shoes/train0.2_folder_1, Testing:: ...azon/clothes_shoes/test0.2_folder_1.
[DEBUG] User amount: 39380, item amount: 23032
[DEBUG] Rate amount: 222942, scales: {1.0}
[DEBUG] User amount: 39380, item amount: 23032
[DEBUG] Rate amount: 55695, scales: {1.0}
[INFO ] RankMBPR: 30,0.005,0.05,0.05,800,10,1600,100,1.0
[INFO ] 154	Whole:0.003262,0.002482,0.009252,0.013872,0.511767,0.005799,0.008792,0.009770,-1
[INFO ] 154	Cold:0.003361,0.002400,0.010008,0.014243,0.511393,0.006052,0.009039,0.009859,-1
[INFO ] 159	Whole:0.003188,0.002478,0.008965,0.013915,0.511733,0.005602,0.008620,0.009445,-1
[INFO ] 159	Cold:0.003090,0.002415,0.009349,0.014428,0.511494,0.005788,0.008821,0.009332,-1
[INFO ] 164	Whole:0.003215,0.002465,0.009022,0.013703,0.511650,0.005511,0.008501,0.009270,-1
[INFO ] 164	Cold:0.003210,0.002395,0.009502,0.014137,0.511368,0.005748,0.008739,0.009315,-1
[INFO ] 169	Whole:0.003182,0.002495,0.008917,0.013920,0.511834,0.005583,0.008615,0.009436,-1
[INFO ] 169	Cold:0.003170,0.002410,0.009428,0.014175,0.511443,0.005870,0.008874,0.009632,-1
[INFO ] 174	Whole:0.003242,0.002505,0.009177,0.014032,0.511850,0.005730,0.008762,0.009571,-1
[INFO ] 174	Cold:0.003291,0.002375,0.009828,0.014161,0.511267,0.006008,0.008960,0.009704,-1
[INFO ] 179	Whole:0.003228,0.002485,0.009159,0.013835,0.511834,0.005639,0.008652,0.009502,-1
[INFO ] 179	Cold:0.003200,0.002395,0.009471,0.014230,0.511393,0.005891,0.008887,0.009578,-1


[INFO ] Training: ...zon/clothes_shoes/train0.2_folder_1, Testing:: ...azon/clothes_shoes/test0.2_folder_1.
[DEBUG] User amount: 39380, item amount: 23032
[DEBUG] Rate amount: 222942, scales: {1.0}
[DEBUG] User amount: 39380, item amount: 23032
[DEBUG] Rate amount: 55695, scales: {1.0}
[INFO ] RankMBPR: 30,0.005,0.35,0.35,800,10,3200,100,1.0
[INFO ] 154	Whole:0.005385,0.004119,0.014977,0.022497,0.519265,0.009559,0.014446,0.016199,-1
[INFO ] 154	Cold:0.004931,0.003729,0.014838,0.021984,0.517605,0.009530,0.014049,0.015098,-1
[INFO ] 159	Whole:0.005439,0.004042,0.014945,0.021822,0.518880,0.009345,0.014139,0.016046,-1
[INFO ] 159	Cold:0.005012,0.003688,0.014898,0.021409,0.517304,0.009268,0.013742,0.014892,-1
[INFO ] 164	Whole:0.005620,0.004210,0.015549,0.022815,0.519449,0.009444,0.014440,0.015941,-1
[INFO ] 164	Cold:0.005213,0.003844,0.015731,0.022714,0.517957,0.009229,0.013979,0.014540,-1
[INFO ] 169	Whole:0.005599,0.004169,0.015578,0.022828,0.519450,0.009463,0.014458,0.016054,-1
[INFO ] 169	Cold:0.005123,0.003854,0.015352,0.022856,0.518083,0.009358,0.014127,0.014824,-1
[INFO ] 174	Whole:0.005486,0.004206,0.014991,0.022851,0.519533,0.009449,0.014475,0.016209,-1
[INFO ] 174	Cold:0.005012,0.003844,0.014657,0.022636,0.517957,0.009434,0.014142,0.015048,-1
[INFO ] 179	Whole:0.005425,0.004149,0.014898,0.022657,0.519349,0.009484,0.014439,0.016231,-1
[INFO ] 179	Cold:0.004972,0.003759,0.014718,0.022269,0.517756,0.009365,0.013998,0.015001,-1
[INFO ] 184	Whole:0.005352,0.004149,0.014584,0.022631,0.519315,0.009121,0.014111,0.015643,-1
[INFO ] 184	Cold:0.004911,0.003784,0.014714,0.022360,0.517706,0.009101,0.013772,0.014514,-1
[INFO ] 189	Whole:0.005499,0.004096,0.014978,0.022144,0.519131,0.009253,0.014182,0.016224,-1
[INFO ] 189	Cold:0.004962,0.003739,0.014769,0.022019,0.517681,0.009234,0.013844,0.014831,-1
[INFO ] 194	Whole:0.005472,0.004220,0.014957,0.022821,0.519550,0.009523,0.014548,0.016420,-1
[INFO ] 194	Cold:0.004992,0.003885,0.014936,0.022894,0.518184,0.009480,0.014248,0.015113,-1
[INFO ] 199	Whole:0.005579,0.004243,0.015342,0.022908,0.519717,0.009492,0.014559,0.016404,-1
[INFO ] 199	Cold:0.005183,0.003824,0.015370,0.022440,0.517932,0.009350,0.014053,0.014951,-1
[INFO ] 204	Whole:0.005727,0.004257,0.015678,0.023024,0.519834,0.009811,0.014835,0.016702,-1
[INFO ] 204	Cold:0.005304,0.003935,0.015731,0.022900,0.518435,0.009758,0.014515,0.015479,-1
[INFO ] 209	Whole:0.005646,0.004340,0.015455,0.023596,0.520186,0.009801,0.014999,0.016917,-1
[INFO ] 209	Cold:0.005183,0.004026,0.015274,0.023444,0.518787,0.009664,0.014595,0.015475,-1
[INFO ] 214	Whole:0.005640,0.004297,0.015456,0.022908,0.520018,0.009593,0.014669,0.016586,-1
[INFO ] 214	Cold:0.005143,0.003870,0.015141,0.022316,0.518158,0.009480,0.014171,0.015263,-1
[INFO ] 219	Whole:0.005740,0.004273,0.015703,0.023116,0.519818,0.009783,0.014863,0.016861,-1
[INFO ] 219	Cold:0.005334,0.003945,0.015788,0.023085,0.518385,0.009651,0.014492,0.015497,-1


[INFO ] Training: ...zon/clothes_shoes/train0.2_folder_1, Testing:: ...azon/clothes_shoes/test0.2_folder_1.
[DEBUG] User amount: 39380, item amount: 23032
[DEBUG] Rate amount: 222942, scales: {1.0}
[DEBUG] User amount: 39380, item amount: 23032
[DEBUG] Rate amount: 55695, scales: {1.0}
[INFO ] RankMBPR: 30,0.005,0.25,0.25,800,10,1600,100,1.0
[INFO ] 154	Whole:0.004977,0.003788,0.013574,0.020625,0.517692,0.008647,0.013190,0.014951,-1
[INFO ] 154	Cold:0.004529,0.003497,0.013294,0.020486,0.516524,0.008527,0.012863,0.013897,-1
[INFO ] 159	Whole:0.004950,0.003841,0.013596,0.021074,0.517759,0.008794,0.013371,0.014966,-1
[INFO ] 159	Cold:0.004539,0.003553,0.013430,0.021030,0.516599,0.008631,0.013007,0.013719,-1
[INFO ] 164	Whole:0.004997,0.003831,0.013571,0.021180,0.517809,0.008752,0.013351,0.014846,-1
[INFO ] 164	Cold:0.004478,0.003507,0.013171,0.020756,0.516423,0.008658,0.012967,0.013813,-1
[INFO ] 169	Whole:0.004990,0.003791,0.013736,0.020895,0.517742,0.008862,0.013405,0.015189,-1
[INFO ] 169	Cold:0.004629,0.003502,0.013582,0.020722,0.516549,0.008805,0.013127,0.014255,-1
[INFO ] 174	Whole:0.005084,0.003707,0.013898,0.020267,0.517240,0.008824,0.013222,0.015081,-1
[INFO ] 174	Cold:0.004690,0.003427,0.013943,0.019932,0.516122,0.008805,0.012947,0.014173,-1
[INFO ] 179	Whole:0.004990,0.003878,0.013810,0.021521,0.518077,0.008779,0.013471,0.015017,-1


[INFO ] Training: ...zon/clothes_shoes/train0.2_folder_1, Testing:: ...azon/clothes_shoes/test0.2_folder_1.
[DEBUG] User amount: 39380, item amount: 23032
[DEBUG] Rate amount: 222942, scales: {1.0}
[DEBUG] User amount: 39380, item amount: 23032
[DEBUG] Rate amount: 55695, scales: {1.0}
[INFO ] RankMBPR: 30,0.005,0.5,0.5,800,10,1600,100,1.0
[INFO ] 154	Whole:0.006437,0.005084,0.017761,0.028034,0.523450,0.011250,0.017371,0.019035,-1
[INFO ] 154	Cold:0.006008,0.004624,0.017828,0.027361,0.521629,0.011150,0.016840,0.017631,-1
[INFO ] 159	Whole:0.006323,0.005007,0.017187,0.027390,0.523031,0.011090,0.017070,0.018713,-1
[INFO ] 159	Cold:0.005857,0.004509,0.017062,0.026384,0.520950,0.010838,0.016352,0.017233,-1
[INFO ] 164	Whole:0.006309,0.005077,0.017270,0.027785,0.523416,0.011162,0.017262,0.019066,-1
[INFO ] 164	Cold:0.005736,0.004660,0.016766,0.027384,0.521855,0.011088,0.016823,0.017733,-1
[INFO ] 169	Whole:0.006343,0.005090,0.017397,0.027522,0.523433,0.011087,0.017147,0.018856,-1
[INFO ] 169	Cold:0.005787,0.004634,0.016839,0.026892,0.521553,0.010823,0.016493,0.017302,-1
[INFO ] 174	Whole:0.006524,0.005121,0.017893,0.028104,0.523416,0.011186,0.017361,0.019053,-1
[INFO ] 174	Cold:0.006038,0.004629,0.017676,0.027477,0.521503,0.010917,0.016678,0.017376,-1
[INFO ] 179	Whole:0.006537,0.005037,0.018008,0.027606,0.523199,0.011428,0.017428,0.019297,-1
[INFO ] 179	Cold:0.005938,0.004650,0.017581,0.027205,0.521629,0.011217,0.016877,0.017756,-1
[INFO ] 184	Whole:0.006510,0.005134,0.017985,0.028360,0.523567,0.011477,0.017655,0.019468,-1
[INFO ] 184	Cold:0.005887,0.004639,0.017263,0.027536,0.521528,0.011140,0.016878,0.017732,-1
[INFO ] 189	Whole:0.006624,0.005067,0.018223,0.027634,0.523500,0.011304,0.017353,0.019114,-1
[INFO ] 189	Cold:0.005978,0.004584,0.017453,0.026908,0.521554,0.010955,0.016604,0.017494,-1
[INFO ] 194	Whole:0.006450,0.005111,0.017577,0.028046,0.523617,0.011604,0.017683,0.019481,-1
[INFO ] 194	Cold:0.005827,0.004639,0.017094,0.027219,0.521654,0.011437,0.017038,0.017912,-1
[INFO ] 199	Whole:0.006624,0.005177,0.017978,0.028285,0.524002,0.011643,0.017828,0.019815,-1
[INFO ] 199	Cold:0.006018,0.004655,0.017567,0.027380,0.521855,0.011492,0.017165,0.018218,-1
[INFO ] 204	Whole:0.006504,0.005137,0.017976,0.028056,0.523584,0.011603,0.017693,0.019512,-1
[INFO ] 204	Cold:0.005938,0.004629,0.017662,0.027374,0.521604,0.011197,0.016894,0.017729,-1
[INFO ] 209	Whole:0.006584,0.005164,0.018332,0.028492,0.523835,0.011717,0.017872,0.019554,-1
[INFO ] 209	Cold:0.005958,0.004629,0.017700,0.027461,0.521679,0.011267,0.016951,0.017735,-1
[INFO ] 214	Whole:0.006705,0.005214,0.018475,0.028667,0.524102,0.011688,0.017931,0.019693,-1
[INFO ] 214	Cold:0.006139,0.004750,0.018040,0.027892,0.522182,0.011460,0.017271,0.018176,-1
[INFO ] 219	Whole:0.006765,0.005157,0.018754,0.028371,0.523885,0.011982,0.018114,0.020170,-1
[INFO ] 219	Cold:0.006169,0.004720,0.018255,0.027977,0.522233,0.011714,0.017501,0.018548,-1
[INFO ] 224	Whole:0.006872,0.005238,0.018893,0.028871,0.524237,0.012210,0.018409,0.020413,-1
[INFO ] 224	Cold:0.006280,0.004755,0.018370,0.028284,0.522183,0.011978,0.017758,0.018783,-1
[INFO ] 229	Whole:0.006778,0.005278,0.018635,0.028965,0.524370,0.011922,0.018213,0.020043,-1
[INFO ] 229	Cold:0.006179,0.004800,0.018128,0.028235,0.522358,0.011581,0.017438,0.018201,-1
[INFO ] 234	Whole:0.006792,0.005258,0.018739,0.028859,0.524153,0.011852,0.018106,0.019815,-1
[INFO ] 234	Cold:0.006109,0.004775,0.017972,0.028007,0.522082,0.011591,0.017380,0.018195,-1
[INFO ] 239	Whole:0.006892,0.005275,0.019040,0.029170,0.524404,0.011777,0.018133,0.019824,-1
[INFO ] 239	Cold:0.006300,0.004790,0.018270,0.028244,0.522434,0.011341,0.017261,0.018036,-1
[INFO ] 244	Whole:0.006912,0.005288,0.018965,0.028881,0.524471,0.011971,0.018267,0.020203,-1
[INFO ] 244	Cold:0.006310,0.004720,0.018560,0.027774,0.522208,0.011615,0.017377,0.018295,-1
[INFO ] 249	Whole:0.006946,0.005305,0.019234,0.029070,0.524554,0.012038,0.018341,0.020134,-1
[INFO ] 249	Cold:0.006280,0.004811,0.018546,0.028215,0.522560,0.011615,0.017506,0.018414,-1
[INFO ] 254	Whole:0.006752,0.005388,0.018605,0.029697,0.524922,0.011814,0.018318,0.019977,-1
[INFO ] 254	Cold:0.005988,0.004906,0.017527,0.029090,0.522936,0.011430,0.017525,0.018149,-1



[INFO ] Training: ...zon/clothes_shoes/train0.2_folder_1, Testing:: ...azon/clothes_shoes/test0.2_folder_1.
[DEBUG] User amount: 39380, item amount: 23032
[DEBUG] Rate amount: 222942, scales: {1.0}
[DEBUG] User amount: 39380, item amount: 23032
[DEBUG] Rate amount: 55695, scales: {1.0}
[INFO ] RankMBPR: 30,0.005,0.05,0.05,800,10,100,100,1.0
[INFO ] 154	Whole:0.002699,0.002157,0.007098,0.011544,0.510093,0.004699,0.007264,0.008178,-1
[INFO ] 154	Cold:0.002446,0.001922,0.006828,0.010935,0.509104,0.004498,0.006865,0.007481,-1
[INFO ] 159	Whole:0.002713,0.002210,0.007195,0.011834,0.510411,0.004707,0.007345,0.008223,-1
[INFO ] 159	Cold:0.002466,0.001998,0.007010,0.011543,0.509507,0.004458,0.006976,0.007452,-1
[INFO ] 164	Whole:0.002726,0.002143,0.007278,0.011569,0.510059,0.004718,0.007268,0.008138,-1
[INFO ] 164	Cold:0.002466,0.001927,0.007022,0.011242,0.509180,0.004613,0.007015,0.007627,-1
[INFO ] 169	Whole:0.002726,0.002204,0.007363,0.011984,0.510327,0.004691,0.007331,0.007978,-1
[INFO ] 169	Cold:0.002486,0.002018,0.007181,0.011751,0.509607,0.004530,0.007071,0.007484,-1
[INFO ] 174	Whole:0.002693,0.002197,0.007306,0.011829,0.510227,0.004657,0.007286,0.008017,-1
[INFO ] 174	Cold:0.002456,0.001973,0.007161,0.011418,0.509305,0.004460,0.006939,0.007410,-1
[INFO ] 179	Whole:0.002699,0.002150,0.007226,0.011678,0.510076,0.004637,0.007221,0.007993,-1
[INFO ] 179	Cold:0.002446,0.001973,0.006942,0.011517,0.509431,0.004504,0.006999,0.007492,-1
[INFO ] 184	Whole:0.002699,0.002180,0.007311,0.011735,0.510193,0.004701,0.007300,0.008117,-1
[INFO ] 184	Cold:0.002506,0.002003,0.007242,0.011617,0.509532,0.004530,0.007058,0.007596,-1
[INFO ] 189	Whole:0.002632,0.002120,0.007096,0.011617,0.509959,0.004638,0.007195,0.007981,-1
[INFO ] 189	Cold:0.002415,0.001952,0.006884,0.011501,0.509305,0.004423,0.006916,0.007393,-1


[INFO ] Training: ...zon/clothes_shoes/train0.2_folder_1, Testing:: ...azon/clothes_shoes/test0.2_folder_1.
[DEBUG] User amount: 39380, item amount: 23032
[DEBUG] Rate amount: 222942, scales: {1.0}
[DEBUG] User amount: 39380, item amount: 23032
[DEBUG] Rate amount: 55695, scales: {1.0}
[INFO ] RankMBPR: 30,0.0042,0.42,0.42,800,10,1600,100,1.0
[INFO ] 464	Whole:0.006785,0.005144,0.018485,0.027793,0.523768,0.011951,0.018051,0.020549,-1
[INFO ] 464	Cold:0.006260,0.004730,0.018271,0.027526,0.522208,0.011793,0.017585,0.019214,-1
[INFO ] 469	Whole:0.006745,0.005181,0.018195,0.027848,0.523986,0.011735,0.017903,0.020276,-1
[INFO ] 469	Cold:0.006159,0.004780,0.018013,0.027779,0.522384,0.011564,0.017448,0.018813,-1
[INFO ] 474	Whole:0.006812,0.005147,0.018577,0.027991,0.523768,0.012020,0.018112,0.020466,-1
[INFO ] 474	Cold:0.006250,0.004740,0.018322,0.027712,0.522032,0.011922,0.017686,0.019146,-1
[INFO ] 479	Whole:0.006832,0.005147,0.018687,0.028008,0.523835,0.011958,0.018094,0.020547,-1
[INFO ] 479	Cold:0.006250,0.004710,0.018449,0.027545,0.522107,0.011819,0.017574,0.019104,-1
[INFO ] 484	Whole:0.006624,0.005151,0.018241,0.027923,0.523801,0.011996,0.018071,0.020375,-1
[INFO ] 484	Cold:0.006018,0.004770,0.017753,0.027903,0.522283,0.011908,0.017743,0.019336,-1
[INFO ] 489	Whole:0.006664,0.005114,0.018113,0.027615,0.523701,0.011606,0.017700,0.020012,-1
[INFO ] 489	Cold:0.006069,0.004740,0.017716,0.027572,0.522132,0.011570,0.017397,0.018891,-1
[INFO ] 494	Whole:0.006671,0.005137,0.018471,0.027728,0.523785,0.011684,0.017787,0.020068,-1
[INFO ] 494	Cold:0.006149,0.004806,0.018165,0.028120,0.522509,0.011494,0.017435,0.018572,-1
[INFO ] 499	Whole:0.006705,0.005174,0.018220,0.028185,0.523969,0.011777,0.017970,0.020219,-1
[INFO ] 499	Cold:0.006069,0.004780,0.017696,0.028043,0.522333,0.011531,0.017464,0.018746,-1
[INFO ] 504	Whole:0.006832,0.005084,0.018547,0.027482,0.523617,0.011862,0.017892,0.020432,-1
[INFO ] 504	Cold:0.006139,0.004655,0.017876,0.027075,0.521906,0.011790,0.017441,0.019162,-1
[INFO ] 509	Whole:0.006752,0.005208,0.018461,0.028240,0.524119,0.011982,0.018163,0.020558,-1
[INFO ] 509	Cold:0.006290,0.004780,0.018417,0.027682,0.522384,0.011770,0.017604,0.019179,-1
[INFO ] 514	Whole:0.006745,0.005054,0.018434,0.027621,0.523467,0.011854,0.017892,0.020392,-1
[INFO ] 514	Cold:0.006199,0.004690,0.018205,0.027477,0.522057,0.011713,0.017494,0.019203,-1
[INFO ] 519	Whole:0.006698,0.005147,0.018391,0.028117,0.523935,0.011693,0.017863,0.020026,-1
[INFO ] 519	Cold:0.006119,0.004710,0.017926,0.027416,0.522208,0.011495,0.017285,0.018712,-1
[INFO ] 524	Whole:0.006758,0.005171,0.018527,0.028065,0.524052,0.011801,0.017991,0.020352,-1
[INFO ] 524	Cold:0.006250,0.004760,0.018283,0.027597,0.522333,0.011750,0.017572,0.019135,-1
[INFO ] 529	Whole:0.006758,0.005211,0.018621,0.028427,0.524203,0.012228,0.018397,0.020801,-1
[INFO ] 529	Cold:0.006280,0.004816,0.018453,0.028173,0.522610,0.012137,0.018014,0.019675,-1
[INFO ] 534	Whole:0.006711,0.005137,0.018522,0.027965,0.523785,0.011825,0.017962,0.020233,-1
[INFO ] 534	Cold:0.006250,0.004770,0.018459,0.027593,0.522258,0.011660,0.017505,0.019004,-1
[INFO ] 539	Whole:0.006892,0.005167,0.018808,0.028011,0.524036,0.012071,0.018193,0.020633,-1
[INFO ] 539	Cold:0.006521,0.004780,0.018808,0.027822,0.522510,0.011901,0.017742,0.019286,-1
[INFO ] 544	Whole:0.006852,0.005167,0.018715,0.027982,0.524036,0.012047,0.018185,0.020730,-1
[INFO ] 544	Cold:0.006230,0.004811,0.018218,0.027748,0.522711,0.011936,0.017807,0.019578,-1
[INFO ] 549	Whole:0.006765,0.005177,0.018586,0.028044,0.524119,0.011782,0.017943,0.020162,-1
[INFO ] 549	Cold:0.006209,0.004795,0.018355,0.027827,0.522560,0.011525,0.017416,0.018692,-1
[INFO ] 554	Whole:0.006859,0.005218,0.018839,0.028350,0.524237,0.011963,0.018199,0.020567,-1
[INFO ] 554	Cold:0.006381,0.004846,0.018622,0.028132,0.522761,0.011794,0.017763,0.019339,-1
[INFO ] 559	Whole:0.006778,0.005171,0.018743,0.027974,0.524002,0.012044,0.018151,0.020562,-1
[INFO ] 559	Cold:0.006189,0.004750,0.018286,0.027546,0.522384,0.011837,0.017605,0.019135,-1
[INFO ] 564	Whole:0.006805,0.005191,0.018520,0.028217,0.524153,0.012046,0.018198,0.020533,-1
[INFO ] 564	Cold:0.006219,0.004816,0.017983,0.027800,0.522534,0.011722,0.017581,0.019004,-1
[INFO ] 569	Whole:0.006624,0.005141,0.017967,0.028137,0.523868,0.011922,0.018062,0.020394,-1
[INFO ] 569	Cold:0.006058,0.004760,0.017477,0.027533,0.522409,0.011642,0.017471,0.019085,-1
[INFO ] 574	Whole:0.006745,0.005161,0.018718,0.027998,0.524002,0.012010,0.018093,0.020327,-1
[INFO ] 574	Cold:0.006189,0.004765,0.018334,0.027623,0.522409,0.011828,0.017596,0.018996,-1
[INFO ] 579	Whole:0.006885,0.005117,0.018865,0.027945,0.523885,0.011954,0.018063,0.020461,-1
[INFO ] 579	Cold:0.006411,0.004745,0.018757,0.027720,0.522484,0.011814,0.017664,0.019350,-1
[INFO ] 584	Whole:0.006879,0.005174,0.018868,0.028269,0.524019,0.012224,0.018334,0.020627,-1
[INFO ] 584	Cold:0.006320,0.004790,0.018570,0.027862,0.522560,0.012154,0.017950,0.019576,-1
[INFO ] 589	Whole:0.006738,0.005208,0.018603,0.028293,0.524086,0.012209,0.018359,0.020771,-1
[INFO ] 589	Cold:0.006250,0.004795,0.018269,0.027826,0.522459,0.011990,0.017824,0.019491,-1
[INFO ] 594	Whole:0.006959,0.005161,0.019092,0.027930,0.523818,0.012176,0.018254,0.020732,-1
[INFO ] 594	Cold:0.006481,0.004760,0.018874,0.027626,0.522309,0.012009,0.017802,0.019499,-1
[INFO ] 599	Whole:0.006906,0.005218,0.018908,0.028547,0.524170,0.011989,0.018246,0.020527,-1
[INFO ] 599	Cold:0.006300,0.004775,0.018573,0.027867,0.522409,0.011780,0.017655,0.019141,-1
[INFO ] 604	Whole:0.006926,0.005258,0.019051,0.028628,0.524237,0.012302,0.018537,0.020961,-1
[INFO ] 604	Cold:0.006360,0.004851,0.018672,0.028297,0.522635,0.012107,0.018043,0.019661,-1
[INFO ] 609	Whole:0.006852,0.005221,0.018845,0.028518,0.524253,0.012166,0.018365,0.020642,-1
[INFO ] 609	Cold:0.006280,0.004816,0.018567,0.028076,0.522660,0.011876,0.017754,0.019085,-1
[INFO ] 614	Whole:0.006919,0.005251,0.018804,0.028707,0.524304,0.012130,0.018415,0.020792,-1
[INFO ] 614	Cold:0.006330,0.004806,0.018524,0.028074,0.522484,0.011864,0.017770,0.019233,-1
[INFO ] 619	Whole:0.006892,0.005218,0.018868,0.028821,0.524203,0.012235,0.018500,0.020871,-1
[INFO ] 619	Cold:0.006290,0.004806,0.018457,0.028414,0.522585,0.012022,0.017939,0.019299,-1
[INFO ] 624	Whole:0.006785,0.005261,0.018631,0.028748,0.524404,0.012251,0.018480,0.020703,-1
[INFO ] 624	Cold:0.006300,0.004931,0.018321,0.028740,0.523113,0.012288,0.018260,0.019721,-1
[INFO ] 629	Whole:0.006906,0.005251,0.018927,0.028707,0.524337,0.012242,0.018467,0.020734,-1
[INFO ] 629	Cold:0.006431,0.004800,0.018807,0.028106,0.522585,0.012096,0.017960,0.019536,-1
[INFO ] 634	Whole:0.007026,0.005261,0.019460,0.028684,0.524220,0.012400,0.018621,0.020987,-1
[INFO ] 634	Cold:0.006562,0.004871,0.019178,0.028481,0.522761,0.012187,0.018152,0.019684,-1
[INFO ] 639	Whole:0.006952,0.005258,0.019008,0.028706,0.524203,0.012328,0.018576,0.021013,-1
[INFO ] 639	Cold:0.006401,0.004800,0.018612,0.028035,0.522359,0.012169,0.018018,0.019683,-1
[INFO ] 644	Whole:0.007033,0.005288,0.019298,0.028923,0.524471,0.012208,0.018546,0.020881,-1
[INFO ] 644	Cold:0.006562,0.004831,0.019064,0.028155,0.522661,0.011990,0.017921,0.019447,-1
[INFO ] 649	Whole:0.006839,0.005268,0.018621,0.028631,0.524387,0.012170,0.018418,0.020744,-1
[INFO ] 649	Cold:0.006280,0.004841,0.018314,0.028091,0.522711,0.012038,0.017939,0.019562,-1
[INFO ] 654	Whole:0.006952,0.005251,0.019259,0.028805,0.524404,0.012034,0.018353,0.020606,-1
[INFO ] 654	Cold:0.006381,0.004826,0.018891,0.028269,0.522585,0.012033,0.017947,0.019427,-1
[INFO ] 659	Whole:0.006906,0.005258,0.019026,0.028792,0.524270,0.012393,0.018636,0.021024,-1
[INFO ] 659	Cold:0.006320,0.004916,0.018599,0.028908,0.522987,0.012227,0.018253,0.019636,-1
[INFO ] 664	Whole:0.006952,0.005234,0.019240,0.028684,0.524471,0.012140,0.018419,0.020772,-1
[INFO ] 664	Cold:0.006340,0.004836,0.018763,0.028209,0.522862,0.012013,0.017928,0.019407,-1
[INFO ] 669	Whole:0.006745,0.005224,0.018407,0.028558,0.524203,0.012115,0.018358,0.020755,-1
[INFO ] 669	Cold:0.006099,0.004811,0.017667,0.028113,0.522535,0.012011,0.017902,0.019540,-1
[INFO ] 674	Whole:0.007006,0.005224,0.019383,0.028512,0.524237,0.012143,0.018408,0.020885,-1
[INFO ] 674	Cold:0.006340,0.004740,0.018625,0.027674,0.522283,0.011896,0.017723,0.019419,-1
[INFO ] 679	Whole:0.007046,0.005338,0.019539,0.029147,0.524772,0.012310,0.018685,0.020958,-1
[INFO ] 679	Cold:0.006531,0.004941,0.019253,0.028864,0.523189,0.012231,0.018293,0.019758,-1
[INFO ] 684	Whole:0.006999,0.005278,0.019174,0.029107,0.524471,0.012311,0.018635,0.020873,-1
[INFO ] 684	Cold:0.006461,0.004946,0.018739,0.028769,0.523088,0.012170,0.018177,0.019432,-1
[INFO ] 689	Whole:0.006952,0.005224,0.019184,0.028614,0.524354,0.012215,0.018461,0.020861,-1
[INFO ] 689	Cold:0.006381,0.004886,0.018687,0.028292,0.522937,0.012008,0.017944,0.019355,-1
[INFO ] 694	Whole:0.006892,0.005298,0.018889,0.028979,0.524672,0.012231,0.018558,0.020858,-1
[INFO ] 694	Cold:0.006340,0.004896,0.018431,0.028538,0.523038,0.012186,0.018148,0.019621,-1
[INFO ] 699	Whole:0.007040,0.005261,0.019139,0.028652,0.524337,0.012254,0.018525,0.021044,-1
[INFO ] 699	Cold:0.006491,0.004846,0.018751,0.028036,0.522660,0.012120,0.018024,0.019816,-1
[INFO ] 704	Whole:0.006999,0.005372,0.019225,0.029211,0.524873,0.012265,0.018649,0.020851,-1
[INFO ] 704	Cold:0.006441,0.004901,0.018815,0.028332,0.522962,0.012055,0.018011,0.019478,-1
[INFO ] 709	Whole:0.007033,0.005265,0.019481,0.028991,0.524454,0.012510,0.018767,0.021136,-1
[INFO ] 709	Cold:0.006481,0.004856,0.019239,0.028371,0.522761,0.012272,0.018153,0.019560,-1
[INFO ] 714	Whole:0.006993,0.005378,0.019328,0.029716,0.524873,0.012574,0.019003,0.021250,-1
[INFO ] 714	Cold:0.006401,0.004951,0.018924,0.029023,0.523164,0.012397,0.018440,0.019908,-1
[INFO ] 719	Whole:0.006872,0.005375,0.018637,0.029470,0.524856,0.012369,0.018802,0.021182,-1
[INFO ] 719	Cold:0.006260,0.004967,0.018236,0.028975,0.523214,0.012380,0.018418,0.020004,-1
[INFO ] 724	Whole:0.006986,0.005231,0.019238,0.028679,0.524421,0.012397,0.018623,0.021130,-1
[INFO ] 724	Cold:0.006421,0.004836,0.018836,0.028364,0.522786,0.012342,0.018222,0.019850,-1
[INFO ] 729	Whole:0.006986,0.005345,0.019194,0.029228,0.524722,0.012347,0.018725,0.021029,-1
[INFO ] 729	Cold:0.006401,0.004926,0.018753,0.028741,0.523063,0.012281,0.018274,0.019750,-1
[INFO ] 734	Whole:0.006952,0.005335,0.019239,0.029356,0.524873,0.012377,0.018764,0.021012,-1
[INFO ] 734	Cold:0.006421,0.004946,0.018862,0.028853,0.523339,0.012203,0.018240,0.019608,-1
[INFO ] 739	Whole:0.007060,0.005385,0.019462,0.029843,0.525090,0.012598,0.019066,0.021414,-1
[INFO ] 739	Cold:0.006471,0.005002,0.018990,0.029409,0.523440,0.012446,0.018554,0.019909,-1
[INFO ] 744	Whole:0.006939,0.005261,0.018852,0.028887,0.524320,0.011941,0.018305,0.020528,-1
[INFO ] 744	Cold:0.006350,0.004821,0.018332,0.028164,0.522510,0.011780,0.017723,0.019148,-1
[INFO ] 749	Whole:0.006919,0.005318,0.019195,0.029153,0.524688,0.012353,0.018684,0.020903,-1
[INFO ] 749	Cold:0.006340,0.004881,0.018616,0.028628,0.522887,0.012294,0.018215,0.019584,-1
[INFO ] 754	Whole:0.006973,0.005261,0.019177,0.028750,0.524438,0.012276,0.018530,0.020810,-1
[INFO ] 754	Cold:0.006431,0.004866,0.018978,0.028455,0.522887,0.012179,0.018133,0.019696,-1
[INFO ] 759	Whole:0.007167,0.005388,0.019918,0.029538,0.525007,0.012658,0.019069,0.021449,-1
[INFO ] 759	Cold:0.006531,0.004926,0.019228,0.028796,0.523113,0.012378,0.018354,0.019722,-1
[INFO ] 764	Whole:0.007173,0.005378,0.019877,0.029650,0.524973,0.012608,0.019042,0.021371,-1
[INFO ] 764	Cold:0.006622,0.004962,0.019539,0.028785,0.523164,0.012496,0.018483,0.019976,-1
[INFO ] 769	Whole:0.007093,0.005395,0.019655,0.029347,0.524889,0.012443,0.018846,0.021159,-1
[INFO ] 769	Cold:0.006511,0.004911,0.019264,0.028371,0.522912,0.012245,0.018179,0.019724,-1
[INFO ] 774	Whole:0.007033,0.005318,0.019395,0.029146,0.524806,0.012107,0.018527,0.020826,-1
[INFO ] 774	Cold:0.006350,0.004881,0.018747,0.028453,0.523012,0.011973,0.017966,0.019383,-1
[INFO ] 779	Whole:0.006879,0.005358,0.019157,0.029890,0.525124,0.012322,0.018804,0.020876,-1
[INFO ] 779	Cold:0.006411,0.004896,0.018990,0.029013,0.523188,0.012264,0.018257,0.019478,-1
[INFO ] 784	Whole:0.006986,0.005372,0.019532,0.029525,0.524856,0.012563,0.018946,0.021220,-1
[INFO ] 784	Cold:0.006451,0.004916,0.019249,0.028847,0.523038,0.012356,0.018339,0.019711,-1
[INFO ] 789	Whole:0.007100,0.005385,0.019769,0.029528,0.525057,0.012464,0.018863,0.020934,-1
[INFO ] 789	Cold:0.006592,0.004987,0.019510,0.028962,0.523440,0.012348,0.018365,0.019569,-1
[INFO ] 794	Whole:0.007160,0.005338,0.019774,0.029584,0.524806,0.012586,0.018963,0.021206,-1
[INFO ] 794	Cold:0.006582,0.004941,0.019224,0.029090,0.523239,0.012424,0.018467,0.019932,-1
[INFO ] 799	Whole:0.006919,0.005308,0.019210,0.029319,0.524605,0.012139,0.018539,0.020625,-1
[INFO ] 799	Cold:0.006360,0.004871,0.018850,0.028446,0.522786,0.011958,0.017924,0.019223,-1



[INFO ] Training: ...zon/clothes_shoes/train0.2_folder_1, Testing:: ...azon/clothes_shoes/test0.2_folder_1.
[DEBUG] User amount: 39380, item amount: 23032
[DEBUG] Rate amount: 222942, scales: {1.0}
[DEBUG] User amount: 39380, item amount: 23032
[DEBUG] Rate amount: 55695, scales: {1.0}
[INFO ] RankMBPR: 30,0.0042,0.42,0.42,800,10,-1,200,1.0
[INFO ] 154	Whole:0.005037,0.003858,0.013782,0.020939,0.518027,0.009004,0.013586,0.015590,-1
[INFO ] 154	Cold:0.004660,0.003678,0.013702,0.021495,0.517303,0.009193,0.013697,0.015023,-1
[INFO ] 159	Whole:0.005191,0.003855,0.014116,0.020967,0.517943,0.009098,0.013683,0.015797,-1
[INFO ] 159	Cold:0.004821,0.003553,0.014175,0.020931,0.516700,0.009320,0.013653,0.015192,-1
[INFO ] 164	Whole:0.005171,0.003841,0.014054,0.020760,0.517993,0.008913,0.013492,0.015551,-1
[INFO ] 164	Cold:0.004921,0.003623,0.014629,0.021196,0.517228,0.009010,0.013489,0.014734,-1
[INFO ] 169	Whole:0.005070,0.003902,0.013675,0.021165,0.518244,0.009056,0.013704,0.015744,-1
[INFO ] 169	Cold:0.004720,0.003653,0.013624,0.021182,0.517228,0.009163,0.013627,0.015059,-1
[INFO ] 174	Whole:0.005151,0.003938,0.013730,0.021303,0.518345,0.009063,0.013743,0.015761,-1
[INFO ] 174	Cold:0.004841,0.003734,0.013925,0.021791,0.517530,0.009071,0.013671,0.014786,-1
[INFO ] 179	Whole:0.005218,0.003945,0.014109,0.021195,0.518495,0.009125,0.013801,0.015853,-1
[INFO ] 179	Cold:0.004982,0.003673,0.014294,0.021194,0.517480,0.009144,0.013639,0.014962,-1
[INFO ] 184	Whole:0.005124,0.003845,0.013680,0.020714,0.517943,0.009107,0.013620,0.015688,-1
[INFO ] 184	Cold:0.004790,0.003553,0.013890,0.020641,0.516775,0.009270,0.013539,0.014979,-1
[INFO ] 189	Whole:0.005224,0.003905,0.013911,0.020835,0.518295,0.009185,0.013765,0.015988,-1
[INFO ] 189	Cold:0.004972,0.003628,0.014283,0.020973,0.517153,0.009301,0.013700,0.015211,-1
[INFO ] 194	Whole:0.005124,0.003918,0.014046,0.021213,0.518261,0.009171,0.013793,0.015802,-1
[INFO ] 194	Cold:0.004841,0.003633,0.014319,0.021186,0.517077,0.009378,0.013758,0.015083,-1
[INFO ] 199	Whole:0.005332,0.004019,0.014184,0.021621,0.518696,0.009190,0.013946,0.015872,-1
[INFO ] 199	Cold:0.004972,0.003824,0.014007,0.022067,0.517857,0.009353,0.014007,0.015212,-1
[INFO ] 204	Whole:0.005278,0.003958,0.014239,0.021319,0.518546,0.009269,0.013939,0.016000,-1
[INFO ] 204	Cold:0.004911,0.003658,0.014146,0.021132,0.517253,0.009333,0.013755,0.015207,-1
[INFO ] 209	Whole:0.005265,0.004005,0.014221,0.021599,0.518596,0.009152,0.013899,0.015770,-1
[INFO ] 209	Cold:0.004931,0.003668,0.014160,0.021206,0.517102,0.009124,0.013586,0.014811,-1
[INFO ] 214	Whole:0.005224,0.003915,0.013899,0.021094,0.518194,0.009278,0.013872,0.015960,-1
[INFO ] 214	Cold:0.004891,0.003593,0.014023,0.020906,0.516801,0.009363,0.013696,0.015140,-1
[INFO ] 219	Whole:0.005298,0.003908,0.014436,0.021268,0.518345,0.009317,0.013943,0.016085,-1
[INFO ] 219	Cold:0.004951,0.003603,0.014565,0.021088,0.516977,0.009291,0.013690,0.015187,-1
[INFO ] 224	Whole:0.005318,0.003985,0.014434,0.021642,0.518613,0.009360,0.014063,0.016013,-1


[INFO ] Training: ...zon/clothes_shoes/train0.2_folder_1, Testing:: ...azon/clothes_shoes/test0.2_folder_1.
[DEBUG] User amount: 39380, item amount: 23032
[DEBUG] Rate amount: 222942, scales: {1.0}
[DEBUG] User amount: 39380, item amount: 23032
[DEBUG] Rate amount: 55695, scales: {1.0}
[INFO ] RankMBPR: 30,0.0042,0.12,0.12,800,10,1600,200,1.0
[INFO ] 154	Whole:0.003356,0.002602,0.009100,0.014248,0.512085,0.005805,0.008941,0.010048,-1
[INFO ] 154	Cold:0.003180,0.002516,0.009093,0.014596,0.511795,0.005846,0.008955,0.009539,-1
[INFO ] 159	Whole:0.003295,0.002602,0.008875,0.014222,0.512168,0.005681,0.008852,0.009965,-1
[INFO ] 159	Cold:0.003120,0.002551,0.008944,0.014698,0.512047,0.005741,0.008922,0.009495,-1
[INFO ] 164	Whole:0.003208,0.002585,0.008663,0.014190,0.512068,0.005792,0.008901,0.009992,-1
[INFO ] 164	Cold:0.003100,0.002546,0.008928,0.014971,0.511971,0.006047,0.009191,0.009787,-1
[INFO ] 169	Whole:0.003222,0.002562,0.008744,0.013874,0.512018,0.005520,0.008639,0.009739,-1
[INFO ] 169	Cold:0.003120,0.002516,0.008902,0.014485,0.511871,0.005700,0.008836,0.009432,-1



[INFO ] Training: ...zon/clothes_shoes/train0.2_folder_1, Testing:: ...azon/clothes_shoes/test0.2_folder_1.
[DEBUG] User amount: 39380, item amount: 23032
[DEBUG] Rate amount: 222942, scales: {1.0}
[DEBUG] User amount: 39380, item amount: 23032
[DEBUG] Rate amount: 55695, scales: {1.0}
[INFO ] RankMBPR: 30,0.005,0.5,0.5,80000,10,1600,100,1.0
[INFO ] 2464	Whole:0.007508,0.005737,0.020777,0.031908,0.526563,0.013254,0.020156,0.022329,-1
[INFO ] 2464	Cold:0.006954,0.005193,0.020312,0.030400,0.524069,0.012801,0.019179,0.020641,-1
[INFO ] 2469	Whole:0.007435,0.005747,0.020555,0.031964,0.526630,0.013492,0.020327,0.022567,-1
[INFO ] 2469	Cold:0.006833,0.005253,0.019859,0.030900,0.524370,0.012900,0.019329,0.020695,-1
[INFO ] 2474	Whole:0.007515,0.005847,0.020904,0.032635,0.527015,0.013612,0.020586,0.022620,-1
[INFO ] 2474	Cold:0.006854,0.005349,0.019914,0.031620,0.524773,0.013221,0.019752,0.020991,-1
[INFO ] 2479	Whole:0.007562,0.005780,0.020921,0.032215,0.526831,0.013463,0.020366,0.022510,-1
[INFO ] 2479	Cold:0.006964,0.005218,0.020270,0.030685,0.524295,0.012789,0.019178,0.020421,-1
[INFO ] 2484	Whole:0.007555,0.005797,0.021030,0.032130,0.526931,0.013396,0.020358,0.022675,-1
[INFO ] 2484	Cold:0.006984,0.005289,0.020312,0.030922,0.524597,0.012901,0.019410,0.020929,-1
[INFO ] 2489	Whole:0.007374,0.005790,0.020541,0.032261,0.526864,0.013346,0.020300,0.022359,-1
[INFO ] 2489	Cold:0.006833,0.005228,0.019869,0.030734,0.524270,0.012947,0.019356,0.020796,-1
[INFO ] 2494	Whole:0.007321,0.005750,0.020426,0.031757,0.526546,0.013325,0.020160,0.022285,-1
[INFO ] 2494	Cold:0.006894,0.005279,0.020135,0.030597,0.524295,0.012890,0.019291,0.020614,-1
[INFO ] 2499	Whole:0.007475,0.005807,0.020631,0.032263,0.526915,0.013451,0.020425,0.022759,-1
[INFO ] 2499	Cold:0.006894,0.005258,0.020010,0.030728,0.524396,0.013027,0.019464,0.021135,-1
[INFO ] 2504	Whole:0.007535,0.005790,0.020895,0.032177,0.526881,0.013428,0.020363,0.022549,-1
[INFO ] 2504	Cold:0.007004,0.005294,0.020257,0.031076,0.524622,0.012886,0.019384,0.020609,-1
[INFO ] 2509	Whole:0.007274,0.005774,0.020256,0.032065,0.526597,0.013153,0.020073,0.021980,-1
[INFO ] 2509	Cold:0.006723,0.005223,0.019644,0.030643,0.524144,0.012794,0.019183,0.020424,-1
[INFO ] 2514	Whole:0.007642,0.005817,0.021330,0.032597,0.526898,0.013804,0.020779,0.023126,-1
[INFO ] 2514	Cold:0.007155,0.005273,0.020971,0.030970,0.524497,0.013276,0.019717,0.021334,-1
[INFO ] 2519	Whole:0.007502,0.005733,0.020720,0.031995,0.526480,0.013111,0.020032,0.022004,-1
[INFO ] 2519	Cold:0.006884,0.005188,0.020085,0.030542,0.524094,0.012552,0.018985,0.020248,-1
[INFO ] 2524	Whole:0.007562,0.005737,0.021062,0.031906,0.526429,0.013440,0.020299,0.022558,-1
[INFO ] 2524	Cold:0.007035,0.005203,0.020652,0.030553,0.524094,0.013258,0.019566,0.021179,-1
[INFO ] 2529	Whole:0.007569,0.005727,0.021184,0.031853,0.526563,0.013470,0.020307,0.022574,-1
[INFO ] 2529	Cold:0.006964,0.005258,0.020436,0.030773,0.524421,0.013043,0.019435,0.020805,-1
[INFO ] 2534	Whole:0.007602,0.005743,0.021325,0.032042,0.526547,0.013430,0.020313,0.022436,-1
[INFO ] 2534	Cold:0.006924,0.005203,0.020337,0.030568,0.524019,0.012802,0.019177,0.020429,-1
[INFO ] 2539	Whole:0.007569,0.005787,0.021091,0.032335,0.526831,0.013342,0.020330,0.022461,-1
[INFO ] 2539	Cold:0.006924,0.005279,0.020272,0.031121,0.524496,0.012950,0.019452,0.020817,-1
[INFO ] 2544	Whole:0.007448,0.005787,0.020785,0.032197,0.526680,0.013628,0.020502,0.022713,-1
[INFO ] 2544	Cold:0.006874,0.005273,0.020293,0.030964,0.524245,0.013294,0.019667,0.021112,-1
[INFO ] 2549	Whole:0.007723,0.005770,0.021378,0.031969,0.526647,0.013514,0.020390,0.022650,-1
[INFO ] 2549	Cold:0.007045,0.005238,0.020399,0.030607,0.524320,0.013143,0.019487,0.021023,-1
[INFO ] 2554	Whole:0.007502,0.005757,0.021110,0.031931,0.526580,0.013235,0.020151,0.022283,-1
[INFO ] 2554	Cold:0.006813,0.005213,0.020096,0.030637,0.524195,0.012568,0.019028,0.020300,-1
[INFO ] 2559	Whole:0.007569,0.005884,0.020936,0.032619,0.527166,0.013353,0.020400,0.022315,-1
[INFO ] 2559	Cold:0.006914,0.005299,0.020064,0.031160,0.524471,0.013019,0.019486,0.020686,-1
[INFO ] 2564	Whole:0.007421,0.005777,0.021004,0.032201,0.526663,0.013409,0.020309,0.022376,-1
[INFO ] 2564	Cold:0.006843,0.005193,0.020241,0.030413,0.523918,0.012981,0.019270,0.020667,-1
[INFO ] 2569	Whole:0.007569,0.005680,0.021124,0.031921,0.526262,0.013420,0.020256,0.022524,-1
[INFO ] 2569	Cold:0.007025,0.005183,0.020637,0.030687,0.523968,0.013031,0.019388,0.020881,-1
[INFO ] 2574	Whole:0.007515,0.005770,0.021239,0.032170,0.526613,0.013567,0.020419,0.022407,-1
[INFO ] 2574	Cold:0.006974,0.005294,0.020706,0.031069,0.524471,0.013222,0.019622,0.020891,-1
[INFO ] 2579	Whole:0.007528,0.005790,0.021037,0.032300,0.526915,0.013351,0.020314,0.022350,-1
[INFO ] 2579	Cold:0.006944,0.005268,0.020239,0.030980,0.524446,0.012993,0.019446,0.020803,-1
[INFO ] 2584	Whole:0.007589,0.005774,0.021030,0.032267,0.526731,0.013376,0.020325,0.022448,-1
[INFO ] 2584	Cold:0.007055,0.005213,0.020415,0.030736,0.524245,0.013028,0.019415,0.020883,-1
[INFO ] 2589	Whole:0.007609,0.005921,0.021158,0.032883,0.527450,0.013469,0.020588,0.022625,-1
[INFO ] 2589	Cold:0.006954,0.005384,0.020455,0.031732,0.525024,0.012852,0.019513,0.020621,-1
[INFO ] 2594	Whole:0.007502,0.005867,0.020976,0.032579,0.527182,0.013598,0.020594,0.022709,-1
[INFO ] 2594	Cold:0.006854,0.005309,0.020138,0.031018,0.524647,0.012874,0.019372,0.020698,-1
[INFO ] 2599	Whole:0.007522,0.005834,0.020987,0.032410,0.526982,0.013519,0.020500,0.022674,-1
[INFO ] 2599	Cold:0.006934,0.005319,0.020350,0.031136,0.524622,0.013021,0.019518,0.020820,-1
[INFO ] 2604	Whole:0.007569,0.005733,0.021248,0.031804,0.526429,0.013586,0.020366,0.022546,-1
[INFO ] 2604	Cold:0.006944,0.005153,0.020540,0.030289,0.523792,0.013024,0.019272,0.020668,-1
[INFO ] 2609	Whole:0.007662,0.005737,0.021473,0.031654,0.526530,0.013411,0.020221,0.022452,-1
[INFO ] 2609	Cold:0.006974,0.005188,0.020461,0.030260,0.523968,0.012940,0.019229,0.020729,-1
[INFO ] 2614	Whole:0.007488,0.005680,0.021102,0.031317,0.526396,0.013436,0.020159,0.022465,-1
[INFO ] 2614	Cold:0.006783,0.005183,0.020207,0.030037,0.524069,0.012939,0.019195,0.020702,-1
[INFO ] 2619	Whole:0.007589,0.005857,0.021246,0.032807,0.527115,0.013579,0.020607,0.022574,-1
[INFO ] 2619	Cold:0.006864,0.005304,0.020385,0.031197,0.524572,0.013042,0.019529,0.020795,-1
[INFO ] 2624	Whole:0.007428,0.005747,0.020820,0.031964,0.526781,0.013380,0.020276,0.022575,-1
[INFO ] 2624	Cold:0.006682,0.005168,0.019516,0.030246,0.524069,0.012727,0.019065,0.020652,-1
[INFO ] 2629	Whole:0.007495,0.005730,0.020757,0.031754,0.526530,0.013436,0.020257,0.022513,-1
[INFO ] 2629	Cold:0.006904,0.005238,0.019714,0.030640,0.524295,0.012947,0.019344,0.020861,-1
[INFO ] 2634	Whole:0.007528,0.005764,0.020922,0.032086,0.526680,0.013418,0.020321,0.022563,-1
[INFO ] 2634	Cold:0.006793,0.005248,0.019734,0.031008,0.524345,0.012945,0.019399,0.020811,-1
[INFO ] 2639	Whole:0.007415,0.005747,0.020616,0.032079,0.526580,0.013159,0.020092,0.022149,-1
[INFO ] 2639	Cold:0.006763,0.005112,0.019551,0.030198,0.523641,0.012708,0.018985,0.020378,-1
[INFO ] 2644	Whole:0.007562,0.005784,0.021203,0.032037,0.526831,0.013589,0.020464,0.022775,-1
[INFO ] 2644	Cold:0.006934,0.005223,0.020269,0.030511,0.524144,0.012992,0.019338,0.020849,-1
[INFO ] 2649	Whole:0.007609,0.005857,0.021352,0.032556,0.527233,0.013637,0.020617,0.022728,-1
[INFO ] 2649	Cold:0.006994,0.005329,0.020447,0.031323,0.524798,0.013241,0.019726,0.021135,-1
[INFO ] 2654	Whole:0.007542,0.005804,0.020919,0.031947,0.526797,0.013388,0.020289,0.022489,-1
[INFO ] 2654	Cold:0.006884,0.005218,0.019858,0.030422,0.524245,0.012991,0.019307,0.020798,-1
[INFO ] 2659	Whole:0.007555,0.005794,0.021305,0.032101,0.526864,0.013346,0.020262,0.022285,-1
[INFO ] 2659	Cold:0.006974,0.005314,0.020473,0.031168,0.524672,0.012998,0.019513,0.020873,-1
[INFO ] 2664	Whole:0.007542,0.005831,0.021159,0.032402,0.527065,0.013436,0.020436,0.022585,-1
[INFO ] 2664	Cold:0.006884,0.005279,0.020223,0.031281,0.524547,0.012976,0.019493,0.020812,-1
[INFO ] 2669	Whole:0.007662,0.005871,0.021426,0.032757,0.527132,0.013833,0.020822,0.022928,-1
[INFO ] 2669	Cold:0.006984,0.005344,0.020319,0.031571,0.524698,0.013256,0.019802,0.021156,-1
[INFO ] 2674	Whole:0.007461,0.005767,0.020761,0.031981,0.526714,0.013447,0.020305,0.022415,-1
[INFO ] 2674	Cold:0.006803,0.005198,0.019786,0.030579,0.524144,0.013063,0.019388,0.020864,-1
[INFO ] 2679	Whole:0.007415,0.005790,0.020705,0.032517,0.526731,0.013344,0.020349,0.022392,-1
[INFO ] 2679	Cold:0.006854,0.005339,0.020002,0.031555,0.524672,0.012894,0.019494,0.020667,-1
[INFO ] 2684	Whole:0.007582,0.005810,0.020999,0.032140,0.526848,0.013348,0.020310,0.022475,-1
[INFO ] 2684	Cold:0.006954,0.005319,0.019988,0.030998,0.524597,0.012868,0.019406,0.020893,-1
[INFO ] 2689	Whole:0.007475,0.005797,0.020922,0.032212,0.526664,0.013448,0.020355,0.022422,-1
[INFO ] 2689	Cold:0.006914,0.005304,0.020189,0.030900,0.524396,0.012938,0.019385,0.020654,-1
[INFO ] 2694	Whole:0.007401,0.005831,0.020514,0.032341,0.526898,0.013340,0.020308,0.022337,-1
[INFO ] 2694	Cold:0.006813,0.005304,0.019901,0.031275,0.524647,0.012805,0.019350,0.020485,-1
[INFO ] 2699	Whole:0.007569,0.005784,0.021252,0.032108,0.526630,0.013364,0.020281,0.022381,-1
[INFO ] 2699	Cold:0.006984,0.005354,0.020747,0.031314,0.524597,0.013075,0.019581,0.020733,-1
[INFO ] 2704	Whole:0.007415,0.005690,0.020828,0.031474,0.526245,0.013127,0.019935,0.022133,-1
[INFO ] 2704	Cold:0.006833,0.005223,0.020192,0.030364,0.524144,0.012843,0.019169,0.020472,-1
[INFO ] 2709	Whole:0.007421,0.005747,0.021010,0.031811,0.526597,0.013161,0.020019,0.021953,-1
[INFO ] 2709	Cold:0.006843,0.005248,0.020265,0.030754,0.524371,0.012848,0.019220,0.020277,-1
[INFO ] 2714	Whole:0.007488,0.005733,0.020812,0.031640,0.526580,0.013353,0.020190,0.022529,-1
[INFO ] 2714	Cold:0.006964,0.005253,0.020528,0.030522,0.524371,0.013096,0.019432,0.020877,-1
[INFO ] 2719	Whole:0.007495,0.005760,0.020816,0.031955,0.526597,0.013398,0.020293,0.022566,-1
[INFO ] 2719	Cold:0.006843,0.005203,0.020020,0.030625,0.524069,0.012992,0.019321,0.020644,-1
[INFO ] 2724	Whole:0.007468,0.005767,0.020721,0.032109,0.526714,0.013008,0.020001,0.022037,-1
[INFO ] 2724	Cold:0.006843,0.005208,0.020135,0.030764,0.524169,0.012743,0.019145,0.020288,-1
[INFO ] 2729	Whole:0.007622,0.005831,0.021252,0.032480,0.527032,0.013555,0.020549,0.022725,-1
[INFO ] 2729	Cold:0.007075,0.005374,0.020751,0.031607,0.524924,0.012952,0.019581,0.020746,-1
[INFO ] 2734	Whole:0.007528,0.005710,0.020730,0.031699,0.526429,0.013164,0.020038,0.022296,-1
[INFO ] 2734	Cold:0.006974,0.005238,0.020121,0.030696,0.524170,0.012796,0.019212,0.020496,-1
[INFO ] 2739	Whole:0.007582,0.005764,0.021124,0.031827,0.526730,0.013377,0.020250,0.022484,-1
[INFO ] 2739	Cold:0.007145,0.005268,0.020746,0.030802,0.524371,0.012876,0.019315,0.020548,-1
[INFO ] 2744	Whole:0.007381,0.005687,0.020687,0.031488,0.526245,0.013277,0.020029,0.022129,-1
[INFO ] 2744	Cold:0.006823,0.005188,0.020111,0.030552,0.523968,0.012911,0.019230,0.020508,-1
[INFO ] 2749	Whole:0.007562,0.005804,0.020973,0.032025,0.526764,0.013369,0.020301,0.022540,-1
[INFO ] 2749	Cold:0.006994,0.005379,0.020296,0.031241,0.524798,0.013004,0.019557,0.020853,-1
[INFO ] 2754	Whole:0.007461,0.005710,0.020929,0.031749,0.526396,0.013386,0.020218,0.022506,-1
[INFO ] 2754	Cold:0.006954,0.005258,0.020323,0.030571,0.524295,0.012996,0.019391,0.020906,-1
[INFO ] 2759	Whole:0.007508,0.005730,0.020789,0.031541,0.526429,0.013449,0.020260,0.022715,-1
[INFO ] 2759	Cold:0.006904,0.005208,0.020089,0.030297,0.524094,0.013008,0.019332,0.020956,-1
[INFO ] 2764	Whole:0.007609,0.005881,0.021189,0.032390,0.527216,0.013432,0.020432,0.022506,-1
[INFO ] 2764	Cold:0.007025,0.005299,0.020400,0.030956,0.524496,0.012883,0.019351,0.020595,-1
[INFO ] 2769	Whole:0.007562,0.005807,0.020660,0.032229,0.526881,0.013371,0.020327,0.022509,-1
[INFO ] 2769	Cold:0.006864,0.005248,0.019700,0.030881,0.524396,0.012818,0.019290,0.020766,-1
[INFO ] 2774	Whole:0.007569,0.005877,0.020982,0.032808,0.527182,0.013564,0.020614,0.022668,-1
[INFO ] 2774	Cold:0.006944,0.005369,0.020259,0.031769,0.524899,0.013331,0.019892,0.021153,-1
[INFO ] 2779	Whole:0.007522,0.005864,0.020735,0.032655,0.527149,0.013469,0.020506,0.022642,-1
[INFO ] 2779	Cold:0.006904,0.005374,0.019925,0.031564,0.524898,0.013112,0.019678,0.020996,-1
[INFO ] 2784	Whole:0.007495,0.005820,0.021087,0.032651,0.526864,0.013570,0.020539,0.022551,-1
[INFO ] 2784	Cold:0.006884,0.005364,0.020393,0.031867,0.524899,0.013181,0.019775,0.020944,-1
[INFO ] 2789	Whole:0.007435,0.005817,0.020549,0.032409,0.526864,0.013516,0.020482,0.022731,-1
[INFO ] 2789	Cold:0.006924,0.005284,0.020248,0.031152,0.524421,0.013323,0.019750,0.021268,-1
[INFO ] 2794	Whole:0.007582,0.005851,0.021269,0.032803,0.527082,0.013921,0.020890,0.023167,-1
[INFO ] 2794	Cold:0.006914,0.005294,0.020379,0.031445,0.524547,0.013304,0.019786,0.021175,-1
[INFO ] 2799	Whole:0.007522,0.005807,0.020948,0.032273,0.526848,0.013584,0.020513,0.022770,-1
[INFO ] 2799	Cold:0.007004,0.005369,0.020484,0.031386,0.524848,0.013399,0.019909,0.021390,-1
[INFO ] 2804	Whole:0.007595,0.005814,0.021544,0.032322,0.526881,0.013791,0.020705,0.023129,-1
[INFO ] 2804	Cold:0.007115,0.005294,0.020904,0.031103,0.524497,0.013224,0.019687,0.021200,-1
[INFO ] 2809	Whole:0.007662,0.005817,0.021245,0.032030,0.526948,0.013523,0.020448,0.022796,-1
[INFO ] 2809	Cold:0.007075,0.005289,0.020571,0.030811,0.524673,0.013051,0.019508,0.021050,-1
[INFO ] 2814	Whole:0.007495,0.005800,0.020985,0.032058,0.526797,0.013344,0.020269,0.022407,-1
[INFO ] 2814	Cold:0.006934,0.005289,0.020329,0.030810,0.524522,0.012988,0.019442,0.020900,-1
[INFO ] 2819	Whole:0.007656,0.005754,0.021457,0.031969,0.526630,0.013291,0.020203,0.022401,-1
[INFO ] 2819	Cold:0.007015,0.005238,0.020723,0.030944,0.524346,0.012909,0.019373,0.020797,-1
[INFO ] 2824	Whole:0.007522,0.005901,0.021032,0.032774,0.527249,0.013520,0.020567,0.022562,-1
[INFO ] 2824	Cold:0.006954,0.005369,0.020318,0.031453,0.524874,0.013169,0.019696,0.020934,-1
[INFO ] 2829	Whole:0.007616,0.005797,0.021141,0.032126,0.526764,0.013344,0.020322,0.022655,-1
[INFO ] 2829	Cold:0.006934,0.005243,0.020258,0.030521,0.524220,0.012742,0.019191,0.020747,-1
[INFO ] 2834	Whole:0.007341,0.005867,0.020510,0.032790,0.527149,0.013451,0.020465,0.022277,-1
[INFO ] 2834	Cold:0.006652,0.005304,0.019619,0.031298,0.524597,0.013066,0.019538,0.020712,-1
[INFO ] 2839	Whole:0.007555,0.005877,0.020909,0.032850,0.527065,0.013534,0.020597,0.022693,-1
[INFO ] 2839	Cold:0.006934,0.005419,0.020134,0.032002,0.524924,0.013156,0.019806,0.020990,-1
[INFO ] 2844	Whole:0.007535,0.005780,0.021204,0.032220,0.526580,0.013446,0.020347,0.022379,-1
[INFO ] 2844	Cold:0.006924,0.005208,0.020467,0.030874,0.524019,0.013035,0.019382,0.020501,-1
[INFO ] 2849	Whole:0.007749,0.005817,0.021424,0.032303,0.526865,0.013664,0.020606,0.022919,-1
[INFO ] 2849	Cold:0.007176,0.005314,0.020906,0.031261,0.524547,0.013382,0.019846,0.021324,-1
[INFO ] 2854	Whole:0.007435,0.005727,0.020850,0.031562,0.526479,0.013516,0.020299,0.022710,-1
[INFO ] 2854	Cold:0.006864,0.005218,0.020166,0.030346,0.524195,0.013172,0.019463,0.021072,-1
[INFO ] 2859	Whole:0.007508,0.005918,0.021113,0.033225,0.527316,0.013724,0.020833,0.022861,-1
[INFO ] 2859	Cold:0.006833,0.005414,0.019902,0.031825,0.525049,0.013179,0.019798,0.020984,-1
[INFO ] 2864	Whole:0.007555,0.005810,0.021196,0.032246,0.526915,0.013592,0.020528,0.022811,-1
[INFO ] 2864	Cold:0.006984,0.005268,0.020522,0.030925,0.524346,0.013196,0.019624,0.021177,-1
[INFO ] 2869	Whole:0.007495,0.005780,0.020974,0.031996,0.526630,0.013631,0.020471,0.022764,-1
[INFO ] 2869	Cold:0.006904,0.005203,0.020190,0.030298,0.523993,0.013026,0.019309,0.020791,-1
[INFO ] 2874	Whole:0.007595,0.005780,0.021311,0.032467,0.526781,0.013768,0.020685,0.023065,-1
[INFO ] 2874	Cold:0.006954,0.005228,0.020435,0.030987,0.524245,0.013126,0.019527,0.020975,-1
[INFO ] 2879	Whole:0.007482,0.005713,0.020795,0.031672,0.526362,0.013599,0.020379,0.022824,-1
[INFO ] 2879	Cold:0.006944,0.005198,0.020270,0.030347,0.523994,0.013349,0.019599,0.021358,-1
[INFO ] 2884	Whole:0.007622,0.005861,0.021118,0.032412,0.527049,0.013759,0.020719,0.023037,-1
[INFO ] 2884	Cold:0.007065,0.005324,0.020621,0.031239,0.524698,0.013500,0.019958,0.021539,-1
[INFO ] 2889	Whole:0.007575,0.005740,0.021168,0.032140,0.526513,0.013594,0.020455,0.022722,-1
[INFO ] 2889	Cold:0.007065,0.005233,0.020700,0.030922,0.524119,0.013258,0.019619,0.021035,-1
[INFO ] 2894	Whole:0.007488,0.005867,0.020626,0.032831,0.527182,0.013474,0.020535,0.022559,-1
[INFO ] 2894	Cold:0.006783,0.005384,0.019509,0.031887,0.524899,0.013064,0.019694,0.020855,-1
[INFO ] 2899	Whole:0.007616,0.005824,0.021219,0.032547,0.526915,0.013519,0.020520,0.022679,-1
[INFO ] 2899	Cold:0.006924,0.005339,0.020320,0.031767,0.524647,0.013023,0.019629,0.020781,-1
[INFO ] 2904	Whole:0.007642,0.005918,0.021296,0.032976,0.527283,0.013598,0.020721,0.022921,-1
[INFO ] 2904	Cold:0.007035,0.005409,0.020639,0.031911,0.524899,0.013203,0.019861,0.021177,-1
[INFO ] 2909	Whole:0.007589,0.005743,0.021183,0.032013,0.526496,0.013522,0.020385,0.022671,-1
[INFO ] 2909	Cold:0.006934,0.005213,0.020227,0.030807,0.524119,0.013111,0.019485,0.020992,-1
[INFO ] 2914	Whole:0.007542,0.005867,0.020766,0.032618,0.527048,0.013625,0.020647,0.022980,-1
[INFO ] 2914	Cold:0.007015,0.005394,0.020082,0.031570,0.524874,0.013170,0.019778,0.021253,-1
[INFO ] 2919	Whole:0.007622,0.005847,0.021373,0.032317,0.526915,0.013606,0.020570,0.022861,-1
[INFO ] 2919	Cold:0.006984,0.005279,0.020554,0.030778,0.524295,0.013135,0.019542,0.021057,-1
[INFO ] 2924	Whole:0.007508,0.005817,0.020931,0.032157,0.526798,0.013645,0.020541,0.022760,-1
[INFO ] 2924	Cold:0.006934,0.005238,0.020155,0.030670,0.524144,0.012953,0.019324,0.020605,-1
[INFO ] 2929	Whole:0.007729,0.005924,0.021533,0.033045,0.527450,0.013948,0.021014,0.023284,-1
[INFO ] 2929	Cold:0.006974,0.005304,0.020269,0.031260,0.524572,0.013579,0.020010,0.021707,-1
[INFO ] 2934	Whole:0.007549,0.005844,0.020896,0.032497,0.526931,0.013560,0.020523,0.022594,-1
[INFO ] 2934	Cold:0.006924,0.005258,0.020219,0.030887,0.524144,0.013185,0.019553,0.020889,-1
[INFO ] 2939	Whole:0.007589,0.005807,0.021132,0.032622,0.526848,0.013604,0.020586,0.022704,-1
[INFO ] 2939	Cold:0.007025,0.005339,0.020525,0.031651,0.524698,0.013155,0.019733,0.021051,-1
[INFO ] 2944	Whole:0.007830,0.005881,0.021722,0.032705,0.527183,0.013823,0.020833,0.023123,-1
[INFO ] 2944	Cold:0.007176,0.005309,0.020803,0.031430,0.524547,0.013311,0.019816,0.021318,-1
[INFO ] 2949	Whole:0.007508,0.005908,0.020873,0.032835,0.527316,0.013442,0.020543,0.022598,-1
[INFO ] 2949	Cold:0.006914,0.005294,0.019995,0.031247,0.524471,0.012913,0.019458,0.020895,-1
[INFO ] 2954	Whole:0.007803,0.005831,0.021679,0.032757,0.526999,0.013663,0.020693,0.022883,-1
[INFO ] 2954	Cold:0.007095,0.005349,0.020866,0.031994,0.524798,0.013278,0.019890,0.021136,-1
[INFO ] 2959	Whole:0.007669,0.005857,0.021220,0.032536,0.526965,0.013755,0.020742,0.023128,-1
[INFO ] 2959	Cold:0.007055,0.005289,0.020521,0.030955,0.524321,0.013146,0.019602,0.021136,-1
[INFO ] 2964	Whole:0.007622,0.005874,0.021173,0.032722,0.527300,0.013757,0.020814,0.023271,-1
[INFO ] 2964	Cold:0.006974,0.005334,0.020398,0.031235,0.524874,0.013386,0.019896,0.021652,-1
[INFO ] 2969	Whole:0.007569,0.005780,0.021155,0.032416,0.526798,0.013528,0.020512,0.022828,-1
[INFO ] 2969	Cold:0.006964,0.005233,0.020413,0.031152,0.524295,0.013043,0.019531,0.021021,-1
[INFO ] 2974	Whole:0.007488,0.005764,0.020822,0.031866,0.526680,0.013551,0.020385,0.022669,-1
[INFO ] 2974	Cold:0.006924,0.005258,0.020147,0.030571,0.524320,0.013152,0.019513,0.021145,-1
[INFO ] 2979	Whole:0.007535,0.005851,0.021080,0.032491,0.526948,0.013383,0.020395,0.022376,-1
[INFO ] 2979	Cold:0.006934,0.005324,0.020378,0.031241,0.524597,0.012994,0.019535,0.020881,-1
[INFO ] 2984	Whole:0.007642,0.005871,0.021437,0.032649,0.527249,0.013759,0.020734,0.022893,-1
[INFO ] 2984	Cold:0.006954,0.005294,0.020270,0.031160,0.524597,0.013386,0.019786,0.021235,-1
[INFO ] 2989	Whole:0.007649,0.005871,0.021163,0.032525,0.527065,0.013721,0.020690,0.022862,-1
[INFO ] 2989	Cold:0.006954,0.005248,0.020233,0.030804,0.524119,0.013157,0.019511,0.020853,-1
[INFO ] 2994	Whole:0.007595,0.005837,0.021281,0.032670,0.527082,0.013824,0.020790,0.023077,-1
[INFO ] 2994	Cold:0.006944,0.005349,0.020367,0.031633,0.524848,0.013324,0.019863,0.021252,-1
[INFO ] 2999	Whole:0.007783,0.005861,0.021652,0.032483,0.526982,0.013677,0.020646,0.022835,-1
[INFO ] 2999	Cold:0.007166,0.005339,0.020865,0.031500,0.524622,0.013395,0.019870,0.021142,-1
[INFO ] 3004	Whole:0.007662,0.005844,0.021170,0.032428,0.526998,0.013595,0.020576,0.022883,-1
[INFO ] 3004	Cold:0.007125,0.005349,0.020866,0.031434,0.524773,0.013288,0.019819,0.021283,-1
[INFO ] 3009	Whole:0.007696,0.005834,0.021471,0.032299,0.526998,0.013680,0.020633,0.023019,-1
[INFO ] 3009	Cold:0.007055,0.005253,0.020757,0.030809,0.524195,0.013250,0.019631,0.021219,-1

