[INFO ] Training: ...research/ssh/yelp/train0.2_folder_1, Testing:: .../research/ssh/yelp/test0.2_folder_1.
[DEBUG] User amount: 16821, item amount: 14476
[DEBUG] Rate amount: 196088, scales: {1.0}
[DEBUG] User amount: 16821, item amount: 14476
[DEBUG] Rate amount: 48428, scales: {1.0}
[INFO ] RankMBPR: 30,5.0E-4,0.5,0.5,600,10,6400,100,1.0
[INFO ] 154	Whole:0.023179,0.019237,0.032081,0.054072,0.576966,0.021863,0.037321,0.061259,-1
[INFO ] 154	Cold:0.008785,0.007620,0.026417,0.047366,0.536721,0.016640,0.026606,0.026160,-1
[INFO ] 159	Whole:0.023573,0.019510,0.033074,0.054449,0.577496,0.022307,0.037805,0.061561,-1
[INFO ] 159	Cold:0.009191,0.007721,0.027878,0.047189,0.537228,0.017035,0.026960,0.026678,-1
[INFO ] 164	Whole:0.023922,0.019745,0.033216,0.054956,0.577913,0.022432,0.038118,0.062460,-1
[INFO ] 164	Cold:0.008819,0.007907,0.026994,0.048340,0.538071,0.016888,0.027167,0.026811,-1
[INFO ] 169	Whole:0.024270,0.020185,0.033290,0.056531,0.579691,0.023184,0.039198,0.063826,-1
[INFO ] 169	Cold:0.008819,0.008278,0.026402,0.050278,0.539675,0.017708,0.028331,0.027757,-1
[INFO ] 174	Whole:0.024786,0.020647,0.034520,0.058154,0.581055,0.023879,0.040263,0.065089,-1
[INFO ] 174	Cold:0.009427,0.008397,0.028444,0.051290,0.540266,0.018232,0.029031,0.028554,-1
[INFO ] 179	Whole:0.025301,0.020920,0.035492,0.058670,0.581775,0.024455,0.041047,0.066858,-1
[INFO ] 179	Cold:0.009698,0.008616,0.029570,0.051840,0.541279,0.018675,0.029685,0.029657,-1
[INFO ] 184	Whole:0.025165,0.021155,0.035446,0.058856,0.582342,0.024281,0.041002,0.067045,-1
[INFO ] 184	Cold:0.009731,0.008583,0.029351,0.051400,0.541195,0.018030,0.029098,0.028990,-1
[INFO ] 189	Whole:0.025574,0.021648,0.035884,0.061115,0.584423,0.025268,0.042423,0.068959,-1
[INFO ] 189	Cold:0.010171,0.008920,0.030314,0.053864,0.542799,0.019337,0.030810,0.031005,-1
[INFO ] 194	Whole:0.025726,0.021640,0.036827,0.061502,0.584462,0.025493,0.042713,0.069144,-1
[INFO ] 194	Cold:0.010441,0.009022,0.031220,0.054207,0.543221,0.019396,0.030944,0.030802,-1
[INFO ] 199	Whole:0.026014,0.021845,0.036855,0.062025,0.585067,0.025792,0.043061,0.069313,-1
[INFO ] 199	Cold:0.010711,0.009005,0.032135,0.054244,0.543137,0.019891,0.031331,0.031331,-1
[INFO ] 204	Whole:0.026029,0.022209,0.037033,0.062424,0.586316,0.025943,0.043470,0.070540,-1
[INFO ] 204	Cold:0.010677,0.009089,0.031865,0.054539,0.543474,0.019643,0.031299,0.031443,-1
[INFO ] 209	Whole:0.026014,0.022141,0.036877,0.063450,0.586279,0.026232,0.043888,0.070690,-1
[INFO ] 209	Cold:0.010576,0.009444,0.031499,0.056821,0.545078,0.020448,0.032497,0.032520,-1
[INFO ] 214	Whole:0.026408,0.022413,0.037905,0.064015,0.587035,0.026735,0.044479,0.071411,-1
[INFO ] 214	Cold:0.011218,0.009698,0.033802,0.058507,0.546175,0.021234,0.033582,0.033677,-1
[INFO ] 219	Whole:0.026757,0.022254,0.038669,0.063862,0.586620,0.026772,0.044434,0.071148,-1
[INFO ] 219	Cold:0.011252,0.009495,0.033867,0.057320,0.545332,0.020826,0.032995,0.033223,-1
[INFO ] 224	Whole:0.026544,0.022459,0.038155,0.064578,0.587603,0.027130,0.045003,0.072451,-1
[INFO ] 224	Cold:0.011421,0.009698,0.034143,0.058451,0.546344,0.021653,0.033974,0.034571,-1
[INFO ] 229	Whole:0.026863,0.022497,0.038589,0.064484,0.587641,0.027292,0.045117,0.072564,-1
[INFO ] 229	Cold:0.011455,0.009782,0.033904,0.059308,0.547020,0.021649,0.034161,0.034373,-1
[INFO ] 234	Whole:0.026878,0.022550,0.039319,0.065533,0.588286,0.027490,0.045512,0.072869,-1
[INFO ] 234	Cold:0.011488,0.009900,0.035081,0.060095,0.547779,0.022036,0.034672,0.034853,-1
[INFO ] 239	Whole:0.026848,0.022466,0.039268,0.064895,0.587833,0.027505,0.045375,0.072845,-1
[INFO ] 239	Cold:0.011421,0.009900,0.034078,0.059844,0.547527,0.022421,0.034970,0.035477,-1
[INFO ] 244	Whole:0.026802,0.022573,0.039606,0.065340,0.588172,0.027597,0.045614,0.073381,-1
[INFO ] 244	Cold:0.011860,0.009968,0.035345,0.061097,0.548118,0.022402,0.035286,0.035672,-1
[INFO ] 249	Whole:0.026787,0.022542,0.039156,0.065644,0.588400,0.027385,0.045498,0.072847,-1
[INFO ] 249	Cold:0.011556,0.010137,0.034903,0.061711,0.548708,0.022181,0.035222,0.035093,-1
[INFO ] 254	Whole:0.027469,0.022398,0.039982,0.065299,0.587719,0.027502,0.045496,0.073233,-1
[INFO ] 254	Cold:0.011894,0.009850,0.035599,0.060219,0.547528,0.022204,0.034885,0.035084,-1
[INFO ] 259	Whole:0.027136,0.022391,0.039849,0.065502,0.587341,0.027618,0.045533,0.072936,-1
[INFO ] 259	Cold:0.011995,0.009900,0.036185,0.060937,0.547528,0.022519,0.035281,0.035586,-1
[INFO ] 264	Whole:0.026939,0.022588,0.039756,0.065818,0.587794,0.027808,0.045773,0.072704,-1
[INFO ] 264	Cold:0.012130,0.010137,0.036500,0.062308,0.548625,0.022748,0.035823,0.035744,-1
[INFO ] 269	Whole:0.027302,0.022664,0.040448,0.066362,0.588476,0.027865,0.045978,0.072923,-1
[INFO ] 269	Cold:0.012333,0.010424,0.037176,0.063848,0.550143,0.023238,0.036618,0.036418,-1
[INFO ] 274	Whole:0.027181,0.022679,0.040623,0.066072,0.588740,0.027901,0.045963,0.072901,-1
[INFO ] 274	Cold:0.012299,0.010171,0.037156,0.062165,0.548962,0.022876,0.035914,0.035923,-1
[INFO ] 279	Whole:0.027242,0.022580,0.040509,0.066050,0.588249,0.027431,0.045558,0.072117,-1
[INFO ] 279	Cold:0.012266,0.010221,0.037208,0.062773,0.549131,0.022360,0.035648,0.035277,-1
[INFO ] 284	Whole:0.027363,0.022542,0.041063,0.066350,0.588211,0.027493,0.045641,0.071945,-1
[INFO ] 284	Cold:0.012570,0.010424,0.037888,0.064091,0.550143,0.022681,0.036241,0.035901,-1
[INFO ] 289	Whole:0.026908,0.022277,0.039866,0.065845,0.587038,0.027210,0.045201,0.071720,-1
[INFO ] 289	Cold:0.012097,0.010238,0.036124,0.062950,0.549131,0.022693,0.035969,0.036091,-1
[INFO ] 294	Whole:0.026666,0.022125,0.039480,0.064752,0.586318,0.026727,0.044481,0.070468,-1
[INFO ] 294	Cold:0.011860,0.010019,0.035744,0.061679,0.548118,0.022145,0.035183,0.035127,-1
[INFO ] 299	Whole:0.026529,0.022201,0.039320,0.065125,0.587075,0.027117,0.044961,0.071417,-1
[INFO ] 299	Cold:0.012029,0.010255,0.036470,0.063060,0.549299,0.022584,0.035924,0.035787,-1
[INFO ] 304	Whole:0.026529,0.022156,0.039735,0.065040,0.586433,0.026902,0.044691,0.070310,-1
[INFO ] 304	Cold:0.012164,0.010120,0.036493,0.061741,0.548625,0.022138,0.035259,0.035012,-1
[INFO ] 309	Whole:0.026711,0.022057,0.039617,0.065076,0.586470,0.027130,0.044847,0.070503,-1
[INFO ] 309	Cold:0.012097,0.010103,0.036490,0.061804,0.548709,0.022617,0.035621,0.035509,-1
[INFO ] 314	Whole:0.026832,0.022262,0.040015,0.064984,0.587226,0.026805,0.044589,0.069983,-1
[INFO ] 314	Cold:0.012198,0.010221,0.037239,0.062100,0.549383,0.022498,0.035618,0.035383,-1
[INFO ] 319	Whole:0.026453,0.022178,0.038593,0.064734,0.587377,0.026536,0.044360,0.070258,-1
[INFO ] 319	Cold:0.011759,0.010221,0.035273,0.061924,0.549383,0.021924,0.035128,0.034720,-1
[INFO ] 324	Whole:0.026393,0.022209,0.038726,0.064943,0.586999,0.026582,0.044408,0.070150,-1
[INFO ] 324	Cold:0.011995,0.010289,0.035884,0.062567,0.549636,0.021803,0.035204,0.034786,-1
[INFO ] 329	Whole:0.026272,0.022209,0.038505,0.064774,0.586848,0.026577,0.044354,0.069789,-1
[INFO ] 329	Cold:0.011860,0.010052,0.035873,0.060803,0.548371,0.021668,0.034677,0.034478,-1
[INFO ] 334	Whole:0.026408,0.021974,0.039106,0.064755,0.586356,0.026401,0.044137,0.069069,-1
[INFO ] 334	Cold:0.012063,0.010103,0.036912,0.061782,0.548793,0.021749,0.034962,0.034600,-1
[INFO ] 339	Whole:0.025983,0.022034,0.038056,0.064317,0.586167,0.026525,0.044157,0.069640,-1
[INFO ] 339	Cold:0.011590,0.009951,0.034947,0.060402,0.548033,0.021453,0.034367,0.034069,-1
[INFO ] 344	Whole:0.026453,0.022034,0.039113,0.064372,0.586356,0.026522,0.044155,0.069725,-1
[INFO ] 344	Cold:0.012029,0.010002,0.036490,0.061208,0.548202,0.022081,0.035003,0.034798,-1
[INFO ] 349	Whole:0.025938,0.022110,0.038252,0.063946,0.586468,0.026305,0.043934,0.069214,-1
[INFO ] 349	Cold:0.011624,0.009883,0.035189,0.059908,0.547696,0.021934,0.034633,0.034720,-1
[INFO ] 354	Whole:0.026332,0.021883,0.038513,0.063510,0.585788,0.026170,0.043627,0.068644,-1
[INFO ] 354	Cold:0.011624,0.009782,0.035541,0.059463,0.547274,0.021809,0.034392,0.034339,-1
[INFO ] 359	Whole:0.026317,0.021807,0.038432,0.063632,0.585371,0.026208,0.043601,0.068685,-1
[INFO ] 359	Cold:0.011624,0.009799,0.035265,0.060102,0.547274,0.021586,0.034261,0.033736,-1
[INFO ] 364	Whole:0.025893,0.021830,0.037978,0.063249,0.585372,0.026038,0.043456,0.068737,-1
[INFO ] 364	Cold:0.011556,0.009833,0.035307,0.059494,0.547527,0.021359,0.034066,0.033976,-1
[INFO ] 369	Whole:0.025999,0.021708,0.038313,0.063364,0.585032,0.025981,0.043389,0.068351,-1
[INFO ] 369	Cold:0.011353,0.009765,0.035020,0.059533,0.547190,0.021530,0.034187,0.034119,-1
[INFO ] 374	Whole:0.025968,0.021557,0.037913,0.063398,0.585144,0.026025,0.043357,0.068652,-1
[INFO ] 374	Cold:0.011319,0.009934,0.034598,0.060257,0.548033,0.021320,0.034116,0.033412,-1
[INFO ] 379	Whole:0.026059,0.021671,0.037995,0.063705,0.585523,0.026208,0.043598,0.069065,-1
[INFO ] 379	Cold:0.011286,0.009850,0.034508,0.059848,0.547695,0.021518,0.034176,0.033719,-1
[INFO ] 384	Whole:0.025741,0.021428,0.038162,0.062182,0.584349,0.025809,0.042898,0.068133,-1
[INFO ] 384	Cold:0.011488,0.009529,0.035766,0.057951,0.546430,0.021150,0.033488,0.033655,-1
[INFO ] 389	Whole:0.025908,0.021519,0.038228,0.062581,0.584917,0.025766,0.042977,0.068198,-1
[INFO ] 389	Cold:0.011421,0.009664,0.035006,0.058553,0.546936,0.021385,0.033836,0.033985,-1
[INFO ] 394	Whole:0.026090,0.021534,0.038458,0.062826,0.584729,0.025942,0.043239,0.068772,-1
[INFO ] 394	Cold:0.011759,0.009681,0.035808,0.058716,0.547021,0.021682,0.034077,0.034065,-1
[INFO ] 399	Whole:0.025847,0.021625,0.037938,0.063017,0.585068,0.025713,0.043006,0.068135,-1
[INFO ] 399	Cold:0.011421,0.009765,0.034874,0.059668,0.547611,0.021348,0.033993,0.033670,-1
[INFO ] 404	Whole:0.025695,0.021405,0.038121,0.062459,0.584009,0.026074,0.043111,0.068624,-1
[INFO ] 404	Cold:0.011522,0.009731,0.035794,0.059710,0.547273,0.021658,0.034228,0.033986,-1
[INFO ] 409	Whole:0.025483,0.021572,0.037332,0.063107,0.584841,0.025855,0.043133,0.068421,-1
[INFO ] 409	Cold:0.011455,0.009900,0.035169,0.060597,0.548201,0.021508,0.034345,0.034044,-1
[INFO ] 414	Whole:0.025771,0.021420,0.037529,0.062758,0.584576,0.025350,0.042587,0.067510,-1
[INFO ] 414	Cold:0.011286,0.009816,0.035226,0.060780,0.547948,0.021000,0.033921,0.033090,-1
[INFO ] 419	Whole:0.025620,0.021602,0.036953,0.063320,0.585258,0.025620,0.043033,0.068367,-1
[INFO ] 419	Cold:0.011218,0.009968,0.034598,0.060885,0.548454,0.020840,0.033881,0.033106,-1
[INFO ] 424	Whole:0.025498,0.021587,0.036943,0.062750,0.584878,0.025675,0.042952,0.068652,-1
[INFO ] 424	Cold:0.011117,0.009883,0.034063,0.060316,0.548032,0.021172,0.034018,0.033611,-1
[INFO ] 429	Whole:0.025620,0.021587,0.037425,0.062433,0.584689,0.025811,0.042927,0.068305,-1
[INFO ] 429	Cold:0.011286,0.009714,0.034978,0.059322,0.547357,0.021374,0.033932,0.033726,-1
[INFO ] 434	Whole:0.025059,0.021436,0.036866,0.061999,0.584461,0.025652,0.042681,0.067877,-1
[INFO ] 434	Cold:0.010880,0.009664,0.033973,0.058998,0.547019,0.021170,0.033639,0.033306,-1
[INFO ] 439	Whole:0.025180,0.021420,0.036845,0.062465,0.584462,0.025481,0.042644,0.068028,-1
[INFO ] 439	Cold:0.011117,0.009630,0.034668,0.059161,0.547019,0.020916,0.033459,0.033028,-1
[INFO ] 444	Whole:0.025119,0.021337,0.036360,0.062050,0.584235,0.025751,0.042744,0.068018,-1
[INFO ] 444	Cold:0.010948,0.009546,0.034006,0.058322,0.546513,0.021429,0.033672,0.033644,-1


[INFO ] Training: ...research/ssh/yelp/train0.2_folder_1, Testing:: .../research/ssh/yelp/test0.2_folder_1.
[DEBUG] User amount: 16821, item amount: 14476
[DEBUG] Rate amount: 196088, scales: {1.0}
[DEBUG] User amount: 16821, item amount: 14476
[DEBUG] Rate amount: 48428, scales: {1.0}
[INFO ] RankMBPR: 30,5.0E-4,0.5,0.5,600,10,3200,100,1.0
[INFO ] 154	Whole:0.021739,0.018085,0.030312,0.050848,0.572613,0.020734,0.035286,0.057988,-1
[INFO ] 154	Cold:0.008177,0.007146,0.024817,0.044074,0.534358,0.015679,0.024923,0.024322,-1
[INFO ] 159	Whole:0.022148,0.018298,0.030992,0.051809,0.573144,0.020881,0.035651,0.058277,-1
[INFO ] 159	Cold:0.008515,0.007299,0.026060,0.045074,0.534864,0.015792,0.025276,0.024541,-1
[INFO ] 164	Whole:0.022512,0.018631,0.031843,0.053148,0.574507,0.021548,0.036632,0.059682,-1
[INFO ] 164	Cold:0.008650,0.007535,0.026187,0.046820,0.536299,0.016158,0.026021,0.025284,-1
[INFO ] 169	Whole:0.022891,0.018949,0.031763,0.053325,0.574961,0.021825,0.036980,0.060538,-1
[INFO ] 169	Cold:0.008312,0.007467,0.025201,0.046282,0.535708,0.016528,0.026182,0.025743,-1
[INFO ] 174	Whole:0.023164,0.019571,0.032335,0.055258,0.577610,0.022405,0.038095,0.061420,-1
[INFO ] 174	Cold:0.008583,0.007772,0.025877,0.047814,0.537143,0.016994,0.027004,0.026592,-1
[INFO ] 179	Whole:0.023558,0.019632,0.033045,0.055708,0.577837,0.022679,0.038442,0.062159,-1
[INFO ] 179	Cold:0.008684,0.007974,0.025879,0.049126,0.537987,0.017243,0.027552,0.026886,-1
[INFO ] 184	Whole:0.023922,0.019912,0.033243,0.056361,0.578519,0.023269,0.039179,0.063719,-1
[INFO ] 184	Cold:0.008954,0.007974,0.026808,0.048546,0.537987,0.017453,0.027694,0.027635,-1
[INFO ] 189	Whole:0.024346,0.020276,0.034366,0.057700,0.579466,0.023912,0.040124,0.064851,-1
[INFO ] 189	Cold:0.009393,0.008397,0.028318,0.051207,0.539844,0.017946,0.028758,0.028133,-1
[INFO ] 194	Whole:0.024619,0.020390,0.034481,0.057943,0.579731,0.024091,0.040372,0.065119,-1
[INFO ] 194	Cold:0.009258,0.008160,0.027858,0.050472,0.538832,0.017901,0.028482,0.028016,-1
[INFO ] 199	Whole:0.024392,0.020587,0.034772,0.058516,0.580488,0.023819,0.040308,0.064720,-1
[INFO ] 199	Cold:0.009562,0.008430,0.028765,0.051421,0.540181,0.017642,0.028586,0.027855,-1
[INFO ] 204	Whole:0.024710,0.020822,0.035506,0.059614,0.581549,0.024775,0.041526,0.067036,-1
[INFO ] 204	Cold:0.009664,0.008583,0.029004,0.051553,0.540857,0.018552,0.029487,0.029378,-1
[INFO ] 209	Whole:0.024877,0.021163,0.035863,0.060155,0.582343,0.024679,0.041661,0.067294,-1
[INFO ] 209	Cold:0.009765,0.008751,0.029520,0.052567,0.541701,0.018134,0.029385,0.028701,-1
[INFO ] 214	Whole:0.025438,0.021443,0.037019,0.061309,0.583555,0.025536,0.042664,0.068431,-1
[INFO ] 214	Cold:0.009900,0.008870,0.030637,0.053445,0.542207,0.019098,0.030366,0.029852,-1
[INFO ] 219	Whole:0.025165,0.021405,0.036773,0.061509,0.583744,0.025396,0.042580,0.068307,-1
[INFO ] 219	Cold:0.010137,0.008937,0.031195,0.054222,0.542545,0.019036,0.030445,0.029386,-1
[INFO ] 224	Whole:0.025680,0.021580,0.037439,0.061801,0.584009,0.025877,0.043105,0.069322,-1
[INFO ] 224	Cold:0.010509,0.008954,0.031997,0.054574,0.542714,0.019873,0.031258,0.030827,-1
[INFO ] 229	Whole:0.026029,0.021883,0.038003,0.062327,0.585031,0.025965,0.043362,0.069952,-1
[INFO ] 229	Cold:0.010407,0.008853,0.032116,0.054146,0.542715,0.019415,0.030797,0.030257,-1
[INFO ] 234	Whole:0.026105,0.022065,0.038279,0.062893,0.585522,0.026374,0.043889,0.070569,-1
[INFO ] 234	Cold:0.010745,0.009056,0.033121,0.055109,0.543137,0.019904,0.031494,0.031063,-1
[INFO ] 239	Whole:0.026393,0.022300,0.039054,0.063623,0.586355,0.027005,0.044663,0.071852,-1
[INFO ] 239	Cold:0.010914,0.009140,0.033118,0.055509,0.543475,0.020476,0.032085,0.031832,-1
[INFO ] 244	Whole:0.026074,0.022322,0.038316,0.063673,0.586469,0.026682,0.044412,0.071136,-1
[INFO ] 244	Cold:0.010610,0.009208,0.032189,0.056250,0.544150,0.020561,0.032332,0.032148,-1
[INFO ] 249	Whole:0.026408,0.022474,0.039281,0.064392,0.586961,0.027141,0.044927,0.071481,-1
[INFO ] 249	Cold:0.010982,0.009427,0.033507,0.057523,0.545079,0.020905,0.032958,0.032551,-1
[INFO ] 254	Whole:0.027166,0.022535,0.039982,0.064847,0.587567,0.027691,0.045511,0.072702,-1
[INFO ] 254	Cold:0.011624,0.009512,0.034982,0.058795,0.545501,0.021587,0.033793,0.033397,-1
[INFO ] 259	Whole:0.027242,0.022671,0.040242,0.065618,0.588022,0.027735,0.045809,0.072785,-1
[INFO ] 259	Cold:0.011252,0.009748,0.034226,0.059649,0.546597,0.021319,0.033817,0.033163,-1
[INFO ] 264	Whole:0.027318,0.022823,0.039867,0.065966,0.588665,0.027949,0.046128,0.073403,-1
[INFO ] 264	Cold:0.011387,0.009900,0.033878,0.060338,0.547357,0.021641,0.034298,0.033726,-1
[INFO ] 269	Whole:0.027378,0.022845,0.040659,0.066026,0.588703,0.028124,0.046313,0.073798,-1
[INFO ] 269	Cold:0.011894,0.009951,0.036024,0.061169,0.547442,0.022184,0.034914,0.034298,-1
[INFO ] 274	Whole:0.027378,0.022648,0.040370,0.065704,0.587909,0.028023,0.046070,0.073154,-1
[INFO ] 274	Cold:0.011624,0.009867,0.035131,0.060278,0.547020,0.022200,0.034714,0.034232,-1
[INFO ] 279	Whole:0.027697,0.022830,0.041002,0.066782,0.588478,0.028092,0.046425,0.073519,-1
[INFO ] 279	Cold:0.011995,0.010052,0.036658,0.061670,0.548202,0.022721,0.035522,0.035136,-1
[INFO ] 284	Whole:0.027651,0.022952,0.040612,0.066443,0.588932,0.028029,0.046319,0.073148,-1
[INFO ] 284	Cold:0.011826,0.010120,0.036427,0.061498,0.548370,0.022605,0.035414,0.034916,-1
[INFO ] 289	Whole:0.027302,0.023020,0.040507,0.066933,0.589877,0.028468,0.046870,0.074224,-1
[INFO ] 289	Cold:0.012130,0.010272,0.037433,0.062563,0.548877,0.023142,0.036115,0.035611,-1
[INFO ] 294	Whole:0.027727,0.023209,0.041080,0.068448,0.590861,0.028309,0.047067,0.073879,-1
[INFO ] 294	Cold:0.011894,0.010559,0.036701,0.064413,0.550311,0.022984,0.036433,0.035430,-1
[INFO ] 299	Whole:0.027530,0.023209,0.040564,0.068208,0.590407,0.028138,0.046807,0.073156,-1
[INFO ] 299	Cold:0.011725,0.010458,0.036059,0.064383,0.549889,0.022838,0.036230,0.035044,-1
[INFO ] 304	Whole:0.027621,0.023293,0.040904,0.068758,0.591013,0.028454,0.047266,0.074014,-1
[INFO ] 304	Cold:0.011826,0.010458,0.036597,0.064045,0.549889,0.023035,0.036352,0.035377,-1
[INFO ] 309	Whole:0.027621,0.023202,0.040995,0.067228,0.590406,0.028271,0.046781,0.074067,-1
[INFO ] 309	Cold:0.011928,0.010137,0.036954,0.061908,0.548455,0.022597,0.035500,0.034729,-1
[INFO ] 314	Whole:0.027408,0.023103,0.040553,0.066541,0.589838,0.028142,0.046474,0.072704,-1
[INFO ] 314	Cold:0.011961,0.010069,0.036836,0.061229,0.548287,0.022854,0.035591,0.035179,-1
[INFO ] 319	Whole:0.027636,0.023111,0.041057,0.067066,0.590255,0.028091,0.046533,0.072836,-1
[INFO ] 319	Cold:0.012198,0.010289,0.037779,0.063175,0.549299,0.022636,0.035838,0.034840,-1
[INFO ] 324	Whole:0.027939,0.023103,0.041420,0.067621,0.590369,0.028367,0.046921,0.073735,-1
[INFO ] 324	Cold:0.012266,0.010306,0.037934,0.063138,0.549468,0.023143,0.036317,0.035965,-1
[INFO ] 329	Whole:0.027924,0.023080,0.041536,0.067193,0.589575,0.028302,0.046735,0.072917,-1
[INFO ] 329	Cold:0.012603,0.010306,0.039165,0.062891,0.549300,0.023158,0.036334,0.035998,-1
[INFO ] 334	Whole:0.027651,0.022891,0.041543,0.066785,0.589536,0.027857,0.046224,0.072283,-1
[INFO ] 334	Cold:0.012029,0.010204,0.038292,0.062192,0.549046,0.022718,0.035720,0.034990,-1
[INFO ] 339	Whole:0.027590,0.022815,0.041451,0.066706,0.589234,0.027906,0.046251,0.072613,-1
[INFO ] 339	Cold:0.012401,0.010221,0.038849,0.062505,0.549216,0.022895,0.036002,0.035452,-1
[INFO ] 344	Whole:0.027606,0.022891,0.041569,0.066473,0.589878,0.027767,0.046146,0.072307,-1
[INFO ] 344	Cold:0.012570,0.010238,0.039151,0.062167,0.549216,0.022988,0.036044,0.035728,-1
[INFO ] 349	Whole:0.027606,0.022883,0.041109,0.066375,0.589423,0.027949,0.046188,0.072054,-1
[INFO ] 349	Cold:0.012198,0.010154,0.038638,0.061812,0.548793,0.023137,0.035980,0.035654,-1
[INFO ] 354	Whole:0.027560,0.022739,0.041259,0.066215,0.589498,0.028017,0.046213,0.072567,-1
[INFO ] 354	Cold:0.012536,0.010289,0.038968,0.063003,0.549553,0.023240,0.036356,0.035869,-1
[INFO ] 359	Whole:0.027787,0.022845,0.041788,0.066118,0.589461,0.027961,0.046158,0.072360,-1
[INFO ] 359	Cold:0.012671,0.010171,0.039610,0.061933,0.549215,0.023140,0.036094,0.036052,-1

