[INFO ] Training: ...zon/clothes_shoes/train0.2_folder_1, Testing:: ...azon/clothes_shoes/test0.2_folder_1.
[DEBUG] User amount: 39380, item amount: 23032
[DEBUG] Rate amount: 222942, scales: {1.0}
[DEBUG] User amount: 39380, item amount: 23032
[DEBUG] Rate amount: 55695, scales: {1.0}
[INFO ] RankBPR: 0.0,30,0.0042,0.42,0.42,1000,10,200,1.0
[INFO ] 154	Whole:0.005733,0.004401,0.015395,0.023436,0.520236,0.009416,0.014684,0.016265,-1
[INFO ] 154	Cold:0.005334,0.004021,0.015180,0.022809,0.518661,0.009334,0.014243,0.015206,-1
[INFO ] 159	Whole:0.005673,0.004367,0.015131,0.023095,0.520102,0.009406,0.014619,0.016434,-1
[INFO ] 159	Cold:0.005233,0.003995,0.014764,0.022499,0.518536,0.009280,0.014172,0.015464,-1
[INFO ] 164	Whole:0.005620,0.004364,0.015155,0.023228,0.520152,0.009303,0.014553,0.016240,-1
[INFO ] 164	Cold:0.005253,0.004051,0.015081,0.022906,0.518787,0.009173,0.014162,0.015147,-1
[INFO ] 169	Whole:0.005807,0.004364,0.015701,0.023305,0.520153,0.009438,0.014677,0.016391,-1
[INFO ] 169	Cold:0.005404,0.004005,0.015449,0.022907,0.518687,0.009414,0.014328,0.015386,-1
[INFO ] 174	Whole:0.005660,0.004384,0.015350,0.023441,0.520186,0.009390,0.014665,0.016311,-1
[INFO ] 174	Cold:0.005314,0.003985,0.015289,0.022749,0.518536,0.009128,0.014073,0.015101,-1
[INFO ] 179	Whole:0.005620,0.004441,0.015232,0.023881,0.520521,0.009330,0.014738,0.016338,-1
[INFO ] 179	Cold:0.005213,0.004081,0.014934,0.023302,0.518988,0.009261,0.014343,0.015482,-1
[INFO ] 184	Whole:0.005733,0.004451,0.015573,0.023965,0.520588,0.009581,0.014970,0.016717,-1
[INFO ] 184	Cold:0.005334,0.004076,0.015366,0.023399,0.518938,0.009556,0.014583,0.015724,-1
[INFO ] 189	Whole:0.005673,0.004404,0.015154,0.023660,0.520420,0.009308,0.014665,0.016310,-1
[INFO ] 189	Cold:0.005334,0.003980,0.014986,0.022957,0.518661,0.009099,0.014095,0.015132,-1
[INFO ] 194	Whole:0.005827,0.004464,0.015913,0.024052,0.520554,0.009685,0.015071,0.016761,-1
[INFO ] 194	Cold:0.005435,0.004116,0.015587,0.023668,0.519164,0.009650,0.014750,0.015953,-1
[INFO ] 199	Whole:0.005687,0.004387,0.015420,0.023610,0.520353,0.009599,0.014876,0.016647,-1
[INFO ] 199	Cold:0.005364,0.004010,0.015262,0.023077,0.518888,0.009447,0.014422,0.015643,-1
[INFO ] 204	Whole:0.005573,0.004447,0.015253,0.023907,0.520504,0.009699,0.015006,0.016666,-1
[INFO ] 204	Cold:0.005143,0.004076,0.014968,0.023568,0.518988,0.009564,0.014572,0.015496,-1
[INFO ] 209	Whole:0.005573,0.004447,0.015165,0.024040,0.520571,0.009453,0.014850,0.016389,-1
[INFO ] 209	Cold:0.005294,0.004081,0.015201,0.023593,0.519139,0.009342,0.014450,0.015400,-1
[INFO ] 214	Whole:0.005693,0.004478,0.015359,0.023989,0.520587,0.009498,0.014905,0.016577,-1
[INFO ] 214	Cold:0.005263,0.004000,0.015090,0.023094,0.518687,0.009300,0.014279,0.015363,-1
[INFO ] 219	Whole:0.005693,0.004511,0.015300,0.024124,0.520654,0.009768,0.015160,0.016922,-1
[INFO ] 219	Cold:0.005133,0.004111,0.014591,0.023473,0.519089,0.009607,0.014648,0.015896,-1
[INFO ] 224	Whole:0.005599,0.004431,0.015133,0.023892,0.520454,0.009545,0.014900,0.016582,-1



[INFO ] Training: ...zon/clothes_shoes/train0.2_folder_1, Testing:: ...azon/clothes_shoes/test0.2_folder_1.
[DEBUG] User amount: 39380, item amount: 23032
[DEBUG] Rate amount: 222942, scales: {1.0}
[DEBUG] User amount: 39380, item amount: 23032
[DEBUG] Rate amount: 55695, scales: {1.0}
[INFO ] MBPR: 0.0,30,0.005,0.05,0.05,5000,10
[INFO ] 4969	Whole:0.007944,0.006172,0.021875,0.033591,0.528705,0.013415,0.020868,0.022929,-1
[INFO ] 4969	Cold:0.007407,0.005550,0.021594,0.032270,0.526081,0.013172,0.020047,0.021392,-1
[INFO ] 4979	Whole:0.007957,0.006179,0.021833,0.033626,0.528772,0.013612,0.021051,0.023281,-1
[INFO ] 4979	Cold:0.007397,0.005565,0.021512,0.032454,0.526282,0.013389,0.020274,0.021751,-1
[INFO ] 4989	Whole:0.008064,0.006155,0.022050,0.033517,0.528505,0.013562,0.020977,0.023218,-1
[INFO ] 4989	Cold:0.007538,0.005545,0.021858,0.032156,0.525980,0.013270,0.020108,0.021582,-1
[INFO ] 4999	Whole:0.007937,0.006152,0.021694,0.033527,0.528638,0.013620,0.021038,0.023403,-1
[INFO ] 4999	Cold:0.007397,0.005550,0.021463,0.032299,0.526181,0.013377,0.020228,0.021791,-1





