Training: ...ranking/data/yelp/train0.2_folder_1, Testing:: .../ranking/data/yelp/test0.2_folder_1.
RankMBPR: 30,5.0E-4,0.45,0.45,600,10,1600,100,1.0
204	Whole:0.024286,0.020215,0.034852,0.056941,0.579427,0.023472,0.039464,0.063715,-1
204	Cold:0.009292,0.008109,0.028993,0.050162,0.538747,0.017885,0.028343,0.027693,-1
209	Whole:0.024740,0.020534,0.034800,0.057741,0.580449,0.024155,0.040328,0.065279,-1
209	Cold:0.009157,0.008329,0.027698,0.051336,0.539591,0.018196,0.028945,0.028393,-1
214	Whole:0.024680,0.020617,0.035310,0.057742,0.580600,0.024368,0.040572,0.065853,-1
214	Cold:0.009664,0.008278,0.029810,0.051107,0.539676,0.018237,0.028960,0.028399,-1
219	Whole:0.025332,0.020973,0.036162,0.058909,0.581245,0.024826,0.041282,0.066839,-1
219	Cold:0.009731,0.008464,0.029857,0.052232,0.540267,0.018851,0.029709,0.029246,-1
224	Whole:0.025468,0.020943,0.035936,0.058989,0.581472,0.025076,0.041522,0.067634,-1
224	Cold:0.009596,0.008329,0.029301,0.050948,0.539845,0.018862,0.029440,0.029196,-1
229	Whole:0.025893,0.021549,0.036849,0.060380,0.583515,0.025464,0.042274,0.068175,-1
229	Cold:0.010272,0.008751,0.031227,0.053790,0.541955,0.019277,0.030493,0.029836,-1
234	Whole:0.026074,0.021648,0.037275,0.061434,0.584499,0.025822,0.042925,0.069201,-1
234	Cold:0.010407,0.008920,0.032069,0.054762,0.542883,0.019487,0.030968,0.030264,-1
239	Whole:0.026453,0.021701,0.038045,0.060855,0.584348,0.026351,0.043252,0.070161,-1
239	Cold:0.010441,0.008887,0.032186,0.054151,0.542462,0.020667,0.031772,0.031768,-1
244	Whole:0.026241,0.021966,0.037693,0.061631,0.585067,0.026706,0.043781,0.070865,-1
244	Cold:0.010441,0.008954,0.031839,0.054706,0.543137,0.020564,0.031864,0.031924,-1
249	Whole:0.026893,0.022042,0.038531,0.061994,0.585446,0.026567,0.043790,0.070740,-1
249	Cold:0.010846,0.008988,0.033003,0.055000,0.543137,0.020467,0.031879,0.031724,-1
254	Whole:0.026802,0.022209,0.038416,0.062874,0.586089,0.026756,0.044109,0.070904,-1
254	Cold:0.010813,0.008971,0.033242,0.055277,0.543137,0.021110,0.032410,0.032502,-1
259	Whole:0.026954,0.022550,0.038553,0.063344,0.587527,0.026824,0.044405,0.071633,-1
259	Cold:0.010846,0.009157,0.033383,0.055959,0.543897,0.021191,0.032755,0.032870,-1
264	Whole:0.027454,0.022709,0.039599,0.064771,0.587793,0.027662,0.045416,0.072512,-1
264	Cold:0.010948,0.009461,0.033845,0.058090,0.545078,0.021505,0.033521,0.033434,-1
269	Whole:0.027469,0.022686,0.039514,0.064567,0.588361,0.027386,0.045178,0.072267,-1
269	Cold:0.011151,0.009461,0.034332,0.058107,0.545585,0.021461,0.033542,0.033565,-1
274	Whole:0.027287,0.022914,0.039471,0.065343,0.588588,0.027618,0.045601,0.072640,-1
274	Cold:0.011151,0.009562,0.034436,0.058541,0.545585,0.021686,0.033875,0.034024,-1
279	Whole:0.027408,0.022967,0.039714,0.065969,0.589005,0.027743,0.045862,0.073049,-1
279	Cold:0.011455,0.009664,0.035630,0.059497,0.546092,0.021987,0.034285,0.033929,-1
284	Whole:0.027363,0.023012,0.039600,0.065420,0.589117,0.027492,0.045518,0.072224,-1
284	Cold:0.011117,0.009681,0.034224,0.058784,0.546091,0.021679,0.033944,0.033846,-1
289	Whole:0.027393,0.023224,0.039963,0.066561,0.589761,0.027810,0.046081,0.072780,-1
289	Cold:0.011387,0.009883,0.035261,0.060695,0.546936,0.022190,0.034823,0.034606,-1
294	Whole:0.027363,0.023194,0.039926,0.066554,0.589496,0.027704,0.045955,0.072508,-1
294	Cold:0.011455,0.009714,0.035537,0.059818,0.546345,0.021774,0.034271,0.034107,-1
299	Whole:0.027393,0.023300,0.039864,0.066968,0.590064,0.027722,0.046194,0.073147,-1
299	Cold:0.011522,0.009867,0.035517,0.060146,0.547104,0.021763,0.034491,0.034796,-1
304	Whole:0.027469,0.023406,0.040140,0.067751,0.590442,0.027757,0.046338,0.072897,-1
304	Cold:0.011522,0.009968,0.035833,0.061703,0.547779,0.021687,0.034621,0.033792,-1
309	Whole:0.027742,0.023459,0.040270,0.067787,0.590897,0.027680,0.046347,0.073229,-1
309	Cold:0.011657,0.009968,0.035692,0.062111,0.547780,0.021794,0.034855,0.034260,-1
314	Whole:0.027515,0.023588,0.040750,0.068572,0.591390,0.027947,0.046714,0.072735,-1
314	Cold:0.011759,0.010137,0.036607,0.062258,0.548371,0.022196,0.035290,0.034718,-1
319	Whole:0.027803,0.023406,0.041195,0.067570,0.590594,0.027687,0.046248,0.072344,-1
319	Cold:0.011793,0.010086,0.037133,0.061632,0.548202,0.021712,0.034794,0.034244,-1
324	Whole:0.027863,0.023315,0.040639,0.067672,0.590444,0.027738,0.046368,0.072941,-1
324	Cold:0.011759,0.010069,0.036494,0.062232,0.548371,0.021936,0.035089,0.034541,-1
329	Whole:0.027590,0.023406,0.040786,0.067354,0.590443,0.027655,0.046220,0.072449,-1
329	Cold:0.011995,0.010069,0.037508,0.061801,0.548118,0.021964,0.035011,0.034397,-1
334	Whole:0.028121,0.023520,0.041143,0.068123,0.591049,0.027377,0.046248,0.072462,-1
334	Cold:0.011928,0.010137,0.037029,0.062280,0.548793,0.021597,0.034862,0.034218,-1
339	Whole:0.027833,0.023346,0.040754,0.068189,0.590520,0.027638,0.046387,0.072809,-1
339	Cold:0.011928,0.010238,0.036494,0.063218,0.549215,0.022106,0.035482,0.034791,-1
344	Whole:0.027757,0.023444,0.040807,0.068295,0.590897,0.027457,0.046252,0.072286,-1
344	Cold:0.011826,0.010306,0.036846,0.063049,0.549552,0.021946,0.035345,0.034615,-1
349	Whole:0.027651,0.023368,0.040807,0.067691,0.589952,0.027374,0.046020,0.072044,-1
349	Cold:0.011826,0.010154,0.036677,0.062564,0.548877,0.021966,0.035197,0.034622,-1
354	Whole:0.027985,0.023467,0.041297,0.068403,0.590974,0.027798,0.046592,0.072417,-1
354	Cold:0.012130,0.010188,0.037029,0.062554,0.549130,0.022295,0.035524,0.035319,-1
359	Whole:0.027727,0.023149,0.041135,0.067485,0.590103,0.027268,0.045919,0.071585,-1
359	Cold:0.012435,0.010289,0.038268,0.063108,0.549468,0.022026,0.035472,0.034855,-1
364	Whole:0.028121,0.023065,0.041554,0.066416,0.589422,0.027292,0.045699,0.071830,-1
364	Cold:0.012130,0.010019,0.037195,0.061171,0.548287,0.021897,0.034876,0.034631,-1
369	Whole:0.027878,0.023141,0.040776,0.067293,0.589649,0.027197,0.045756,0.071156,-1
369	Cold:0.011961,0.010052,0.036359,0.061789,0.548624,0.021813,0.034943,0.034491,-1
374	Whole:0.027530,0.023149,0.040807,0.067322,0.590179,0.027266,0.045845,0.071325,-1
374	Cold:0.012063,0.010204,0.037077,0.062450,0.549215,0.022368,0.035572,0.035250,-1
379	Whole:0.027939,0.023179,0.041323,0.067075,0.590254,0.027320,0.045857,0.071599,-1
379	Cold:0.012401,0.010103,0.037958,0.062064,0.548878,0.022098,0.035246,0.034848,-1
384	Whole:0.027590,0.023073,0.040648,0.066886,0.589498,0.027428,0.045850,0.071720,-1
384	Cold:0.011995,0.010188,0.037100,0.062675,0.549299,0.022598,0.035780,0.035470,-1
389	Whole:0.027742,0.022921,0.041292,0.066497,0.588892,0.026959,0.045312,0.070920,-1
389	Cold:0.012130,0.010103,0.037635,0.061605,0.548793,0.021894,0.034983,0.034419,-1
394	Whole:0.027772,0.022989,0.041225,0.067021,0.589687,0.027121,0.045592,0.070901,-1
394	Cold:0.012401,0.010221,0.038268,0.062774,0.549384,0.022001,0.035349,0.034664,-1
399	Whole:0.027424,0.022838,0.040559,0.066577,0.589043,0.026710,0.045105,0.070703,-1
399	Cold:0.012130,0.010188,0.037319,0.062797,0.549384,0.021857,0.035183,0.034389,-1
404	Whole:0.027651,0.022883,0.040827,0.066625,0.589005,0.026644,0.045043,0.070345,-1
404	Cold:0.012198,0.010120,0.037347,0.062112,0.549046,0.022001,0.035183,0.034760,-1
409	Whole:0.027545,0.022838,0.040740,0.066423,0.588816,0.026839,0.045181,0.070810,-1
409	Cold:0.012266,0.010255,0.037305,0.062712,0.549468,0.022397,0.035696,0.035351,-1
414	Whole:0.027424,0.022815,0.041320,0.066143,0.588740,0.026637,0.044906,0.069999,-1
414	Cold:0.012603,0.010154,0.038344,0.061466,0.549130,0.021997,0.035126,0.035053,-1
419	Whole:0.027211,0.022709,0.040577,0.065825,0.588362,0.026770,0.044931,0.070477,-1
419	Cold:0.012266,0.010137,0.037621,0.061738,0.548877,0.022009,0.035128,0.034798,-1
424	Whole:0.027318,0.022883,0.040540,0.066893,0.589346,0.026831,0.045246,0.070595,-1
424	Cold:0.012266,0.010373,0.037606,0.063863,0.550228,0.022321,0.035872,0.035181,-1
429	Whole:0.027181,0.022747,0.040282,0.066158,0.588702,0.026626,0.044911,0.070234,-1
429	Cold:0.012164,0.010289,0.037305,0.062677,0.549890,0.022004,0.035386,0.035029,-1
434	Whole:0.027257,0.022808,0.040812,0.066496,0.589119,0.027017,0.045340,0.070558,-1
434	Cold:0.012435,0.010255,0.038023,0.062249,0.549468,0.022046,0.035345,0.034989,-1
439	Whole:0.027105,0.022732,0.040273,0.066098,0.588514,0.027019,0.045174,0.070256,-1
439	Cold:0.012299,0.010035,0.037621,0.061497,0.548456,0.021991,0.035043,0.034797,-1
444	Whole:0.027181,0.022588,0.040278,0.064867,0.587831,0.026476,0.044438,0.069595,-1
444	Cold:0.012164,0.009782,0.037601,0.059877,0.547443,0.021770,0.034444,0.034540,-1
449	Whole:0.027287,0.022724,0.040085,0.065444,0.588626,0.026659,0.044787,0.070371,-1
449	Cold:0.012130,0.009917,0.036615,0.060709,0.548202,0.021902,0.034801,0.034950,-1
454	Whole:0.026908,0.022444,0.039304,0.064725,0.587264,0.026207,0.044124,0.068920,-1
454	Cold:0.011657,0.009782,0.035517,0.060167,0.547443,0.021293,0.034124,0.034000,-1
459	Whole:0.027287,0.022747,0.040154,0.066098,0.589080,0.026402,0.044691,0.069535,-1
459	Cold:0.012299,0.010002,0.037305,0.061941,0.548456,0.021803,0.034941,0.034617,-1
464	Whole:0.027060,0.022550,0.039962,0.065631,0.587907,0.026532,0.044651,0.069669,-1
464	Cold:0.012164,0.009833,0.037080,0.060716,0.547696,0.021652,0.034582,0.034623,-1
469	Whole:0.027439,0.022595,0.040325,0.065507,0.588399,0.026713,0.044809,0.070142,-1
469	Cold:0.012130,0.009900,0.037347,0.060892,0.548203,0.022234,0.035103,0.035287,-1
474	Whole:0.026878,0.022595,0.039407,0.065105,0.588210,0.026451,0.044556,0.070363,-1
474	Cold:0.012029,0.009900,0.036503,0.060482,0.548034,0.021864,0.034733,0.034984,-1
479	Whole:0.026681,0.022603,0.038974,0.065058,0.588171,0.026327,0.044341,0.069277,-1
479	Cold:0.011961,0.009934,0.035851,0.060455,0.548202,0.021825,0.034687,0.034830,-1
484	Whole:0.026999,0.022557,0.039409,0.065111,0.587869,0.026494,0.044498,0.069652,-1
484	Cold:0.012198,0.009850,0.036654,0.059965,0.547612,0.022082,0.034818,0.035297,-1
489	Whole:0.026969,0.022504,0.040002,0.065272,0.587718,0.026869,0.044791,0.069954,-1
489	Cold:0.012435,0.009917,0.037442,0.061230,0.548034,0.022532,0.035351,0.035437,-1
494	Whole:0.026681,0.022603,0.039479,0.065122,0.588058,0.026670,0.044610,0.069627,-1
494	Cold:0.011961,0.009765,0.036062,0.059884,0.547359,0.022212,0.034782,0.035061,-1
499	Whole:0.026817,0.022368,0.039043,0.064230,0.587604,0.026335,0.044146,0.069335,-1
499	Cold:0.011793,0.009782,0.035274,0.059619,0.547611,0.021526,0.034176,0.034260,-1
504	Whole:0.026529,0.022459,0.038892,0.064347,0.587490,0.026086,0.043926,0.068845,-1
504	Cold:0.011826,0.009883,0.035429,0.060422,0.547780,0.021334,0.034223,0.034009,-1
509	Whole:0.026741,0.022664,0.038976,0.065206,0.588739,0.026558,0.044606,0.070127,-1
509	Cold:0.011759,0.010002,0.035316,0.060852,0.548455,0.021717,0.034613,0.034373,-1
514	Whole:0.026863,0.022527,0.039849,0.064763,0.588057,0.026536,0.044466,0.069944,-1
514	Cold:0.012029,0.009782,0.036995,0.059830,0.547358,0.021687,0.034356,0.034384,-1
519	Whole:0.026787,0.022368,0.039115,0.063876,0.587112,0.026067,0.043814,0.068756,-1
519	Cold:0.011928,0.009664,0.035799,0.059205,0.546683,0.021336,0.033889,0.033854,-1
524	Whole:0.026529,0.022315,0.038403,0.064176,0.586923,0.026042,0.043803,0.068519,-1
524	Cold:0.011860,0.009799,0.035517,0.059965,0.547358,0.021290,0.033998,0.033654,-1
529	Whole:0.026378,0.022429,0.038149,0.063973,0.587603,0.026335,0.044140,0.070047,-1
529	Cold:0.011488,0.009731,0.034630,0.059084,0.547273,0.021597,0.034124,0.034399,-1
534	Whole:0.026287,0.022360,0.038425,0.063957,0.587186,0.025981,0.043741,0.068774,-1
534	Cold:0.011624,0.009698,0.034706,0.059171,0.546683,0.021370,0.033890,0.033827,-1
539	Whole:0.026469,0.022451,0.039093,0.064182,0.587338,0.026105,0.043896,0.068890,-1
539	Cold:0.011691,0.009731,0.035419,0.059861,0.547105,0.021420,0.034069,0.033866,-1
544	Whole:0.026544,0.022156,0.038608,0.063771,0.586923,0.026149,0.043858,0.069314,-1
544	Cold:0.011421,0.009850,0.034495,0.059901,0.547527,0.021425,0.034155,0.033989,-1
549	Whole:0.026378,0.022292,0.037880,0.064112,0.586809,0.026126,0.043903,0.069025,-1
549	Cold:0.011455,0.009698,0.033785,0.059384,0.546852,0.021307,0.033914,0.033961,-1
554	Whole:0.026362,0.022156,0.038386,0.063081,0.586544,0.026066,0.043579,0.068761,-1
554	Cold:0.011522,0.009596,0.034025,0.058900,0.546261,0.021463,0.033851,0.033900,-1
559	Whole:0.026453,0.022307,0.038549,0.063757,0.587037,0.026422,0.044088,0.069687,-1
559	Cold:0.011860,0.009630,0.035193,0.058646,0.546683,0.021768,0.034133,0.034580,-1
564	Whole:0.026590,0.022224,0.038435,0.063315,0.586506,0.025892,0.043535,0.068823,-1
564	Cold:0.011624,0.009512,0.034672,0.058473,0.546092,0.021149,0.033498,0.033573,-1
569	Whole:0.026514,0.022239,0.038373,0.063168,0.586544,0.025957,0.043552,0.068922,-1
569	Cold:0.011522,0.009529,0.034359,0.057657,0.546092,0.021150,0.033394,0.033721,-1
574	Whole:0.026287,0.022391,0.037963,0.063722,0.586998,0.026085,0.043790,0.068919,-1
574	Cold:0.011387,0.009647,0.033669,0.058656,0.546598,0.021500,0.033838,0.033887,-1
579	Whole:0.026272,0.022482,0.037813,0.064227,0.587338,0.026142,0.043976,0.069434,-1
579	Cold:0.011252,0.009698,0.033960,0.059233,0.546767,0.021245,0.033759,0.033567,-1
584	Whole:0.026362,0.022247,0.038065,0.063808,0.587452,0.025733,0.043526,0.068481,-1
584	Cold:0.011353,0.009731,0.033546,0.059599,0.547189,0.021130,0.033768,0.033626,-1
589	Whole:0.026393,0.022459,0.038185,0.064276,0.587603,0.025992,0.043849,0.068733,-1
589	Cold:0.011286,0.009850,0.033453,0.059839,0.547695,0.021382,0.034093,0.034181,-1
594	Whole:0.026332,0.022436,0.038483,0.064069,0.587678,0.025929,0.043791,0.068636,-1
594	Cold:0.011590,0.009799,0.034429,0.059290,0.547442,0.021328,0.033955,0.034053,-1
599	Whole:0.026272,0.022360,0.037529,0.064177,0.587640,0.025845,0.043699,0.068667,-1
599	Cold:0.011117,0.009934,0.033021,0.059909,0.547779,0.021233,0.033969,0.033768,-1
0.026408,0.022391,0.037796,0.063941,0.587527,0.025669,0.043477,0.068172,-1
