[INFO ] Training: ...research/ssh/yelp/train0.5_folder_1, Testing:: .../research/ssh/yelp/test0.5_folder_1.
[DEBUG] User amount: 16477, item amount: 13179
[DEBUG] Rate amount: 122555, scales: {1.0}
[DEBUG] User amount: 16477, item amount: 13179
[DEBUG] Rate amount: 117731, scales: {1.0}
[INFO ] RankMBPR: 30,5.0E-4,0.5,0.5,600,10,1600,100,1.0
[INFO ] 204	Whole:0.035554,0.030397,0.025325,0.042644,0.604432,0.021827,0.036542,0.086935,-1
[INFO ] 204	Cold:0.015833,0.013228,0.024288,0.040321,0.559610,0.015323,0.029045,0.045097,-1
[INFO ] 209	Whole:0.035852,0.030783,0.025895,0.043111,0.604867,0.021824,0.036657,0.086742,-1
[INFO ] 209	Cold:0.015999,0.013366,0.024909,0.040474,0.559976,0.015071,0.028849,0.044305,-1
[INFO ] 214	Whole:0.035977,0.031038,0.025756,0.043660,0.605612,0.022175,0.037184,0.087492,-1
[INFO ] 214	Cold:0.015962,0.013623,0.024612,0.041358,0.560663,0.015609,0.029605,0.045435,-1
[INFO ] 219	Whole:0.036325,0.031225,0.026037,0.044263,0.606916,0.022245,0.037462,0.087557,-1
[INFO ] 219	Cold:0.015943,0.013788,0.024877,0.041918,0.561808,0.015678,0.029839,0.045544,-1
[INFO ] 224	Whole:0.037221,0.031592,0.026777,0.045079,0.607696,0.022896,0.038385,0.090138,-1
[INFO ] 224	Cold:0.016622,0.014035,0.025602,0.042736,0.562863,0.016219,0.030725,0.047426,-1
[INFO ] 229	Whole:0.037918,0.032083,0.027341,0.045906,0.609030,0.023535,0.039244,0.092077,-1
[INFO ] 229	Cold:0.017026,0.014274,0.026302,0.043563,0.563688,0.016804,0.031530,0.048683,-1
[INFO ] 234	Whole:0.037980,0.032208,0.027398,0.045538,0.609061,0.023336,0.038952,0.091455,-1
[INFO ] 234	Cold:0.017081,0.014256,0.026129,0.043158,0.563779,0.016440,0.031102,0.047904,-1
[INFO ] 239	Whole:0.038365,0.032425,0.027875,0.045713,0.609278,0.023647,0.039387,0.092768,-1
[INFO ] 239	Cold:0.017576,0.014393,0.026820,0.043455,0.564101,0.016707,0.031562,0.049065,-1
[INFO ] 244	Whole:0.038676,0.032463,0.028324,0.046036,0.609651,0.023761,0.039597,0.092911,-1
[INFO ] 244	Cold:0.017668,0.014577,0.027268,0.043977,0.564513,0.016858,0.031833,0.049027,-1
[INFO ] 249	Whole:0.038863,0.032935,0.028108,0.046732,0.610953,0.023703,0.039778,0.093278,-1
[INFO ] 249	Cold:0.017393,0.014623,0.026890,0.044412,0.564971,0.016584,0.031689,0.048573,-1
[INFO ] 254	Whole:0.039174,0.033016,0.028515,0.047149,0.611048,0.023935,0.040167,0.094154,-1
[INFO ] 254	Cold:0.017686,0.014788,0.027310,0.045068,0.565521,0.016803,0.032122,0.049174,-1
[INFO ] 259	Whole:0.039162,0.033514,0.029010,0.047903,0.612043,0.024381,0.040848,0.095193,-1
[INFO ] 259	Cold:0.017833,0.014907,0.028086,0.045363,0.566209,0.017218,0.032707,0.050556,-1
[INFO ] 264	Whole:0.039584,0.033371,0.029141,0.047911,0.611577,0.024294,0.040640,0.094685,-1
[INFO ] 264	Cold:0.018292,0.014778,0.028475,0.045527,0.565614,0.017105,0.032524,0.049933,-1
[INFO ] 269	Whole:0.039398,0.033383,0.029072,0.047891,0.611825,0.024498,0.040863,0.094717,-1
[INFO ] 269	Cold:0.018439,0.014742,0.028475,0.045484,0.565477,0.017388,0.032735,0.050305,-1
[INFO ] 274	Whole:0.039435,0.033389,0.029222,0.048240,0.612538,0.024451,0.040998,0.095069,-1
[INFO ] 274	Cold:0.018182,0.014907,0.028395,0.046045,0.566301,0.017317,0.032928,0.050567,-1
[INFO ] 279	Whole:0.039522,0.033539,0.029431,0.048404,0.613036,0.024632,0.041247,0.095786,-1
[INFO ] 279	Cold:0.018329,0.014898,0.028679,0.046028,0.566668,0.017359,0.032983,0.050815,-1
[INFO ] 284	Whole:0.039224,0.033582,0.029264,0.048686,0.613563,0.024467,0.041168,0.094955,-1
[INFO ] 284	Cold:0.017980,0.015118,0.028266,0.046526,0.567309,0.017260,0.033013,0.050186,-1
[INFO ] 289	Whole:0.039535,0.033619,0.029466,0.048734,0.613748,0.024651,0.041369,0.095888,-1
[INFO ] 289	Cold:0.018200,0.015090,0.028416,0.046533,0.567400,0.017425,0.033239,0.051242,-1
[INFO ] 294	Whole:0.039547,0.033806,0.029393,0.049123,0.614463,0.024746,0.041552,0.096097,-1
[INFO ] 294	Cold:0.018237,0.015210,0.028404,0.047103,0.568225,0.017451,0.033399,0.051047,-1
[INFO ] 299	Whole:0.039236,0.033775,0.029405,0.049384,0.614090,0.024674,0.041555,0.095941,-1
[INFO ] 299	Cold:0.018347,0.015265,0.028575,0.047349,0.567950,0.017329,0.033327,0.050603,-1
[INFO ] 304	Whole:0.039410,0.033563,0.029679,0.048890,0.613253,0.024783,0.041475,0.096145,-1
[INFO ] 304	Cold:0.018274,0.015155,0.028841,0.046829,0.567858,0.017480,0.033348,0.051120,-1
[INFO ] 309	Whole:0.039659,0.033663,0.029991,0.049284,0.613781,0.024790,0.041643,0.095755,-1
[INFO ] 309	Cold:0.018640,0.015320,0.029271,0.047422,0.568500,0.017740,0.033779,0.051731,-1
[INFO ] 314	Whole:0.039510,0.033613,0.030009,0.049698,0.613844,0.024700,0.041702,0.095419,-1
[INFO ] 314	Cold:0.018494,0.015411,0.029199,0.047871,0.568729,0.017765,0.033906,0.051550,-1
[INFO ] 319	Whole:0.038739,0.033128,0.028817,0.048907,0.612571,0.024376,0.041139,0.094903,-1
[INFO ] 319	Cold:0.017998,0.015191,0.027948,0.047244,0.567859,0.017406,0.033401,0.051128,-1
[INFO ] 324	Whole:0.039012,0.033141,0.029381,0.048501,0.611919,0.024550,0.041165,0.094928,-1
[INFO ] 324	Cold:0.018219,0.015026,0.028620,0.046563,0.566806,0.017607,0.033408,0.051518,-1
[INFO ] 329	Whole:0.038788,0.033184,0.029258,0.048966,0.612323,0.024545,0.041233,0.094439,-1
[INFO ] 329	Cold:0.018090,0.015246,0.028340,0.047514,0.567997,0.017759,0.033757,0.051506,-1
[INFO ] 334	Whole:0.038440,0.033128,0.028937,0.048782,0.612601,0.024395,0.041003,0.093526,-1
[INFO ] 334	Cold:0.017852,0.015035,0.027990,0.047088,0.567355,0.017648,0.033487,0.051077,-1
[INFO ] 339	Whole:0.038440,0.033228,0.028951,0.049474,0.613068,0.024692,0.041448,0.094702,-1
[INFO ] 339	Cold:0.017925,0.015393,0.028099,0.048395,0.569050,0.017950,0.034167,0.052006,-1
[INFO ] 344	Whole:0.038328,0.032848,0.028905,0.048698,0.611671,0.024664,0.041265,0.094702,-1
[INFO ] 344	Cold:0.017815,0.015155,0.028018,0.047485,0.567676,0.018035,0.033932,0.051886,-1
[INFO ] 349	Whole:0.038141,0.032724,0.028824,0.048303,0.611546,0.024364,0.040897,0.093714,-1
[INFO ] 349	Cold:0.017815,0.015081,0.027977,0.047066,0.567447,0.017816,0.033678,0.051770,-1
[INFO ] 354	Whole:0.037893,0.032742,0.028453,0.048725,0.611607,0.024274,0.040895,0.093488,-1
[INFO ] 354	Cold:0.017613,0.015127,0.027644,0.047753,0.567813,0.017767,0.033749,0.051558,-1
[INFO ] 359	Whole:0.037768,0.032475,0.028495,0.048666,0.611733,0.024137,0.040789,0.093509,-1
[INFO ] 359	Cold:0.017503,0.015164,0.027626,0.047511,0.568225,0.017658,0.033643,0.051531,-1
[INFO ] 364	Whole:0.037544,0.032245,0.028236,0.048181,0.611205,0.023902,0.040452,0.092835,-1
[INFO ] 364	Cold:0.017576,0.015118,0.027360,0.047178,0.567721,0.017571,0.033490,0.051305,-1
[INFO ] 369	Whole:0.037582,0.032388,0.028426,0.048475,0.611453,0.024076,0.040655,0.093017,-1
[INFO ] 369	Cold:0.017797,0.015173,0.027819,0.047526,0.568179,0.017720,0.033727,0.051688,-1
[INFO ] 374	Whole:0.037333,0.032127,0.028140,0.048394,0.610243,0.023957,0.040477,0.092268,-1
[INFO ] 374	Cold:0.017521,0.015054,0.027498,0.047400,0.567126,0.017568,0.033450,0.050932,-1
[INFO ] 379	Whole:0.037134,0.031909,0.027967,0.047791,0.609623,0.023886,0.040269,0.092287,-1
[INFO ] 379	Cold:0.017301,0.014962,0.027222,0.046832,0.566851,0.017600,0.033374,0.051261,-1
[INFO ] 384	Whole:0.037109,0.031865,0.028148,0.047737,0.609747,0.023770,0.040129,0.092030,-1
[INFO ] 384	Cold:0.017576,0.014870,0.027615,0.046631,0.566805,0.017482,0.033191,0.050968,-1
[INFO ] 389	Whole:0.036773,0.031648,0.027750,0.047489,0.609529,0.023545,0.039852,0.091461,-1
[INFO ] 389	Cold:0.017338,0.014898,0.027216,0.046537,0.567079,0.017343,0.033029,0.050499,-1
[INFO ] 394	Whole:0.036325,0.031617,0.027370,0.046943,0.608938,0.023348,0.039477,0.090960,-1
[INFO ] 394	Cold:0.017173,0.014742,0.026945,0.045795,0.566255,0.017110,0.032614,0.049978,-1
[INFO ] 399	Whole:0.036151,0.031567,0.027196,0.047294,0.608939,0.023467,0.039668,0.091433,-1


[INFO ] Training: ...research/ssh/yelp/train0.5_folder_1, Testing:: .../research/ssh/yelp/test0.5_folder_1.
[DEBUG] User amount: 16477, item amount: 13179
[DEBUG] Rate amount: 122555, scales: {1.0}
[DEBUG] User amount: 16477, item amount: 13179
[DEBUG] Rate amount: 117731, scales: {1.0}
[INFO ] RankMBPR: 30,5.0E-4,0.55,0.55,80000,10,1600,100,1.0
[INFO ] 204	Whole:0.034870,0.029968,0.024745,0.042158,0.603473,0.021555,0.036268,0.087234,-1
[INFO ] 204	Cold:0.015301,0.013091,0.023415,0.039582,0.558739,0.015165,0.028753,0.045162,-1
[INFO ] 209	Whole:0.035405,0.030286,0.025430,0.042834,0.604281,0.021991,0.036881,0.088309,-1
[INFO ] 209	Cold:0.015870,0.013274,0.024260,0.040514,0.559840,0.015550,0.029395,0.046213,-1
[INFO ] 214	Whole:0.036176,0.030584,0.026027,0.043308,0.604872,0.022276,0.037192,0.088942,-1
[INFO ] 214	Cold:0.016017,0.013430,0.024698,0.041013,0.560390,0.015678,0.029645,0.046300,-1
[INFO ] 219	Whole:0.036462,0.030659,0.026189,0.043409,0.605090,0.022227,0.037241,0.089417,-1
[INFO ] 219	Cold:0.016384,0.013503,0.025055,0.041100,0.560618,0.015495,0.029545,0.045984,-1
[INFO ] 224	Whole:0.036922,0.031163,0.026439,0.044335,0.607075,0.022409,0.037730,0.089667,-1
[INFO ] 224	Cold:0.016494,0.013834,0.025314,0.042185,0.562267,0.015681,0.030025,0.046128,-1
[INFO ] 229	Whole:0.037171,0.031362,0.026674,0.044955,0.607853,0.022903,0.038407,0.091236,-1
[INFO ] 229	Cold:0.016659,0.014145,0.025449,0.043076,0.563596,0.016144,0.030773,0.047444,-1
[INFO ] 234	Whole:0.037669,0.031865,0.027420,0.045310,0.609094,0.023243,0.038939,0.092857,-1
[INFO ] 234	Cold:0.017099,0.014164,0.026301,0.043068,0.563504,0.016446,0.031163,0.048711,-1
[INFO ] 239	Whole:0.037582,0.031977,0.027427,0.045532,0.609403,0.023408,0.039145,0.093065,-1
[INFO ] 239	Cold:0.017081,0.014228,0.026478,0.043298,0.563643,0.016508,0.031271,0.048478,-1
[INFO ] 244	Whole:0.037781,0.032226,0.027670,0.046191,0.609994,0.023780,0.039661,0.093776,-1
[INFO ] 244	Cold:0.017173,0.014347,0.026753,0.043976,0.564238,0.016956,0.031850,0.049386,-1
[INFO ] 249	Whole:0.038303,0.032543,0.028053,0.046591,0.610987,0.023836,0.039900,0.094641,-1
[INFO ] 249	Cold:0.017264,0.014476,0.026974,0.044417,0.564926,0.016857,0.031928,0.049351,-1
[INFO ] 254	Whole:0.038651,0.032711,0.028744,0.046770,0.611700,0.023674,0.039822,0.094127,-1
[INFO ] 254	Cold:0.017650,0.014613,0.027777,0.044762,0.565750,0.016476,0.031689,0.048419,-1
[INFO ] 259	Whole:0.038925,0.032885,0.028486,0.047356,0.612011,0.024122,0.040471,0.095983,-1
[INFO ] 259	Cold:0.017503,0.014751,0.027257,0.045335,0.565659,0.016924,0.032252,0.049372,-1
[INFO ] 264	Whole:0.039087,0.033041,0.028777,0.047339,0.612725,0.024259,0.040617,0.096233,-1
[INFO ] 264	Cold:0.017778,0.014723,0.027822,0.045186,0.565888,0.017068,0.032376,0.049712,-1
[INFO ] 269	Whole:0.039547,0.033414,0.029025,0.047741,0.613470,0.024431,0.040909,0.096731,-1
[INFO ] 269	Cold:0.017797,0.014898,0.028056,0.045761,0.566300,0.017204,0.032674,0.049885,-1
[INFO ] 274	Whole:0.039597,0.033694,0.028907,0.048214,0.614245,0.024840,0.041422,0.098000,-1
[INFO ] 274	Cold:0.017686,0.014944,0.027735,0.045930,0.566621,0.017580,0.033083,0.050805,-1
[INFO ] 279	Whole:0.039846,0.033850,0.029197,0.048548,0.614804,0.024809,0.041523,0.097973,-1
[INFO ] 279	Cold:0.018035,0.014999,0.028111,0.046187,0.566759,0.017391,0.032997,0.050390,-1
[INFO ] 284	Whole:0.040119,0.034185,0.029495,0.049107,0.615673,0.025296,0.042177,0.099879,-1
[INFO ] 284	Cold:0.018200,0.015228,0.028454,0.046870,0.567675,0.018010,0.033789,0.051832,-1
[INFO ] 289	Whole:0.040580,0.034074,0.029905,0.048863,0.615022,0.025266,0.042018,0.099275,-1
[INFO ] 289	Cold:0.018384,0.015072,0.028748,0.046547,0.567171,0.017954,0.033630,0.051846,-1
[INFO ] 294	Whole:0.040281,0.034086,0.029837,0.048933,0.615084,0.025117,0.041934,0.099409,-1
[INFO ] 294	Cold:0.018127,0.015210,0.028755,0.046818,0.567629,0.017733,0.033553,0.051470,-1
[INFO ] 299	Whole:0.040406,0.034260,0.029665,0.049014,0.615734,0.025410,0.042306,0.100143,-1
[INFO ] 299	Cold:0.018274,0.015292,0.028633,0.047133,0.568088,0.018134,0.034048,0.052589,-1
[INFO ] 304	Whole:0.040493,0.034304,0.030107,0.049609,0.616046,0.025428,0.042383,0.099548,-1
[INFO ] 304	Cold:0.018512,0.015384,0.029464,0.048179,0.568912,0.018279,0.034336,0.052160,-1
[INFO ] 309	Whole:0.040704,0.034403,0.030510,0.049524,0.616448,0.025328,0.042416,0.099931,-1
[INFO ] 309	Cold:0.019026,0.015375,0.029914,0.047839,0.568639,0.018162,0.034329,0.053051,-1
[INFO ] 314	Whole:0.041065,0.034596,0.030459,0.049867,0.617130,0.025668,0.042828,0.100753,-1
[INFO ] 314	Cold:0.018879,0.015531,0.029674,0.048069,0.569096,0.018435,0.034598,0.053136,-1
[INFO ] 319	Whole:0.041040,0.034484,0.030143,0.049857,0.616977,0.025711,0.042884,0.100433,-1
[INFO ] 319	Cold:0.018806,0.015439,0.029242,0.047877,0.568959,0.018542,0.034628,0.053223,-1
[INFO ] 324	Whole:0.040617,0.034807,0.030021,0.050594,0.617411,0.025555,0.042816,0.099592,-1
[INFO ] 324	Cold:0.018659,0.015907,0.029220,0.049091,0.570424,0.018386,0.034803,0.052411,-1
[INFO ] 329	Whole:0.040455,0.034565,0.029975,0.050051,0.616511,0.025334,0.042469,0.099031,-1
[INFO ] 329	Cold:0.018640,0.015659,0.029177,0.048511,0.569279,0.018280,0.034501,0.052156,-1
[INFO ] 334	Whole:0.040381,0.034577,0.030103,0.050526,0.617350,0.025400,0.042720,0.099086,-1
[INFO ] 334	Cold:0.018769,0.015843,0.029453,0.049087,0.570744,0.018438,0.034890,0.052984,-1
[INFO ] 339	Whole:0.040530,0.034720,0.030060,0.050490,0.617413,0.025541,0.042832,0.099453,-1
[INFO ] 339	Cold:0.018916,0.015742,0.029546,0.048788,0.570470,0.018452,0.034827,0.052872,-1
[INFO ] 344	Whole:0.040580,0.034895,0.030118,0.050932,0.618127,0.025810,0.043220,0.100110,-1
[INFO ] 344	Cold:0.018879,0.015934,0.029559,0.049311,0.571248,0.018868,0.035358,0.053810,-1
[INFO ] 349	Whole:0.040207,0.034758,0.029476,0.050759,0.617970,0.025458,0.042863,0.099328,-1
[INFO ] 349	Cold:0.018604,0.015751,0.028870,0.048708,0.570607,0.018278,0.034647,0.052635,-1
[INFO ] 354	Whole:0.040306,0.034484,0.029912,0.050181,0.617194,0.025422,0.042720,0.099442,-1
[INFO ] 354	Cold:0.018732,0.015677,0.029239,0.048494,0.570332,0.018431,0.034751,0.053143,-1
[INFO ] 359	Whole:0.040194,0.034378,0.029575,0.050060,0.616636,0.025387,0.042615,0.099204,-1
[INFO ] 359	Cold:0.018751,0.015733,0.029115,0.048507,0.570333,0.018528,0.034859,0.053313,-1
[INFO ] 364	Whole:0.039771,0.034416,0.029016,0.049949,0.617008,0.025213,0.042482,0.099368,-1
[INFO ] 364	Cold:0.018274,0.015696,0.028197,0.048473,0.570744,0.018314,0.034676,0.053216,-1
[INFO ] 369	Whole:0.039672,0.034148,0.029270,0.049802,0.616543,0.025227,0.042434,0.098911,-1
[INFO ] 369	Cold:0.018475,0.015632,0.028801,0.048352,0.570058,0.018437,0.034708,0.053243,-1
[INFO ] 374	Whole:0.040207,0.034329,0.030050,0.050376,0.616977,0.025091,0.042424,0.097825,-1
[INFO ] 374	Cold:0.018714,0.015797,0.029356,0.048986,0.570653,0.018336,0.034748,0.052663,-1
[INFO ] 379	Whole:0.040095,0.034067,0.030147,0.050207,0.616916,0.025137,0.042452,0.098476,-1
[INFO ] 379	Cold:0.018806,0.015751,0.029657,0.048972,0.570745,0.018441,0.034855,0.052796,-1


[INFO ] Training: ...research/ssh/yelp/train0.5_folder_1, Testing:: .../research/ssh/yelp/test0.5_folder_1.
[DEBUG] User amount: 16477, item amount: 13179
[DEBUG] Rate amount: 122555, scales: {1.0}
[DEBUG] User amount: 16477, item amount: 13179
[DEBUG] Rate amount: 117731, scales: {1.0}
[INFO ] RankMBPR: 30,5.0E-4,0.58,0.58,80000,10,1600,100,1.0
[INFO ] 204	Whole:0.035094,0.029315,0.025569,0.041521,0.601426,0.021295,0.035818,0.086209,-1
[INFO ] 204	Cold:0.016072,0.012916,0.024582,0.039336,0.558145,0.015061,0.028625,0.045432,-1
[INFO ] 209	Whole:0.035454,0.029688,0.025694,0.042014,0.602915,0.021639,0.036216,0.086762,-1
[INFO ] 209	Cold:0.016200,0.013155,0.024900,0.040003,0.559656,0.015245,0.028968,0.045508,-1
[INFO ] 214	Whole:0.035753,0.030111,0.025821,0.042572,0.604312,0.021969,0.036788,0.087843,-1
[INFO ] 214	Cold:0.016421,0.013210,0.025051,0.040269,0.559841,0.015607,0.029386,0.046007,-1
[INFO ] 219	Whole:0.036126,0.030609,0.026086,0.043475,0.605398,0.022201,0.037241,0.088383,-1
[INFO ] 219	Cold:0.016512,0.013347,0.025110,0.041063,0.560482,0.015665,0.029618,0.046133,-1
[INFO ] 224	Whole:0.036437,0.030696,0.026126,0.043310,0.605428,0.022236,0.037248,0.088659,-1
[INFO ] 224	Cold:0.016402,0.013412,0.024846,0.040819,0.560481,0.015609,0.029584,0.046385,-1
[INFO ] 229	Whole:0.037059,0.031119,0.026467,0.044380,0.607292,0.022610,0.038014,0.090156,-1
[INFO ] 229	Cold:0.016898,0.013724,0.025382,0.042080,0.561856,0.016026,0.030332,0.047107,-1
[INFO ] 234	Whole:0.037221,0.031324,0.026835,0.044726,0.607883,0.022737,0.038211,0.090371,-1
[INFO ] 234	Cold:0.017246,0.013889,0.025965,0.042503,0.562864,0.016051,0.030510,0.047296,-1
[INFO ] 239	Whole:0.037569,0.031760,0.026900,0.045222,0.608813,0.023204,0.038814,0.091828,-1
[INFO ] 239	Cold:0.016953,0.014054,0.025711,0.042841,0.563230,0.016313,0.030918,0.048231,-1
[INFO ] 244	Whole:0.037980,0.031635,0.027938,0.045413,0.608937,0.023375,0.039097,0.092237,-1
[INFO ] 244	Cold:0.017631,0.014145,0.027164,0.043337,0.563552,0.016869,0.031593,0.049232,-1
[INFO ] 249	Whole:0.037768,0.031971,0.027794,0.045896,0.609094,0.023563,0.039390,0.092682,-1
[INFO ] 249	Cold:0.017686,0.014375,0.026976,0.043742,0.564331,0.016857,0.031747,0.049294,-1
[INFO ] 254	Whole:0.038477,0.032375,0.028214,0.046187,0.610520,0.023714,0.039737,0.093795,-1
[INFO ] 254	Cold:0.017741,0.014366,0.027109,0.043875,0.564606,0.016722,0.031736,0.049676,-1
[INFO ] 259	Whole:0.038801,0.032736,0.028443,0.046979,0.611236,0.024034,0.040238,0.094567,-1
[INFO ] 259	Cold:0.017998,0.014567,0.027565,0.044502,0.565110,0.016979,0.032095,0.049621,-1
[INFO ] 264	Whole:0.039485,0.032736,0.028887,0.047376,0.611393,0.024010,0.040350,0.094898,-1
[INFO ] 264	Cold:0.018274,0.014668,0.027814,0.045046,0.565934,0.016790,0.032174,0.049964,-1
[INFO ] 269	Whole:0.039087,0.033078,0.028831,0.047127,0.611856,0.024136,0.040434,0.095440,-1
[INFO ] 269	Cold:0.018219,0.014558,0.027905,0.044508,0.565110,0.016813,0.032001,0.049686,-1
[INFO ] 274	Whole:0.039659,0.033234,0.029376,0.047822,0.612292,0.024547,0.040998,0.096296,-1
[INFO ] 274	Cold:0.018457,0.014714,0.028365,0.045326,0.566118,0.017275,0.032617,0.050425,-1
[INFO ] 279	Whole:0.040070,0.033445,0.029682,0.048457,0.613691,0.024896,0.041636,0.097853,-1
[INFO ] 279	Cold:0.018365,0.014989,0.028401,0.046069,0.567217,0.017591,0.033178,0.051266,-1
[INFO ] 284	Whole:0.040306,0.033570,0.029613,0.048891,0.613597,0.024773,0.041534,0.097062,-1
[INFO ] 284	Cold:0.018640,0.015100,0.028507,0.046671,0.567538,0.017497,0.033247,0.051206,-1
[INFO ] 289	Whole:0.040717,0.033688,0.030241,0.049138,0.614157,0.024908,0.041752,0.097982,-1
[INFO ] 289	Cold:0.018806,0.015054,0.029171,0.046704,0.567171,0.017520,0.033224,0.051053,-1
[INFO ] 294	Whole:0.040953,0.033893,0.030368,0.049392,0.614498,0.025026,0.041974,0.098440,-1
[INFO ] 294	Cold:0.018952,0.015356,0.029193,0.047335,0.568500,0.017583,0.033572,0.051518,-1
[INFO ] 299	Whole:0.040318,0.033812,0.030181,0.049339,0.614591,0.024975,0.041998,0.098731,-1
[INFO ] 299	Cold:0.018824,0.015219,0.029146,0.047198,0.567859,0.017591,0.033545,0.051879,-1
[INFO ] 304	Whole:0.040455,0.033750,0.030388,0.049049,0.613908,0.025159,0.042034,0.098918,-1
[INFO ] 304	Cold:0.018604,0.015311,0.028946,0.047271,0.568042,0.017749,0.033648,0.051609,-1
[INFO ] 309	Whole:0.040816,0.033924,0.030585,0.049113,0.614684,0.025401,0.042462,0.100325,-1
[INFO ] 309	Cold:0.018989,0.015237,0.029210,0.046722,0.567493,0.017977,0.033836,0.052836,-1
[INFO ] 314	Whole:0.040704,0.034167,0.030219,0.049846,0.615366,0.025559,0.042737,0.100139,-1
[INFO ] 314	Cold:0.018769,0.015430,0.028871,0.047884,0.568638,0.018146,0.034296,0.053224,-1
[INFO ] 319	Whole:0.040704,0.034552,0.030339,0.050270,0.616575,0.025763,0.043097,0.101381,-1
[INFO ] 319	Cold:0.018567,0.015540,0.029046,0.048078,0.569325,0.018251,0.034514,0.053785,-1
[INFO ] 324	Whole:0.041015,0.034528,0.030784,0.050284,0.616453,0.025628,0.042998,0.100520,-1
[INFO ] 324	Cold:0.019099,0.015677,0.029447,0.048341,0.569600,0.018195,0.034574,0.053597,-1
[INFO ] 329	Whole:0.040978,0.034671,0.030556,0.050957,0.617041,0.025553,0.043087,0.099940,-1
[INFO ] 329	Cold:0.018897,0.015788,0.029236,0.049062,0.569737,0.018196,0.034703,0.053384,-1
[INFO ] 334	Whole:0.040667,0.034677,0.030288,0.050542,0.616606,0.025507,0.042882,0.099764,-1
[INFO ] 334	Cold:0.018604,0.015650,0.028895,0.048511,0.569325,0.018019,0.034367,0.052895,-1
[INFO ] 339	Whole:0.040853,0.034739,0.030664,0.051060,0.617443,0.025767,0.043301,0.100660,-1
[INFO ] 339	Cold:0.018861,0.015898,0.029310,0.049384,0.570378,0.018322,0.034919,0.053637,-1
[INFO ] 344	Whole:0.040978,0.034608,0.030671,0.050520,0.617319,0.025789,0.043254,0.101403,-1
[INFO ] 344	Cold:0.018879,0.015815,0.029383,0.048780,0.570012,0.018388,0.034866,0.053926,-1
[INFO ] 349	Whole:0.041239,0.034615,0.030463,0.050565,0.616731,0.025813,0.043226,0.100794,-1
[INFO ] 349	Cold:0.018751,0.015705,0.028974,0.048560,0.569646,0.018485,0.034849,0.053966,-1
[INFO ] 354	Whole:0.040642,0.034640,0.030193,0.050576,0.617164,0.025655,0.043056,0.099915,-1
[INFO ] 354	Cold:0.018567,0.015677,0.028904,0.048826,0.569966,0.018414,0.034814,0.053719,-1
[INFO ] 359	Whole:0.040667,0.034453,0.030347,0.050377,0.616389,0.025656,0.042977,0.100068,-1
[INFO ] 359	Cold:0.018989,0.015705,0.029397,0.048873,0.569417,0.018637,0.035071,0.054281,-1
[INFO ] 364	Whole:0.040605,0.034472,0.030097,0.050586,0.616823,0.025488,0.042903,0.099662,-1
[INFO ] 364	Cold:0.018934,0.015778,0.029068,0.049048,0.570104,0.018370,0.034931,0.053880,-1
[INFO ] 369	Whole:0.040642,0.034565,0.030603,0.050707,0.617722,0.025586,0.043038,0.099658,-1
[INFO ] 369	Cold:0.019136,0.015861,0.029676,0.049071,0.570608,0.018527,0.035043,0.053698,-1
[INFO ] 374	Whole:0.040779,0.034552,0.030458,0.050636,0.617537,0.025619,0.043044,0.099585,-1
[INFO ] 374	Cold:0.019099,0.015833,0.029599,0.048949,0.570379,0.018482,0.035022,0.053975,-1
[INFO ] 379	Whole:0.040356,0.034683,0.029969,0.050972,0.617816,0.025345,0.042895,0.099317,-1
[INFO ] 379	Cold:0.018677,0.015980,0.028809,0.049341,0.570790,0.018068,0.034728,0.053117,-1
[INFO ] 384	Whole:0.040294,0.034608,0.030082,0.051320,0.618251,0.025642,0.043288,0.099746,-1
[INFO ] 384	Cold:0.018916,0.016145,0.029397,0.050219,0.571890,0.018683,0.035545,0.054312,-1
[INFO ] 389	Whole:0.040518,0.034571,0.030541,0.050740,0.617567,0.025539,0.042976,0.098935,-1
[INFO ] 389	Cold:0.019246,0.015916,0.029770,0.049250,0.570516,0.018529,0.035118,0.053815,-1
[INFO ] 394	Whole:0.040132,0.034403,0.030023,0.050849,0.617413,0.025392,0.042918,0.098749,-1
[INFO ] 394	Cold:0.018934,0.016090,0.029341,0.049787,0.571295,0.018606,0.035367,0.054008,-1
[INFO ] 399	Whole:0.039808,0.034185,0.029850,0.050771,0.617352,0.025041,0.042541,0.097999,-1
[INFO ] 399	Cold:0.018897,0.016026,0.029202,0.049853,0.571432,0.018222,0.035009,0.053314,-1

