Training: ...ranking/data/yelp/train0.2_folder_1, Testing:: .../ranking/data/yelp/test0.2_folder_1.
RankMBPR: 30,5.0E-4,0.42,0.42,600,10,1600,100,1.0
154	Whole:0.020693,0.016895,0.029098,0.047216,0.567882,0.019014,0.032605,0.054232,-1
154	Cold:0.007772,0.006572,0.023864,0.040929,0.531825,0.013996,0.022652,0.021817,-1
159	Whole:0.020981,0.017433,0.028943,0.048445,0.569472,0.019622,0.033573,0.056086,-1
159	Cold:0.007772,0.006657,0.023900,0.041033,0.531910,0.014594,0.023245,0.022840,-1
164	Whole:0.021511,0.017926,0.029898,0.049852,0.571516,0.020254,0.034553,0.057052,-1
164	Cold:0.008042,0.006859,0.024697,0.042312,0.532754,0.014981,0.023850,0.023156,-1
169	Whole:0.021845,0.018078,0.030588,0.051206,0.572348,0.020623,0.035215,0.057833,-1
169	Cold:0.008312,0.007180,0.025717,0.044407,0.534357,0.015676,0.025007,0.024407,-1
174	Whole:0.022103,0.018563,0.031126,0.051772,0.573597,0.021088,0.035861,0.058928,-1
174	Cold:0.008278,0.007231,0.025266,0.044483,0.534442,0.015706,0.025012,0.024269,-1
179	Whole:0.022497,0.018737,0.031251,0.052898,0.574884,0.021614,0.036673,0.060324,-1
179	Cold:0.008380,0.007569,0.024951,0.046438,0.536214,0.016393,0.026081,0.025236,-1
184	Whole:0.022770,0.019018,0.031624,0.053513,0.575603,0.021505,0.036770,0.060071,-1
184	Cold:0.008380,0.007569,0.025083,0.046500,0.536045,0.016211,0.026032,0.025437,-1
189	Whole:0.022936,0.019533,0.031924,0.055710,0.577573,0.022408,0.038152,0.061452,-1
189	Cold:0.008211,0.007991,0.024844,0.049233,0.538239,0.017055,0.027332,0.026252,-1
194	Whole:0.023240,0.019791,0.032118,0.056248,0.577913,0.022718,0.038606,0.062716,-1
194	Cold:0.008447,0.007957,0.025215,0.048848,0.537817,0.017054,0.027317,0.026678,-1
199	Whole:0.023831,0.019995,0.033209,0.056344,0.578557,0.022738,0.038722,0.062582,-1
199	Cold:0.008920,0.007907,0.027032,0.048609,0.538071,0.016630,0.026948,0.026219,-1
204	Whole:0.024058,0.020276,0.033704,0.057273,0.579957,0.022900,0.039163,0.063036,-1
204	Cold:0.009089,0.008008,0.027327,0.049147,0.538493,0.016898,0.027336,0.026735,-1
209	Whole:0.024286,0.020602,0.033893,0.057920,0.580411,0.023932,0.040231,0.064910,-1
209	Cold:0.008785,0.008194,0.026891,0.050270,0.539337,0.017903,0.028412,0.027814,-1
214	Whole:0.024786,0.020829,0.034651,0.057943,0.581245,0.024169,0.040605,0.065949,-1
214	Cold:0.009123,0.008295,0.027806,0.050061,0.539506,0.017939,0.028498,0.027925,-1
219	Whole:0.024968,0.021102,0.034912,0.059040,0.581888,0.024844,0.041408,0.066964,-1
219	Cold:0.009056,0.008380,0.027800,0.051136,0.539928,0.018066,0.028774,0.027840,-1
224	Whole:0.025468,0.021504,0.036291,0.060175,0.583439,0.025110,0.042002,0.067712,-1
224	Cold:0.009596,0.008633,0.029711,0.052260,0.541109,0.018322,0.029286,0.028086,-1
229	Whole:0.025589,0.021587,0.035798,0.060530,0.583704,0.025115,0.042164,0.068116,-1
229	Cold:0.009664,0.008599,0.029326,0.052717,0.540857,0.018316,0.029387,0.028221,-1
234	Whole:0.026226,0.021769,0.037402,0.061067,0.584046,0.025989,0.043064,0.069580,-1
234	Cold:0.010069,0.008904,0.030135,0.054155,0.542545,0.019170,0.030599,0.029986,-1
239	Whole:0.026469,0.022050,0.037329,0.062271,0.585598,0.025979,0.043527,0.070365,-1
239	Cold:0.010272,0.008836,0.030891,0.053752,0.542377,0.019165,0.030541,0.030151,-1
244	Whole:0.026575,0.022080,0.037369,0.062394,0.585750,0.026226,0.043746,0.070471,-1
244	Cold:0.010171,0.008920,0.030686,0.054451,0.542630,0.019534,0.030945,0.030257,-1
249	Whole:0.027181,0.022186,0.038574,0.062527,0.586280,0.026417,0.043961,0.070830,-1
249	Cold:0.010779,0.009072,0.032865,0.055583,0.543390,0.020311,0.031885,0.031382,-1
254	Whole:0.027348,0.022201,0.038938,0.063202,0.586243,0.026828,0.044394,0.071249,-1
254	Cold:0.011049,0.009123,0.033518,0.055653,0.543474,0.020335,0.031923,0.031307,-1
259	Whole:0.027484,0.022429,0.039330,0.063749,0.587340,0.026965,0.044763,0.071738,-1
259	Cold:0.011049,0.009225,0.034123,0.056360,0.544150,0.020584,0.032362,0.031851,-1
264	Whole:0.027712,0.022686,0.039844,0.064570,0.588325,0.027450,0.045403,0.072812,-1
264	Cold:0.011387,0.009360,0.035010,0.057447,0.544910,0.021308,0.033270,0.032976,-1
269	Whole:0.027727,0.022952,0.040105,0.065812,0.589233,0.027611,0.045828,0.072587,-1
269	Cold:0.011184,0.009546,0.034798,0.058697,0.546007,0.021465,0.033656,0.033027,-1
274	Whole:0.027727,0.022914,0.040488,0.065629,0.589196,0.027594,0.045752,0.072283,-1
274	Cold:0.011657,0.009546,0.036013,0.058936,0.545670,0.021698,0.033863,0.033089,-1
279	Whole:0.027863,0.022967,0.040071,0.065845,0.589120,0.027742,0.045949,0.073115,-1
279	Cold:0.011691,0.009562,0.035844,0.058701,0.545839,0.021886,0.034064,0.033749,-1
284	Whole:0.027333,0.022914,0.040332,0.065815,0.588818,0.027982,0.046063,0.072420,-1
284	Cold:0.011590,0.009647,0.036403,0.059550,0.546345,0.022320,0.034643,0.034486,-1
289	Whole:0.027818,0.023050,0.040548,0.066249,0.589347,0.027882,0.046135,0.072813,-1
289	Cold:0.011657,0.009883,0.036427,0.060692,0.547526,0.022476,0.035019,0.034460,-1
294	Whole:0.027560,0.022997,0.040645,0.066469,0.589500,0.027947,0.046304,0.073091,-1
294	Cold:0.012029,0.009883,0.037680,0.060841,0.547443,0.022372,0.035030,0.034351,-1
299	Whole:0.027954,0.023141,0.041587,0.066570,0.590066,0.027984,0.046374,0.073105,-1
299	Cold:0.012367,0.009934,0.038606,0.061326,0.547865,0.022597,0.035376,0.034894,-1
304	Whole:0.028318,0.023058,0.041428,0.067214,0.589803,0.028394,0.046805,0.073572,-1
304	Cold:0.012299,0.010069,0.038061,0.062550,0.548287,0.023163,0.036055,0.035496,-1
309	Whole:0.027969,0.023073,0.041460,0.067106,0.589651,0.028319,0.046734,0.073125,-1
309	Cold:0.012333,0.010086,0.038464,0.063066,0.548540,0.023102,0.036141,0.035497,-1
314	Whole:0.027651,0.022792,0.041050,0.065615,0.589045,0.028278,0.046337,0.072953,-1
314	Cold:0.012232,0.009934,0.038168,0.060917,0.547781,0.023347,0.035888,0.035792,-1
319	Whole:0.027969,0.022792,0.041672,0.065878,0.589235,0.027994,0.046174,0.072659,-1
319	Cold:0.012266,0.009951,0.038868,0.061151,0.547950,0.022788,0.035541,0.035287,-1
324	Whole:0.027681,0.022868,0.041239,0.065708,0.589499,0.027951,0.046134,0.072831,-1
324	Cold:0.012266,0.010086,0.038323,0.062086,0.548625,0.023042,0.035983,0.035700,-1
329	Whole:0.027833,0.022770,0.040854,0.065838,0.588932,0.027689,0.045897,0.072506,-1
329	Cold:0.012266,0.010188,0.038065,0.062249,0.549046,0.022645,0.035723,0.035231,-1
334	Whole:0.027803,0.022914,0.041408,0.066246,0.589575,0.027827,0.046162,0.072688,-1
334	Cold:0.012502,0.010204,0.038291,0.062474,0.549216,0.022685,0.035819,0.035315,-1
339	Whole:0.027408,0.022959,0.040909,0.066745,0.589387,0.028060,0.046474,0.073160,-1
339	Cold:0.012266,0.010289,0.038116,0.062818,0.549553,0.023108,0.036319,0.036290,-1
344	Whole:0.027787,0.022679,0.041298,0.066353,0.589121,0.027604,0.045925,0.072226,-1
344	Cold:0.012739,0.010154,0.039465,0.062235,0.548709,0.022819,0.035922,0.035875,-1
349	Whole:0.027469,0.022952,0.040102,0.067465,0.589916,0.028016,0.046619,0.073155,-1
349	Cold:0.012536,0.010407,0.037992,0.063809,0.549975,0.023397,0.036790,0.036861,-1
354	Whole:0.027318,0.022838,0.040258,0.066629,0.589085,0.027660,0.046059,0.072164,-1
354	Cold:0.012603,0.010356,0.038423,0.063156,0.549722,0.022667,0.036097,0.035826,-1
359	Whole:0.027909,0.022717,0.041674,0.066568,0.588895,0.027700,0.046085,0.072559,-1
359	Cold:0.013178,0.010289,0.040720,0.063170,0.549301,0.023319,0.036619,0.036708,-1
364	Whole:0.027408,0.022808,0.040640,0.066958,0.589424,0.027430,0.045892,0.071618,-1
364	Cold:0.012739,0.010356,0.038885,0.064009,0.549891,0.023279,0.036732,0.036656,-1
369	Whole:0.027545,0.022800,0.040410,0.067299,0.589538,0.027541,0.046086,0.072430,-1
369	Cold:0.012603,0.010458,0.038513,0.064685,0.550566,0.023252,0.036867,0.036618,-1
374	Whole:0.027469,0.022679,0.040432,0.066344,0.588932,0.027549,0.045835,0.071810,-1
374	Cold:0.012502,0.010204,0.038362,0.062790,0.549301,0.023138,0.036383,0.036672,-1
379	Whole:0.027227,0.022876,0.040223,0.067599,0.589878,0.027675,0.046184,0.071895,-1
379	Cold:0.012333,0.010475,0.038005,0.064347,0.550228,0.023302,0.036831,0.036559,-1
384	Whole:0.027318,0.022520,0.040588,0.066570,0.588782,0.027513,0.045817,0.071974,-1
384	Cold:0.012739,0.010356,0.038818,0.063872,0.549891,0.023175,0.036630,0.036424,-1
389	Whole:0.026969,0.022512,0.039904,0.066529,0.588706,0.027669,0.045917,0.072334,-1
389	Cold:0.012435,0.010407,0.038376,0.063634,0.549891,0.023590,0.036905,0.036727,-1
394	Whole:0.027333,0.022466,0.040331,0.066551,0.588516,0.027326,0.045643,0.071461,-1
394	Cold:0.012705,0.010289,0.038789,0.063412,0.549469,0.022944,0.036316,0.035990,-1
399	Whole:0.026954,0.022497,0.040168,0.067004,0.588743,0.027369,0.045754,0.071403,-1
399	Cold:0.012401,0.010441,0.037912,0.064423,0.549975,0.022775,0.036413,0.035911,-1
404	Whole:0.027227,0.022376,0.040443,0.066197,0.588326,0.027509,0.045704,0.072090,-1
404	Cold:0.012671,0.010238,0.038883,0.063281,0.548963,0.023425,0.036693,0.036866,-1
409	Whole:0.027075,0.022436,0.040250,0.065898,0.588024,0.027378,0.045499,0.071355,-1
409	Cold:0.012570,0.010356,0.038232,0.063699,0.549891,0.023540,0.036902,0.037077,-1
414	Whole:0.027333,0.022353,0.040787,0.065801,0.588440,0.027262,0.045448,0.071804,-1
414	Cold:0.012739,0.010272,0.039038,0.063178,0.549301,0.023407,0.036674,0.036892,-1
419	Whole:0.027105,0.022474,0.040549,0.066212,0.588553,0.027301,0.045551,0.071665,-1
419	Cold:0.012840,0.010171,0.039306,0.062764,0.548963,0.023541,0.036669,0.037099,-1
424	Whole:0.026438,0.022338,0.039215,0.065071,0.587909,0.026861,0.044891,0.071047,-1
424	Cold:0.012401,0.010120,0.038199,0.061413,0.548540,0.022974,0.035888,0.036066,-1
429	Whole:0.026817,0.022209,0.039814,0.065206,0.587456,0.026893,0.044870,0.070421,-1
429	Cold:0.012570,0.010052,0.038630,0.061770,0.548288,0.023095,0.036082,0.036526,-1
434	Whole:0.026923,0.022171,0.040419,0.065108,0.587682,0.026684,0.044688,0.070292,-1
434	Cold:0.012739,0.010019,0.039527,0.061680,0.547866,0.022847,0.035794,0.035846,-1
439	Whole:0.026544,0.022095,0.039443,0.065059,0.587115,0.027214,0.045122,0.071427,-1
439	Cold:0.012536,0.010103,0.038336,0.061849,0.548119,0.023446,0.036409,0.037024,-1
444	Whole:0.026999,0.022171,0.040034,0.064819,0.586775,0.027127,0.044998,0.071352,-1
444	Cold:0.012603,0.010154,0.038635,0.062151,0.548541,0.023525,0.036513,0.037027,-1
449	Whole:0.026832,0.022004,0.039978,0.064473,0.586813,0.026924,0.044763,0.071133,-1
449	Cold:0.012637,0.010188,0.038917,0.062366,0.548879,0.023555,0.036635,0.037198,-1
454	Whole:0.026848,0.022110,0.039845,0.065139,0.587342,0.027155,0.045061,0.071032,-1
454	Cold:0.012705,0.010103,0.039100,0.061990,0.548372,0.023676,0.036607,0.037254,-1
459	Whole:0.026635,0.022171,0.039953,0.064452,0.586925,0.026941,0.044745,0.070507,-1
459	Cold:0.012468,0.010019,0.038039,0.061014,0.548119,0.023514,0.036259,0.037141,-1
464	Whole:0.026605,0.022095,0.039634,0.064875,0.587003,0.027024,0.044932,0.070836,-1
464	Cold:0.012063,0.010120,0.037109,0.061515,0.548710,0.023596,0.036495,0.037445,-1
469	Whole:0.026590,0.022012,0.039914,0.064741,0.586548,0.027064,0.044912,0.070911,-1
469	Cold:0.012806,0.010002,0.038940,0.061594,0.547951,0.023665,0.036507,0.037371,-1
474	Whole:0.026514,0.021936,0.039558,0.064005,0.586585,0.026737,0.044457,0.070376,-1
474	Cold:0.012367,0.009934,0.038207,0.060578,0.547613,0.023185,0.035856,0.036492,-1
479	Whole:0.026741,0.022095,0.039809,0.064801,0.586737,0.026951,0.044832,0.070808,-1
479	Cold:0.012570,0.010120,0.038776,0.061843,0.548626,0.023342,0.036322,0.036813,-1
484	Whole:0.026423,0.022307,0.039028,0.065336,0.587720,0.027015,0.045037,0.070889,-1
484	Cold:0.012029,0.010272,0.037039,0.063092,0.549300,0.023734,0.036886,0.037341,-1
489	Whole:0.026393,0.022072,0.039128,0.065224,0.587190,0.026933,0.044882,0.070833,-1
489	Cold:0.012232,0.010069,0.037382,0.061881,0.548456,0.023116,0.036121,0.036785,-1
494	Whole:0.026347,0.021928,0.038717,0.063935,0.586056,0.026765,0.044446,0.070749,-1
494	Cold:0.012164,0.009934,0.037228,0.060807,0.547697,0.022747,0.035585,0.036121,-1
499	Whole:0.026438,0.022072,0.038812,0.064435,0.586358,0.027159,0.044841,0.071150,-1
499	Cold:0.011995,0.010069,0.036566,0.061569,0.548203,0.023460,0.036267,0.036955,-1
504	Whole:0.026408,0.022133,0.039223,0.064897,0.587153,0.026712,0.044622,0.070270,-1
504	Cold:0.011894,0.010221,0.036847,0.062519,0.549131,0.023144,0.036271,0.036490,-1
509	Whole:0.026332,0.021921,0.038800,0.064614,0.586359,0.026708,0.044568,0.070596,-1
509	Cold:0.011928,0.010137,0.036687,0.062017,0.548540,0.023255,0.036256,0.036811,-1
514	Whole:0.026272,0.021951,0.039061,0.064343,0.586359,0.026789,0.044506,0.070269,-1
514	Cold:0.011961,0.009917,0.036974,0.061079,0.547697,0.023330,0.036032,0.036711,-1
519	Whole:0.026241,0.021906,0.038464,0.063871,0.586017,0.026369,0.044061,0.069764,-1
519	Cold:0.011995,0.009985,0.036327,0.061149,0.547697,0.022957,0.035783,0.036365,-1
524	Whole:0.026529,0.022072,0.039009,0.064246,0.586471,0.026616,0.044406,0.070237,-1
524	Cold:0.011995,0.010052,0.036327,0.061660,0.548203,0.022981,0.035928,0.036412,-1
529	Whole:0.026590,0.021951,0.039284,0.064336,0.586320,0.026839,0.044586,0.070469,-1
529	Cold:0.012367,0.010069,0.037439,0.062167,0.548119,0.023390,0.036379,0.037082,-1
534	Whole:0.026332,0.022171,0.038642,0.064487,0.586812,0.026677,0.044570,0.070928,-1
534	Cold:0.011894,0.010035,0.036115,0.061149,0.548203,0.022841,0.035723,0.036297,-1
539	Whole:0.026575,0.022027,0.038679,0.064375,0.586850,0.026736,0.044525,0.070479,-1
539	Cold:0.011961,0.010120,0.035848,0.061417,0.548625,0.023136,0.036091,0.036934,-1
544	Whole:0.026287,0.022072,0.038343,0.064402,0.586849,0.026629,0.044427,0.070621,-1
544	Cold:0.012063,0.010086,0.036158,0.061755,0.548456,0.023134,0.036084,0.036668,-1
549	Whole:0.026181,0.021890,0.038021,0.063823,0.586320,0.026959,0.044575,0.071053,-1
549	Cold:0.011725,0.010019,0.035341,0.061139,0.548372,0.023482,0.036279,0.037378,-1
554	Whole:0.026181,0.021860,0.038335,0.063859,0.585640,0.026453,0.044086,0.069956,-1
554	Cold:0.011860,0.009900,0.035735,0.060647,0.547781,0.022731,0.035484,0.036098,-1
559	Whole:0.026135,0.021807,0.038066,0.063704,0.585375,0.026480,0.044071,0.070049,-1
559	Cold:0.011793,0.009934,0.035369,0.060604,0.547612,0.022623,0.035384,0.035954,-1
564	Whole:0.025953,0.021928,0.037992,0.063721,0.585865,0.026737,0.044308,0.070412,-1
564	Cold:0.011488,0.009968,0.035031,0.061280,0.547865,0.023129,0.035901,0.036446,-1
569	Whole:0.026226,0.021852,0.038329,0.063459,0.585601,0.026596,0.044143,0.070309,-1
569	Cold:0.011657,0.009782,0.034688,0.060562,0.547022,0.022974,0.035597,0.036426,-1
574	Whole:0.026226,0.021701,0.038050,0.062905,0.585260,0.026270,0.043706,0.069853,-1
574	Cold:0.011995,0.009883,0.035434,0.060305,0.547612,0.022871,0.035546,0.036602,-1
579	Whole:0.026196,0.021746,0.038445,0.063911,0.585412,0.026430,0.044092,0.070160,-1
579	Cold:0.011826,0.009968,0.035468,0.061548,0.547781,0.022917,0.035771,0.036059,-1
584	Whole:0.026074,0.021966,0.038050,0.063898,0.585904,0.026481,0.044190,0.070217,-1
584	Cold:0.011894,0.009883,0.035313,0.060113,0.547528,0.022881,0.035558,0.036632,-1
589	Whole:0.026074,0.021671,0.038048,0.063313,0.585336,0.026357,0.043864,0.069655,-1
589	Cold:0.011928,0.009850,0.035707,0.060295,0.547191,0.023057,0.035660,0.036506,-1
594	Whole:0.025938,0.021807,0.038002,0.063333,0.585639,0.026385,0.043941,0.070062,-1
594	Cold:0.011860,0.009917,0.036138,0.060234,0.547696,0.023083,0.035727,0.036775,-1
599	Whole:0.026135,0.021784,0.038194,0.063349,0.585488,0.026592,0.044166,0.070710,-1
599	Cold:0.011961,0.009917,0.035842,0.059737,0.547527,0.022952,0.035523,0.036655,-1
0.026362,0.021875,0.038570,0.063096,0.585903,0.026526,0.044060,0.070434,-1
